"TOA5","Cntrl15","CR1000","33595","CR1000.Std.19","CPU:Cntrlsensors.CR1","52581","Table1"
"TIMESTAMP","RECORD","VW_Avg(1)","VW_Avg(2)","VW_Avg(3)","SoilTemp_Avg(1)","SoilTemp_Avg(2)","SoilTemp_Avg(3)","SoilTemp_Avg(4)","SoilTemp_Avg(5)","BattV_Min","PTemp"
"TS","RN","","","","Deg C","Deg C","Deg C","Deg C","Deg C","Volts",""
"","","Avg","Avg","Avg","Avg","Avg","Avg","Avg","Avg","Min","Smp"
"2013-07-31 06:15:00",88886,0.132,0.139,0.158,12.69,12.41,12.76,12.96,13.12,13.38,12.09
"2013-07-31 06:30:00",88887,0.132,0.139,0.158,12.68,12.4,12.75,12.96,13.11,13.38,12.12
"2013-07-31 06:45:00",88888,0.132,0.139,0.158,12.68,12.39,12.75,12.95,13.12,13.38,12.16
"2013-07-31 07:00:00",88889,0.132,0.139,0.158,12.67,12.39,12.74,12.95,13.11,13.37,12.16
"2013-07-31 07:15:00",88890,0.132,0.139,0.158,12.66,12.38,12.73,12.94,13.1,13.37,12.21
"2013-07-31 07:30:00",88891,0.132,0.139,0.158,12.66,12.38,12.73,12.93,13.1,13.37,12.28
"2013-07-31 07:45:00",88892,0.132,0.139,0.158,12.66,12.39,12.72,12.92,13.1,13.37,12.39
"2013-07-31 08:00:00",88893,0.132,0.139,0.158,12.68,12.4,12.71,12.92,13.1,13.38,12.53
"2013-07-31 08:15:00",88894,0.132,0.139,0.158,12.7,12.42,12.71,12.91,13.09,13.37,12.72
"2013-07-31 08:30:00",88895,0.132,0.139,0.158,12.73,12.45,12.7,12.9,13.09,13.37,12.93
"2013-07-31 08:45:00",88896,0.132,0.139,0.158,12.78,12.49,12.71,12.9,13.09,13.37,13.49
"2013-07-31 09:00:00",88897,0.132,0.139,0.158,12.85,12.57,12.71,12.89,13.08,13.37,14.06
"2013-07-31 09:15:00",88898,0.132,0.138,0.158,12.94,12.67,12.72,12.89,13.07,13.36,14.61
"2013-07-31 09:30:00",88899,0.132,0.138,0.158,13.06,12.78,12.74,12.88,13.07,13.37,15.26
"2013-07-31 09:45:00",88900,0.132,0.138,0.158,13.18,12.92,12.77,12.88,13.08,13.37,16.17
"2013-07-31 10:00:00",88901,0.132,0.139,0.158,13.33,13.09,12.8,12.88,13.07,13.37,16.86
"2013-07-31 10:15:00",88902,0.132,0.138,0.158,13.49,13.26,12.85,12.88,13.07,13.38,17.36
"2013-07-31 10:30:00",88903,0.132,0.138,0.158,13.65,13.44,12.89,12.9,13.07,13.38,17.66
"2013-07-31 10:45:00",88904,0.132,0.138,0.158,13.8,13.6,12.96,12.91,13.06,13.38,17.97
"2013-07-31 11:00:00",88905,0.132,0.138,0.158,13.96,13.77,13.02,12.93,13.07,13.36,18.07
"2013-07-31 11:15:00",88906,0.132,0.138,0.158,14.1,13.92,13.09,12.96,13.07,13.36,18.23
"2013-07-31 11:30:00",88907,0.131,0.138,0.158,14.23,14.06,13.17,12.98,13.07,13.36,18.12
"2013-07-31 11:45:00",88908,0.131,0.138,0.158,14.32,14.17,13.25,13.01,13.07,13.37,17.74
"2013-07-31 12:00:00",88909,0.131,0.138,0.158,14.36,14.21,13.33,13.05,13.07,13.37,17.46
"2013-07-31 12:15:00",88910,0.132,0.138,0.158,14.39,14.25,13.4,13.07,13.07,13.37,17.54
"2013-07-31 12:30:00",88911,0.131,0.138,0.158,14.45,14.3,13.45,13.12,13.07,13.37,17.77
"2013-07-31 12:45:00",88912,0.131,0.138,0.158,14.56,14.4,13.51,13.15,13.08,13.38,17.74
"2013-07-31 13:00:00",88913,0.131,0.138,0.158,14.63,14.49,13.57,13.19,13.08,13.37,17.56
"2013-07-31 13:15:00",88914,0.131,0.138,0.158,14.66,14.53,13.62,13.23,13.09,13.37,17.41
"2013-07-31 13:30:00",88915,0.131,0.138,0.158,14.69,14.56,13.68,13.26,13.1,13.37,17.49
"2013-07-31 13:45:00",88916,0.131,0.138,0.158,14.74,14.61,13.73,13.3,13.1,13.37,17.66
"2013-07-31 14:00:00",88917,0.131,0.138,0.158,14.81,14.67,13.78,13.34,13.11,13.36,17.66
"2013-07-31 14:15:00",88918,0.131,0.138,0.158,14.84,14.72,13.82,13.37,13.12,13.36,17.46
"2013-07-31 14:30:00",88919,0.131,0.138,0.158,14.83,14.72,13.87,13.41,13.13,13.37,17.09
"2013-07-31 14:45:00",88920,0.131,0.138,0.158,14.79,14.69,13.91,13.44,13.14,13.38,16.69
"2013-07-31 15:00:00",88921,0.131,0.138,0.158,14.75,14.65,13.94,13.48,13.16,13.38,16.34
"2013-07-31 15:15:00",88922,0.131,0.138,0.158,14.72,14.61,13.97,13.51,13.17,13.37,16.04
"2013-07-31 15:30:00",88923,0.131,0.138,0.158,14.68,14.58,13.99,13.54,13.18,13.35,15.85
"2013-07-31 15:45:00",88924,0.131,0.138,0.158,14.65,14.54,14,13.57,13.2,13.35,15.7
"2013-07-31 16:00:00",88925,0.131,0.138,0.158,14.62,14.5,14.01,13.6,13.21,13.35,15.55
"2013-07-31 16:15:00",88926,0.131,0.138,0.158,14.58,14.46,14.02,13.62,13.23,13.36,15.34
"2013-07-31 16:30:00",88927,0.131,0.138,0.158,14.54,14.42,14.03,13.64,13.24,13.35,15.14
"2013-07-31 16:45:00",88928,0.131,0.138,0.158,14.5,14.38,14.03,13.66,13.26,13.34,14.95
"2013-07-31 17:00:00",88929,0.131,0.138,0.158,14.46,14.34,14.02,13.67,13.27,13.34,14.73
"2013-07-31 17:15:00",88930,0.131,0.138,0.158,14.42,14.29,14.02,13.69,13.29,13.33,14.47
"2013-07-31 17:30:00",88931,0.131,0.138,0.158,14.36,14.23,14.01,13.69,13.29,13.34,14.09
"2013-07-31 17:45:00",88932,0.131,0.138,0.158,14.28,14.15,14,13.7,13.31,13.36,13.56
"2013-07-31 18:00:00",88933,0.131,0.138,0.158,14.18,14.05,13.99,13.71,13.32,13.35,13
"2013-07-31 18:15:00",88934,0.131,0.138,0.158,14.06,13.93,13.97,13.72,13.33,13.34,12.37
"2013-07-31 18:30:00",88935,0.131,0.138,0.158,13.93,13.8,13.94,13.72,13.35,13.35,11.79
"2013-07-31 18:45:00",88936,0.131,0.138,0.158,13.81,13.67,13.9,13.72,13.36,13.36,11.2
"2013-07-31 19:00:00",88937,0.131,0.138,0.158,13.68,13.54,13.86,13.72,13.37,13.38,10.63
"2013-07-31 19:15:00",88938,0.131,0.138,0.158,13.55,13.41,13.82,13.71,13.38,13.36,10.16
"2013-07-31 19:30:00",88939,0.131,0.138,0.158,13.44,13.28,13.77,13.7,13.39,13.36,9.71
"2013-07-31 19:45:00",88940,0.131,0.138,0.158,13.32,13.16,13.71,13.69,13.4,13.36,9.35
"2013-07-31 20:00:00",88941,0.131,0.138,0.158,13.2,13.04,13.66,13.68,13.41,13.35,9.03
"2013-07-31 20:15:00",88942,0.131,0.138,0.158,13.1,12.93,13.6,13.66,13.42,13.35,8.77
"2013-07-31 20:30:00",88943,0.131,0.138,0.158,12.99,12.82,13.54,13.64,13.43,13.35,8.48
"2013-07-31 20:45:00",88944,0.131,0.138,0.158,12.89,12.7,13.48,13.61,13.43,13.33,8.28
"2013-07-31 21:00:00",88945,0.131,0.138,0.158,12.79,12.6,13.42,13.58,13.43,13.33,8.15
"2013-07-31 21:15:00",88946,0.131,0.138,0.158,12.7,12.51,13.35,13.56,13.43,13.33,8.02
"2013-07-31 21:30:00",88947,0.131,0.138,0.158,12.62,12.42,13.3,13.53,13.44,13.35,7.927
"2013-07-31 21:45:00",88948,0.131,0.138,0.158,12.54,12.33,13.24,13.5,13.44,13.36,7.927
"2013-07-31 22:00:00",88949,0.131,0.138,0.158,12.48,12.27,13.18,13.47,13.44,13.36,8.06
"2013-07-31 22:15:00",88950,0.131,0.138,0.157,12.44,12.22,13.12,13.43,13.44,13.35,8.21
"2013-07-31 22:30:00",88951,0.131,0.138,0.157,12.41,12.18,13.07,13.4,13.44,13.36,8.35
"2013-07-31 22:45:00",88952,0.131,0.138,0.157,12.38,12.15,13.02,13.37,13.44,13.36,8.46
"2013-07-31 23:00:00",88953,0.131,0.138,0.157,12.35,12.12,12.98,13.34,13.44,13.36,8.59
"2013-07-31 23:15:00",88954,0.131,0.138,0.157,12.33,12.09,12.94,13.31,13.44,13.35,8.75
"2013-07-31 23:30:00",88955,0.131,0.138,0.157,12.31,12.08,12.9,13.28,13.43,13.35,8.86
"2013-07-31 23:45:00",88956,0.131,0.138,0.157,12.3,12.06,12.86,13.26,13.43,13.35,8.92
"2013-08-01 00:00:00",88957,0.131,0.138,0.157,12.28,12.04,12.83,13.23,13.42,13.34,8.94
"2013-08-01 00:15:00",88958,0.131,0.138,0.157,12.26,12.02,12.8,13.2,13.42,13.34,8.99
"2013-08-01 00:30:00",88959,0.131,0.138,0.157,12.23,11.99,12.77,13.18,13.41,13.35,8.97
"2013-08-01 00:45:00",88960,0.131,0.138,0.157,12.19,11.95,12.75,13.15,13.4,13.35,8.92
"2013-08-01 01:00:00",88961,0.131,0.138,0.157,12.15,11.91,12.72,13.12,13.39,13.35,8.79
"2013-08-01 01:15:00",88962,0.131,0.138,0.157,12.08,11.86,12.69,13.09,13.38,13.35,8.57
"2013-08-01 01:30:00",88963,0.131,0.138,0.157,12.01,11.77,12.65,13.08,13.38,13.35,8.28
"2013-08-01 01:45:00",88964,0.131,0.138,0.157,11.92,11.69,12.62,13.05,13.37,13.36,7.97
"2013-08-01 02:00:00",88965,0.131,0.138,0.157,11.84,11.61,12.58,13.02,13.35,13.37,7.663
"2013-08-01 02:15:00",88966,0.131,0.138,0.157,11.75,11.52,12.54,13,13.35,13.36,7.421
"2013-08-01 02:30:00",88967,0.131,0.138,0.157,11.67,11.44,12.49,12.97,13.34,13.36,7.159
"2013-08-01 02:45:00",88968,0.131,0.138,0.157,11.59,11.36,12.45,12.95,13.33,13.34,6.94
"2013-08-01 03:00:00",88969,0.131,0.138,0.157,11.5,11.27,12.4,12.92,13.32,13.32,6.701
"2013-08-01 03:15:00",88970,0.131,0.138,0.157,11.42,11.19,12.35,12.9,13.31,13.31,6.461
"2013-08-01 03:30:00",88971,0.131,0.138,0.157,11.33,11.1,12.3,12.86,13.3,13.32,6.242
"2013-08-01 03:45:00",88972,0.131,0.138,0.157,11.24,11.02,12.25,12.83,13.29,13.34,5.982
"2013-08-01 04:00:00",88973,0.131,0.138,0.157,11.16,10.93,12.2,12.8,13.28,13.3,5.722
"2013-08-01 04:15:00",88974,0.131,0.138,0.157,11.08,10.85,12.15,12.77,13.27,13.3,5.485
"2013-08-01 04:30:00",88975,0.131,0.138,0.157,11,10.77,12.09,12.74,13.26,13.34,5.268
"2013-08-01 04:45:00",88976,0.131,0.138,0.157,10.91,10.68,12.04,12.7,13.24,13.39,5.051
"2013-08-01 05:00:00",88977,0.131,0.138,0.157,10.83,10.6,11.98,12.66,13.23,13.41,4.88
"2013-08-01 05:15:00",88978,0.131,0.138,0.157,10.75,10.52,11.92,12.62,13.22,13.41,4.728
"2013-08-01 05:30:00",88979,0.131,0.138,0.157,10.68,10.44,11.87,12.59,13.21,13.42,4.622
"2013-08-01 05:45:00",88980,0.131,0.138,0.157,10.61,10.38,11.82,12.56,13.19,13.42,4.493
"2013-08-01 06:00:00",88981,0.131,0.138,0.157,10.53,10.31,11.76,12.52,13.18,13.42,4.342
"2013-08-01 06:15:00",88982,0.131,0.138,0.157,10.46,10.23,11.71,12.48,13.17,13.42,4.213
"2013-08-01 06:30:00",88983,0.131,0.138,0.157,10.4,10.16,11.65,12.44,13.15,13.42,4.107
"2013-08-01 06:45:00",88984,0.131,0.138,0.157,10.33,10.1,11.6,12.4,13.14,13.41,3.956
"2013-08-01 07:00:00",88985,0.131,0.138,0.157,10.27,10.03,11.54,12.37,13.12,13.38,3.85
"2013-08-01 07:15:00",88986,0.131,0.138,0.157,10.21,9.97,11.49,12.32,13.11,13.38,3.784
"2013-08-01 07:30:00",88987,0.132,0.138,0.157,10.15,9.92,11.44,12.29,13.09,13.41,3.784
"2013-08-01 07:45:00",88988,0.131,0.138,0.157,10.1,9.86,11.39,12.25,13.07,13.41,3.935
"2013-08-01 08:00:00",88989,0.132,0.138,0.157,10.07,9.83,11.34,12.21,13.06,13.42,4.902
"2013-08-01 08:15:00",88990,0.132,0.138,0.157,10.06,9.8,11.29,12.16,13.03,13.42,8.13
"2013-08-01 08:30:00",88991,0.132,0.138,0.157,10.08,9.81,11.24,12.12,13.01,13.41,11.98
"2013-08-01 08:45:00",88992,0.132,0.138,0.157,10.15,9.86,11.2,12.08,12.99,13.41,15.58
"2013-08-01 09:00:00",88993,0.132,0.138,0.157,10.28,9.97,11.17,12.04,12.97,13.41,18.46
"2013-08-01 09:15:00",88994,0.132,0.138,0.157,10.45,10.13,11.16,12.01,12.95,13.42,20.83
"2013-08-01 09:30:00",88995,0.132,0.138,0.157,10.67,10.37,11.16,11.98,12.93,13.39,22.53
"2013-08-01 09:45:00",88996,0.132,0.138,0.157,10.92,10.66,11.18,11.96,12.92,13.39,22.5
"2013-08-01 10:00:00",88997,0.132,0.138,0.157,11.21,11.01,11.23,11.94,12.9,13.41,21.37
"2013-08-01 10:15:00",88998,0.131,0.138,0.157,11.53,11.38,11.3,11.93,12.89,13.4,20.48
"2013-08-01 10:30:00",88999,0.131,0.138,0.157,11.86,11.76,11.39,11.93,12.87,13.39,20.02
"2013-08-01 10:45:00",89000,0.132,0.138,0.157,12.22,12.16,11.49,11.93,12.85,13.4,20.15
"2013-08-01 11:00:00",89001,0.131,0.138,0.157,12.58,12.55,11.62,11.95,12.83,13.38,21.37
"2013-08-01 11:15:00",89002,0.131,0.138,0.157,12.95,12.96,11.76,11.97,12.81,13.36,22.64
"2013-08-01 11:30:00",89003,0.131,0.138,0.157,13.32,13.36,11.92,12.01,12.8,13.35,23.27
"2013-08-01 11:45:00",89004,0.131,0.138,0.157,13.68,13.73,12.08,12.05,12.78,13.35,23.24
"2013-08-01 12:00:00",89005,0.131,0.138,0.157,14.04,13.95,12.26,12.11,12.78,13.37,22.9
"2013-08-01 12:15:00",89006,0.131,0.138,0.157,14.36,14.11,12.43,12.18,12.77,13.4,22.73
"2013-08-01 12:30:00",89007,0.131,0.138,0.157,14.65,14.38,12.59,12.25,12.76,13.41,22.5
"2013-08-01 12:45:00",89008,0.131,0.138,0.157,14.92,14.68,12.74,12.33,12.76,13.41,21.97
"2013-08-01 13:00:00",89009,0.131,0.138,0.157,15.14,14.98,12.91,12.41,12.75,13.4,21.42
"2013-08-01 13:15:00",89010,0.13,0.138,0.157,15.3,15.25,13.07,12.49,12.76,13.36,20.91
"2013-08-01 13:30:00",89011,0.13,0.138,0.157,15.45,15.5,13.23,12.57,12.75,13.36,20.45
"2013-08-01 13:45:00",89012,0.13,0.138,0.157,15.62,15.69,13.39,12.66,12.76,13.35,20.1
"2013-08-01 14:00:00",89013,0.13,0.138,0.157,15.74,15.79,13.55,12.75,12.76,13.34,19.86
"2013-08-01 14:15:00",89014,0.13,0.138,0.157,15.82,15.82,13.7,12.84,12.78,13.34,19.6
"2013-08-01 14:30:00",89015,0.13,0.137,0.157,15.86,15.81,13.83,12.93,12.79,13.38,19.36
"2013-08-01 14:45:00",89016,0.13,0.137,0.157,15.86,15.79,13.94,13.02,12.8,13.39,19.1
"2013-08-01 15:00:00",89017,0.13,0.137,0.157,15.82,15.75,14.03,13.11,12.82,13.33,18.92
"2013-08-01 15:15:00",89018,0.13,0.137,0.157,15.79,15.69,14.11,13.2,12.84,13.31,18.74
"2013-08-01 15:30:00",89019,0.13,0.137,0.157,15.78,15.63,14.18,13.27,12.87,13.33,18.46
"2013-08-01 15:45:00",89020,0.13,0.137,0.157,15.77,15.56,14.23,13.35,12.89,13.39,18.15
"2013-08-01 16:00:00",89021,0.13,0.137,0.157,15.72,15.48,14.27,13.41,12.91,13.4,17.82
"2013-08-01 16:15:00",89022,0.13,0.137,0.157,15.61,15.37,14.3,13.47,12.93,13.41,17.41
"2013-08-01 16:30:00",89023,0.13,0.137,0.157,15.48,15.24,14.32,13.53,12.96,13.41,16.94
"2013-08-01 16:45:00",89024,0.13,0.137,0.157,15.35,15.1,14.33,13.57,12.99,13.4,16.41
"2013-08-01 17:00:00",89025,0.13,0.137,0.157,15.21,14.96,14.33,13.62,13.01,13.4,15.82
"2013-08-01 17:15:00",89026,0.13,0.137,0.157,15.07,14.83,14.32,13.66,13.04,13.37,15.19
"2013-08-01 17:30:00",89027,0.13,0.137,0.157,14.93,14.68,14.31,13.69,13.07,13.35,14.47
"2013-08-01 17:45:00",89028,0.13,0.137,0.157,14.77,14.53,14.28,13.72,13.1,13.37,13.68
"2013-08-01 18:00:00",89029,0.129,0.137,0.157,14.62,14.37,14.24,13.74,13.13,13.34,12.91
"2013-08-01 18:15:00",89030,0.129,0.137,0.157,14.46,14.21,14.2,13.75,13.15,13.33,12.14
"2013-08-01 18:30:00",89031,0.129,0.137,0.157,14.31,14.05,14.15,13.76,13.18,13.35,11.47
"2013-08-01 18:45:00",89032,0.129,0.137,0.157,14.17,13.9,14.11,13.77,13.2,13.4,10.93
"2013-08-01 19:00:00",89033,0.129,0.137,0.157,14.02,13.75,14.05,13.76,13.22,13.41,10.47
"2013-08-01 19:15:00",89034,0.129,0.137,0.157,13.88,13.61,13.99,13.76,13.24,13.41,10.09
"2013-08-01 19:30:00",89035,0.129,0.137,0.157,13.75,13.48,13.93,13.75,13.27,13.41,9.68
"2013-08-01 19:45:00",89036,0.129,0.137,0.157,13.63,13.35,13.87,13.74,13.28,13.41,9.26
"2013-08-01 20:00:00",89037,0.13,0.137,0.157,13.5,13.22,13.8,13.72,13.3,13.41,8.86
"2013-08-01 20:15:00",89038,0.13,0.137,0.157,13.38,13.1,13.74,13.71,13.32,13.39,8.5
"2013-08-01 20:30:00",89039,0.129,0.137,0.157,13.26,12.97,13.67,13.68,13.33,13.36,8.19
"2013-08-01 20:45:00",89040,0.13,0.137,0.157,13.14,12.85,13.6,13.66,13.35,13.36,7.927
"2013-08-01 21:00:00",89041,0.13,0.137,0.157,13.02,12.73,13.54,13.63,13.35,13.36,7.706
"2013-08-01 21:15:00",89042,0.13,0.137,0.157,12.91,12.62,13.47,13.6,13.36,13.35,7.51
"2013-08-01 21:30:00",89043,0.13,0.137,0.157,12.81,12.51,13.4,13.58,13.38,13.35,7.333
"2013-08-01 21:45:00",89044,0.13,0.137,0.157,12.71,12.41,13.33,13.54,13.38,13.36,7.159
"2013-08-01 22:00:00",89045,0.13,0.137,0.156,12.61,12.31,13.26,13.51,13.39,13.38,6.963
"2013-08-01 22:15:00",89046,0.13,0.137,0.157,12.51,12.21,13.2,13.48,13.39,13.41,6.787
"2013-08-01 22:30:00",89047,0.129,0.137,0.157,12.41,12.11,13.13,13.45,13.4,13.42,6.678
"2013-08-01 22:45:00",89048,0.13,0.137,0.156,12.31,12.01,13.07,13.41,13.4,13.42,6.59
"2013-08-01 23:00:00",89049,0.13,0.137,0.157,12.22,11.91,13.01,13.37,13.4,13.41,6.461
"2013-08-01 23:15:00",89050,0.13,0.137,0.156,12.13,11.82,12.94,13.33,13.39,13.42,6.287
"2013-08-01 23:30:00",89051,0.129,0.137,0.157,12.03,11.73,12.87,13.3,13.4,13.43,6.068
"2013-08-01 23:45:00",89052,0.129,0.137,0.157,11.95,11.63,12.81,13.26,13.4,13.43,5.896
"2013-08-02 00:00:00",89053,0.129,0.137,0.157,11.85,11.54,12.75,13.22,13.39,13.42,5.7
"2013-08-02 00:15:00",89054,0.129,0.137,0.156,11.76,11.45,12.68,13.19,13.39,13.42,5.506
"2013-08-02 00:30:00",89055,0.129,0.137,0.157,11.67,11.36,12.62,13.15,13.38,13.41,5.334
"2013-08-02 00:45:00",89056,0.129,0.137,0.156,11.58,11.26,12.55,13.1,13.37,13.41,5.182
"2013-08-02 01:00:00",89057,0.129,0.137,0.156,11.49,11.18,12.49,13.06,13.37,13.4,5.031
"2013-08-02 01:15:00",89058,0.129,0.137,0.156,11.4,11.09,12.43,13.02,13.36,13.38,4.88
"2013-08-02 01:30:00",89059,0.129,0.137,0.156,11.32,11,12.36,12.98,13.35,13.39,4.708
"2013-08-02 01:45:00",89060,0.129,0.137,0.156,11.23,10.92,12.3,12.94,13.34,13.38,4.557
"2013-08-02 02:00:00",89061,0.129,0.137,0.156,11.15,10.84,12.24,12.9,13.33,13.4,4.451
"2013-08-02 02:15:00",89062,0.129,0.137,0.156,11.08,10.76,12.18,12.86,13.32,13.39,4.342
"2013-08-02 02:30:00",89063,0.129,0.137,0.156,11,10.68,12.12,12.81,13.31,13.39,4.279
"2013-08-02 02:45:00",89064,0.129,0.137,0.156,10.92,10.6,12.06,12.77,13.29,13.39,4.17
"2013-08-02 03:00:00",89065,0.129,0.137,0.156,10.85,10.53,12,12.73,13.28,13.4,4.064
"2013-08-02 03:15:00",89066,0.129,0.137,0.156,10.78,10.46,11.94,12.69,13.27,13.41,4.021
"2013-08-02 03:30:00",89067,0.13,0.137,0.156,10.73,10.4,11.88,12.64,13.26,13.39,4.127
"2013-08-02 03:45:00",89068,0.13,0.137,0.156,10.69,10.36,11.82,12.6,13.24,13.39,4.299
"2013-08-02 04:00:00",89069,0.13,0.137,0.156,10.67,10.33,11.77,12.56,13.23,13.41,4.536
"2013-08-02 04:15:00",89070,0.129,0.137,0.156,10.66,10.32,11.72,12.52,13.21,13.41,4.794
"2013-08-02 04:30:00",89071,0.13,0.137,0.156,10.66,10.31,11.67,12.48,13.19,13.39,5.051
"2013-08-02 04:45:00",89072,0.13,0.137,0.156,10.65,10.31,11.63,12.43,13.17,13.39,5.268
"2013-08-02 05:00:00",89073,0.13,0.137,0.156,10.65,10.31,11.6,12.4,13.16,13.39,5.42
"2013-08-02 05:15:00",89074,0.13,0.137,0.156,10.64,10.3,11.57,12.36,13.14,13.39,5.463
"2013-08-02 05:30:00",89075,0.13,0.137,0.156,10.62,10.29,11.54,12.33,13.13,13.39,5.485
"2013-08-02 05:45:00",89076,0.13,0.137,0.156,10.59,10.26,11.51,12.3,13.11,13.39,5.44
"2013-08-02 06:00:00",89077,0.129,0.137,0.156,10.55,10.22,11.48,12.27,13.09,13.38,5.397
"2013-08-02 06:15:00",89078,0.129,0.137,0.156,10.52,10.18,11.45,12.24,13.07,13.38,5.354
"2013-08-02 06:30:00",89079,0.129,0.137,0.156,10.48,10.15,11.42,12.21,13.05,13.38,5.268
"2013-08-02 06:45:00",89080,0.13,0.137,0.156,10.44,10.1,11.39,12.18,13.04,13.38,5.182
"2013-08-02 07:00:00",89081,0.13,0.137,0.156,10.4,10.07,11.36,12.15,13.01,13.38,5.14
"2013-08-02 07:15:00",89082,0.13,0.137,0.156,10.37,10.04,11.33,12.12,13,13.38,5.182
"2013-08-02 07:30:00",89083,0.13,0.137,0.156,10.35,10.02,11.29,12.1,12.98,13.38,5.268
"2013-08-02 07:45:00",89084,0.13,0.137,0.156,10.35,10.02,11.26,12.06,12.96,13.39,5.485
"2013-08-02 08:00:00",89085,0.13,0.137,0.156,10.36,10.02,11.24,12.04,12.95,13.39,5.765
"2013-08-02 08:15:00",89086,0.13,0.137,0.156,10.38,10.04,11.21,12.01,12.93,13.39,6.068
"2013-08-02 08:30:00",89087,0.13,0.137,0.156,10.41,10.08,11.19,11.98,12.91,13.4,6.439
"2013-08-02 08:45:00",89088,0.13,0.137,0.156,10.46,10.13,11.18,11.95,12.89,13.4,6.897
"2013-08-02 09:00:00",89089,0.13,0.137,0.156,10.53,10.19,11.17,11.93,12.87,13.39,7.618
"2013-08-02 09:15:00",89090,0.13,0.137,0.156,10.61,10.29,11.17,11.91,12.85,13.39,8.5
"2013-08-02 09:30:00",89091,0.13,0.137,0.156,10.73,10.4,11.17,11.89,12.84,13.39,9.3
"2013-08-02 09:45:00",89092,0.13,0.137,0.156,10.86,10.54,11.18,11.88,12.83,13.39,10.22
"2013-08-02 10:00:00",89093,0.13,0.137,0.156,11.03,10.7,11.2,11.86,12.81,13.39,11.63
"2013-08-02 10:15:00",89094,0.13,0.137,0.156,11.31,11,11.23,11.85,12.79,13.38,13.19
"2013-08-02 10:30:00",89095,0.13,0.137,0.156,11.72,11.42,11.28,11.85,12.77,13.38,14.25
"2013-08-02 10:45:00",89096,0.13,0.137,0.156,12.09,11.83,11.36,11.84,12.76,13.37,14.9
"2013-08-02 11:00:00",89097,0.129,0.137,0.156,12.36,12.14,11.48,11.86,12.75,13.37,15.92
"2013-08-02 11:15:00",89098,0.129,0.137,0.156,12.61,12.42,11.59,11.88,12.73,13.32,16.59
"2013-08-02 11:30:00",89099,0.129,0.137,0.156,12.82,12.64,11.72,11.9,12.71,13.29,17.97
"2013-08-02 11:45:00",89100,0.129,0.137,0.156,13.1,12.93,11.84,11.94,12.7,13.28,18.92
"2013-08-02 12:00:00",89101,0.129,0.137,0.156,13.42,13.16,11.98,11.99,12.7,13.28,19.23
"2013-08-02 12:15:00",89102,0.129,0.137,0.156,13.77,13.37,12.12,12.03,12.68,13.33,19.76
"2013-08-02 12:30:00",89103,0.129,0.137,0.156,14.11,13.69,12.24,12.09,12.68,13.38,20.31
"2013-08-02 12:45:00",89104,0.129,0.137,0.156,14.45,14.05,12.38,12.15,12.68,13.41,20.66
"2013-08-02 13:00:00",89105,0.129,0.137,0.156,14.71,14.41,12.53,12.21,12.67,13.43,20.8
"2013-08-02 13:15:00",89106,0.129,0.137,0.156,14.9,14.75,12.69,12.28,12.67,13.43,20.83
"2013-08-02 13:30:00",89107,0.129,0.137,0.156,15.07,15.05,12.86,12.35,12.67,13.43,20.88
"2013-08-02 13:45:00",89108,0.129,0.137,0.156,15.26,15.3,13.03,12.43,12.67,13.43,20.85
"2013-08-02 14:00:00",89109,0.128,0.137,0.156,15.39,15.45,13.21,12.52,12.68,13.41,20.85
"2013-08-02 14:15:00",89110,0.128,0.137,0.156,15.47,15.49,13.37,12.61,12.68,13.36,20.83
"2013-08-02 14:30:00",89111,0.128,0.137,0.156,15.52,15.51,13.51,12.7,12.7,13.35,20.77
"2013-08-02 14:45:00",89112,0.128,0.137,0.156,15.54,15.54,13.63,12.8,12.71,13.35,20.53
"2013-08-02 15:00:00",89113,0.128,0.137,0.156,15.5,15.52,13.74,12.88,12.72,13.37,20.13
"2013-08-02 15:15:00",89114,0.128,0.137,0.156,15.47,15.47,13.84,12.97,12.74,13.36,20.08
"2013-08-02 15:30:00",89115,0.128,0.136,0.156,15.47,15.42,13.91,13.05,12.76,13.36,20.05
"2013-08-02 15:45:00",89116,0.128,0.136,0.156,15.5,15.38,13.97,13.12,12.78,13.37,20.05
"2013-08-02 16:00:00",89117,0.128,0.136,0.156,15.48,15.34,14.03,13.2,12.8,13.37,19.92
"2013-08-02 16:15:00",89118,0.128,0.136,0.156,15.39,15.26,14.07,13.26,12.82,13.37,19.57
"2013-08-02 16:30:00",89119,0.127,0.136,0.156,15.27,15.16,14.11,13.32,12.85,13.37,19.02
"2013-08-02 16:45:00",89120,0.127,0.137,0.156,15.15,15.03,14.14,13.38,12.88,13.37,18.35
"2013-08-02 17:00:00",89121,0.128,0.136,0.156,15.02,14.9,14.15,13.43,12.9,13.36,17.69
"2013-08-02 17:15:00",89122,0.128,0.136,0.156,14.89,14.76,14.15,13.47,12.93,13.33,16.98
"2013-08-02 17:30:00",89123,0.127,0.136,0.156,14.76,14.61,14.14,13.51,12.95,13.32,16.27
"2013-08-02 17:45:00",89124,0.127,0.136,0.156,14.63,14.46,14.12,13.54,12.98,13.3,15.53
"2013-08-02 18:00:00",89125,0.127,0.136,0.156,14.5,14.32,14.1,13.57,13.01,13.29,14.85
"2013-08-02 18:15:00",89126,0.127,0.136,0.156,14.36,14.18,14.07,13.59,13.04,13.28,14.25
"2013-08-02 18:30:00",89127,0.127,0.136,0.156,14.22,14.02,14.02,13.6,13.06,13.28,13.82
"2013-08-02 18:45:00",89128,0.127,0.136,0.156,14.09,13.88,13.97,13.61,13.08,13.29,13.54
"2013-08-02 19:00:00",89129,0.127,0.136,0.156,13.96,13.74,13.93,13.61,13.11,13.31,13.26
"2013-08-02 19:15:00",89130,0.127,0.136,0.156,13.84,13.61,13.88,13.62,13.13,13.33,12.91
"2013-08-02 19:30:00",89131,0.127,0.136,0.156,13.73,13.49,13.82,13.61,13.15,13.34,12.49
"2013-08-02 19:45:00",89132,0.127,0.136,0.156,13.61,13.37,13.77,13.61,13.18,13.36,12.05
"2013-08-02 20:00:00",89133,0.127,0.136,0.156,13.49,13.25,13.71,13.59,13.19,13.38,11.68
"2013-08-02 20:15:00",89134,0.127,0.136,0.156,13.38,13.13,13.66,13.58,13.21,13.39,11.33
"2013-08-02 20:30:00",89135,0.127,0.136,0.156,13.27,13.01,13.59,13.56,13.22,13.39,10.97
"2013-08-02 20:45:00",89136,0.127,0.136,0.156,13.16,12.9,13.53,13.54,13.24,13.4,10.58
"2013-08-02 21:00:00",89137,0.127,0.136,0.156,13.05,12.78,13.47,13.52,13.25,13.39,10.27
"2013-08-02 21:15:00",89138,0.127,0.136,0.156,12.95,12.68,13.41,13.5,13.26,13.39,10
"2013-08-02 21:30:00",89139,0.127,0.136,0.156,12.85,12.57,13.35,13.48,13.27,13.39,9.73
"2013-08-02 21:45:00",89140,0.127,0.136,0.156,12.75,12.47,13.29,13.45,13.29,13.38,9.37
"2013-08-02 22:00:00",89141,0.127,0.136,0.156,12.65,12.37,13.23,13.43,13.3,13.38,9.01
"2013-08-02 22:15:00",89142,0.127,0.136,0.156,12.55,12.27,13.17,13.4,13.3,13.38,8.68
"2013-08-02 22:30:00",89143,0.127,0.136,0.155,12.46,12.16,13.11,13.37,13.31,13.37,8.39
"2013-08-02 22:45:00",89144,0.127,0.136,0.156,12.36,12.06,13.04,13.34,13.31,13.32,8.19
"2013-08-02 23:00:00",89145,0.127,0.136,0.156,12.27,11.97,12.98,13.3,13.31,13.29,8.06
"2013-08-02 23:15:00",89146,0.127,0.136,0.156,12.19,11.88,12.92,13.26,13.31,13.29,8.06
"2013-08-02 23:30:00",89147,0.127,0.136,0.156,12.12,11.8,12.85,13.23,13.31,13.32,8.13
"2013-08-02 23:45:00",89148,0.127,0.136,0.156,12.05,11.73,12.79,13.19,13.31,13.32,8.15
"2013-08-03 00:00:00",89149,0.127,0.136,0.156,11.99,11.66,12.74,13.16,13.31,13.32,8.15
"2013-08-03 00:15:00",89150,0.127,0.136,0.156,11.95,11.61,12.67,13.13,13.3,13.31,8.19
"2013-08-03 00:30:00",89151,0.127,0.136,0.156,11.91,11.57,12.63,13.09,13.3,13.31,8.21
"2013-08-03 00:45:00",89152,0.127,0.136,0.156,11.88,11.54,12.58,13.06,13.3,13.3,8.19
"2013-08-03 01:00:00",89153,0.127,0.136,0.156,11.85,11.5,12.53,13.02,13.29,13.3,8.13
"2013-08-03 01:15:00",89154,0.127,0.136,0.155,11.8,11.46,12.49,12.98,13.28,13.31,8.02
"2013-08-03 01:30:00",89155,0.127,0.136,0.155,11.75,11.4,12.44,12.95,13.28,13.34,7.882
"2013-08-03 01:45:00",89156,0.127,0.136,0.156,11.69,11.34,12.4,12.93,13.27,13.37,7.618
"2013-08-03 02:00:00",89157,0.127,0.136,0.155,11.62,11.27,12.36,12.89,13.26,13.38,7.421
"2013-08-03 02:15:00",89158,0.127,0.136,0.155,11.56,11.21,12.32,12.86,13.26,13.38,7.202
"2013-08-03 02:30:00",89159,0.127,0.136,0.155,11.49,11.14,12.28,12.83,13.25,13.38,6.963
"2013-08-03 02:45:00",89160,0.127,0.136,0.155,11.41,11.06,12.23,12.8,13.24,13.39,6.787
"2013-08-03 03:00:00",89161,0.127,0.136,0.155,11.34,10.99,12.19,12.77,13.23,13.38,6.656
"2013-08-03 03:15:00",89162,0.127,0.136,0.155,11.27,10.92,12.14,12.73,13.22,13.38,6.59
"2013-08-03 03:30:00",89163,0.127,0.136,0.155,11.2,10.84,12.09,12.7,13.21,13.39,6.57
"2013-08-03 03:45:00",89164,0.127,0.136,0.155,11.13,10.77,12.04,12.67,13.2,13.39,6.547
"2013-08-03 04:00:00",89165,0.127,0.136,0.155,11.07,10.71,11.99,12.64,13.19,13.39,6.482
"2013-08-03 04:15:00",89166,0.127,0.136,0.155,11,10.64,11.94,12.6,13.17,13.39,6.373
"2013-08-03 04:30:00",89167,0.127,0.136,0.155,10.94,10.58,11.89,12.57,13.16,13.39,6.242
"2013-08-03 04:45:00",89168,0.127,0.136,0.155,10.88,10.52,11.84,12.53,13.15,13.39,6.156
"2013-08-03 05:00:00",89169,0.127,0.136,0.155,10.82,10.46,11.79,12.5,13.13,13.38,6.068
"2013-08-03 05:15:00",89170,0.127,0.136,0.155,10.76,10.4,11.75,12.47,13.12,13.38,5.939
"2013-08-03 05:30:00",89171,0.127,0.136,0.155,10.7,10.34,11.7,12.43,13.11,13.39,5.765
"2013-08-03 05:45:00",89172,0.127,0.136,0.155,10.64,10.28,11.65,12.4,13.1,13.39,5.68
"2013-08-03 06:00:00",89173,0.127,0.136,0.155,10.59,10.22,11.61,12.37,13.08,13.39,5.528
"2013-08-03 06:15:00",89174,0.127,0.136,0.155,10.53,10.16,11.56,12.33,13.07,13.39,5.354
"2013-08-03 06:30:00",89175,0.127,0.136,0.155,10.47,10.1,11.51,12.29,13.05,13.38,5.117
"2013-08-03 06:45:00",89176,0.127,0.136,0.155,10.4,10.03,11.47,12.26,13.03,13.37,4.859
"2013-08-03 07:00:00",89177,0.127,0.136,0.155,10.33,9.97,11.42,12.22,13.02,13.37,4.622
"2013-08-03 07:15:00",89178,0.127,0.136,0.155,10.27,9.9,11.37,12.19,13.01,13.38,4.365
"2013-08-03 07:30:00",89179,0.127,0.136,0.155,10.2,9.83,11.33,12.16,12.99,13.38,4.236
"2013-08-03 07:45:00",89180,0.127,0.136,0.155,10.15,9.78,11.28,12.12,12.97,13.37,4.299
"2013-08-03 08:00:00",89181,0.127,0.136,0.155,10.11,9.74,11.23,12.08,12.96,13.37,5.485
"2013-08-03 08:15:00",89182,0.127,0.136,0.155,10.11,9.72,11.18,12.04,12.94,13.37,9.68
"2013-08-03 08:30:00",89183,0.127,0.136,0.155,10.17,9.77,11.13,12,12.91,13.38,14.54
"2013-08-03 08:45:00",89184,0.127,0.136,0.155,10.3,9.89,11.1,11.96,12.89,13.38,18.71
"2013-08-03 09:00:00",89185,0.127,0.136,0.155,10.49,10.07,11.08,11.93,12.87,13.37,21.42
"2013-08-03 09:15:00",89186,0.127,0.136,0.155,10.71,10.3,11.08,11.9,12.87,13.33,23.61
"2013-08-03 09:30:00",89187,0.127,0.136,0.155,10.97,10.59,11.11,11.88,12.85,13.27,25.67
"2013-08-03 09:45:00",89188,0.127,0.136,0.155,11.29,10.96,11.15,11.86,12.82,13.27,25.95
"2013-08-03 10:00:00",89189,0.127,0.136,0.155,11.61,11.36,11.23,11.86,12.82,13.28,24.48
"2013-08-03 10:15:00",89190,0.127,0.136,0.155,11.93,11.76,11.33,11.85,12.8,13.28,23.01
"2013-08-03 10:30:00",89191,0.127,0.136,0.155,12.25,12.16,11.44,11.86,12.78,13.27,22.03
"2013-08-03 10:45:00",89192,0.127,0.136,0.155,12.58,12.57,11.58,11.89,12.77,13.26,21.78
"2013-08-03 11:00:00",89193,0.127,0.136,0.155,12.92,12.96,11.72,11.92,12.75,13.25,22.75
"2013-08-03 11:15:00",89194,0.127,0.136,0.155,13.27,13.33,11.88,11.95,12.74,13.26,23.9
"2013-08-03 11:30:00",89195,0.126,0.136,0.155,13.62,13.7,12.04,12,12.72,13.3,24.75
"2013-08-03 11:45:00",89196,0.126,0.136,0.155,13.96,14.04,12.21,12.06,12.71,13.33,24.75
"2013-08-03 12:00:00",89197,0.126,0.136,0.155,14.28,14.25,12.4,12.13,12.7,13.37,24.13
"2013-08-03 12:15:00",89198,0.126,0.136,0.155,14.59,14.39,12.57,12.2,12.7,13.42,23.7
"2013-08-03 12:30:00",89199,0.126,0.136,0.155,14.85,14.61,12.73,12.28,12.69,13.47,23.35
"2013-08-03 12:45:00",89200,0.126,0.136,0.155,15.07,14.85,12.88,12.36,12.69,13.48,22.87
"2013-08-03 13:00:00",89201,0.126,0.136,0.155,15.23,15.09,13.03,12.44,12.7,13.48,22.42
"2013-08-03 13:15:00",89202,0.126,0.136,0.155,15.38,15.34,13.18,12.53,12.7,13.49,21.95
"2013-08-03 13:30:00",89203,0.125,0.135,0.155,15.54,15.57,13.33,12.61,12.71,13.49,21.59
"2013-08-03 13:45:00",89204,0.125,0.135,0.155,15.71,15.77,13.49,12.71,12.72,13.49,21.23
"2013-08-03 14:00:00",89205,0.125,0.136,0.155,15.83,15.83,13.63,12.79,12.73,13.48,20.99
"2013-08-03 14:15:00",89206,0.125,0.135,0.155,15.88,15.8,13.77,12.88,12.74,13.49,20.69
"2013-08-03 14:30:00",89207,0.125,0.136,0.155,15.89,15.74,13.88,12.96,12.75,13.49,20.42
"2013-08-03 14:45:00",89208,0.125,0.136,0.155,15.86,15.7,13.98,13.05,12.77,13.49,20.13
"2013-08-03 15:00:00",89209,0.125,0.135,0.155,15.8,15.62,14.06,13.14,12.79,13.48,19.92
"2013-08-03 15:15:00",89210,0.124,0.135,0.155,15.73,15.53,14.12,13.22,12.81,13.48,19.68
"2013-08-03 15:30:00",89211,0.124,0.135,0.155,15.68,15.43,14.17,13.29,12.84,13.47,19.39
"2013-08-03 15:45:00",89212,0.124,0.135,0.155,15.66,15.32,14.21,13.36,12.86,13.47,19
"2013-08-03 16:00:00",89213,0.124,0.135,0.155,15.58,15.21,14.23,13.42,12.89,13.47,18.51
"2013-08-03 16:15:00",89214,0.124,0.135,0.155,15.44,15.07,14.25,13.47,12.92,13.47,17.95
"2013-08-03 16:30:00",89215,0.124,0.135,0.155,15.28,14.92,14.25,13.52,12.94,13.48,17.34
"2013-08-03 16:45:00",89216,0.124,0.135,0.155,15.12,14.75,14.24,13.56,12.97,13.48,16.69
"2013-08-03 17:00:00",89217,0.124,0.135,0.155,14.97,14.59,14.22,13.6,13,13.48,16.04
"2013-08-03 17:15:00",89218,0.124,0.135,0.155,14.81,14.43,14.19,13.62,13.03,13.48,15.36
"2013-08-03 17:30:00",89219,0.124,0.135,0.155,14.66,14.28,14.16,13.65,13.05,13.48,14.78
"2013-08-03 17:45:00",89220,0.124,0.135,0.155,14.51,14.13,14.12,13.66,13.08,13.48,14.23
"2013-08-03 18:00:00",89221,0.124,0.135,0.155,14.37,13.97,14.07,13.67,13.1,13.48,13.73
"2013-08-03 18:15:00",89222,0.124,0.135,0.155,14.22,13.83,14.02,13.68,13.13,13.47,13.28
"2013-08-03 18:30:00",89223,0.124,0.135,0.155,14.09,13.69,13.96,13.68,13.15,13.47,12.91
"2013-08-03 18:45:00",89224,0.124,0.135,0.155,13.96,13.56,13.91,13.68,13.18,13.47,12.51
"2013-08-03 19:00:00",89225,0.124,0.135,0.155,13.83,13.43,13.85,13.67,13.2,13.48,12.28
"2013-08-03 19:15:00",89226,0.124,0.135,0.155,13.71,13.31,13.79,13.66,13.21,13.48,12.02
"2013-08-03 19:30:00",89227,0.124,0.135,0.155,13.59,13.19,13.73,13.64,13.23,13.48,11.7
"2013-08-03 19:45:00",89228,0.124,0.135,0.155,13.46,13.07,13.67,13.63,13.26,13.48,11.4
"2013-08-03 20:00:00",89229,0.124,0.135,0.155,13.33,12.94,13.61,13.61,13.27,13.48,11.18
"2013-08-03 20:15:00",89230,0.124,0.135,0.155,13.21,12.83,13.54,13.58,13.28,13.48,10.95
"2013-08-03 20:30:00",89231,0.124,0.135,0.155,13.1,12.72,13.47,13.56,13.29,13.48,10.7
"2013-08-03 20:45:00",89232,0.124,0.135,0.155,12.99,12.61,13.41,13.53,13.3,13.47,10.45
"2013-08-03 21:00:00",89233,0.124,0.135,0.154,12.9,12.51,13.35,13.51,13.31,13.46,10.18
"2013-08-03 21:15:00",89234,0.124,0.135,0.155,12.8,12.41,13.29,13.48,13.32,13.46,9.91
"2013-08-03 21:30:00",89235,0.124,0.135,0.154,12.71,12.31,13.22,13.46,13.33,13.46,9.62
"2013-08-03 21:45:00",89236,0.124,0.135,0.154,12.61,12.22,13.17,13.42,13.34,13.46,9.28
"2013-08-03 22:00:00",89237,0.124,0.135,0.154,12.52,12.12,13.1,13.39,13.35,13.46,8.97
"2013-08-03 22:15:00",89238,0.124,0.135,0.154,12.43,12.04,13.05,13.36,13.35,13.41,8.66
"2013-08-03 22:30:00",89239,0.124,0.135,0.154,12.35,11.94,12.98,13.33,13.35,13.35,8.46
"2013-08-03 22:45:00",89240,0.124,0.135,0.154,12.26,11.85,12.92,13.29,13.35,13.33,8.3
"2013-08-03 23:00:00",89241,0.124,0.135,0.154,12.17,11.77,12.85,13.25,13.35,13.33,8.15
"2013-08-03 23:15:00",89242,0.124,0.135,0.154,12.09,11.68,12.79,13.22,13.34,13.35,7.993
"2013-08-03 23:30:00",89243,0.124,0.135,0.154,12.02,11.6,12.73,13.18,13.34,13.35,7.927
"2013-08-03 23:45:00",89244,0.124,0.135,0.154,11.96,11.54,12.67,13.15,13.34,13.32,7.97
"2013-08-04 00:00:00",89245,0.124,0.135,0.154,11.92,11.49,12.62,13.11,13.33,13.28,8.13
"2013-08-04 00:15:00",89246,0.124,0.135,0.154,11.88,11.46,12.56,13.07,13.33,13.3,8.28
"2013-08-04 00:30:00",89247,0.124,0.135,0.154,11.85,11.43,12.51,13.03,13.32,13.33,8.44
"2013-08-04 00:45:00",89248,0.124,0.135,0.154,11.83,11.4,12.47,13,13.32,13.36,8.59
"2013-08-04 01:00:00",89249,0.124,0.135,0.154,11.8,11.37,12.43,12.97,13.31,13.36,8.72
"2013-08-04 01:15:00",89250,0.124,0.135,0.154,11.76,11.34,12.38,12.94,13.3,13.37,8.88
"2013-08-04 01:30:00",89251,0.124,0.135,0.154,11.73,11.3,12.35,12.9,13.3,13.37,8.94
"2013-08-04 01:45:00",89252,0.124,0.135,0.154,11.69,11.26,12.32,12.87,13.29,13.37,8.92
"2013-08-04 02:00:00",89253,0.124,0.135,0.154,11.64,11.22,12.28,12.84,13.28,13.39,8.86
"2013-08-04 02:15:00",89254,0.123,0.135,0.154,11.6,11.17,12.24,12.81,13.27,13.37,8.86
"2013-08-04 02:30:00",89255,0.124,0.135,0.154,11.56,11.13,12.21,12.78,13.26,13.36,8.88
"2013-08-04 02:45:00",89256,0.123,0.135,0.154,11.53,11.09,12.17,12.75,13.25,13.37,8.92
"2013-08-04 03:00:00",89257,0.123,0.135,0.154,11.49,11.06,12.14,12.72,13.23,13.37,9.15
"2013-08-04 03:15:00",89258,0.123,0.135,0.154,11.47,11.03,12.1,12.69,13.22,13.37,9.41
"2013-08-04 03:30:00",89259,0.123,0.135,0.154,11.45,11.02,12.06,12.67,13.21,13.35,9.68
"2013-08-04 03:45:00",89260,0.123,0.135,0.154,11.44,11,12.03,12.64,13.2,13.36,9.84
"2013-08-04 04:00:00",89261,0.123,0.135,0.154,11.42,10.99,12,12.61,13.18,13.37,9.93
"2013-08-04 04:15:00",89262,0.123,0.135,0.154,11.41,10.97,11.98,12.58,13.17,13.39,9.97
"2013-08-04 04:30:00",89263,0.123,0.135,0.154,11.39,10.95,11.95,12.56,13.16,13.4,9.93
"2013-08-04 04:45:00",89264,0.123,0.135,0.154,11.37,10.94,11.93,12.53,13.15,13.4,9.82
"2013-08-04 05:00:00",89265,0.123,0.135,0.154,11.34,10.91,11.91,12.51,13.13,13.4,9.59
"2013-08-04 05:15:00",89266,0.123,0.135,0.154,11.31,10.88,11.88,12.49,13.12,13.39,9.35
"2013-08-04 05:30:00",89267,0.123,0.135,0.154,11.26,10.84,11.86,12.47,13.11,13.4,9.12
"2013-08-04 05:45:00",89268,0.123,0.135,0.154,11.22,10.79,11.84,12.45,13.1,13.4,8.79
"2013-08-04 06:00:00",89269,0.123,0.135,0.154,11.17,10.74,11.81,12.43,13.09,13.4,8.44
"2013-08-04 06:15:00",89270,0.123,0.135,0.154,11.11,10.68,11.78,12.4,13.07,13.39,8.1
"2013-08-04 06:30:00",89271,0.123,0.135,0.154,11.04,10.62,11.74,12.38,13.06,13.39,7.839
"2013-08-04 06:45:00",89272,0.123,0.135,0.154,10.99,10.56,11.71,12.35,13.04,13.4,7.729
"2013-08-04 07:00:00",89273,0.123,0.135,0.154,10.94,10.51,11.68,12.33,13.03,13.42,7.839
"2013-08-04 07:15:00",89274,0.123,0.135,0.154,10.91,10.47,11.64,12.31,13.02,13.42,8.17
"2013-08-04 07:30:00",89275,0.123,0.135,0.154,10.89,10.44,11.61,12.28,13,13.41,8.46
"2013-08-04 07:45:00",89276,0.123,0.135,0.154,10.87,10.43,11.57,12.25,12.99,13.4,8.66
"2013-08-04 08:00:00",89277,0.123,0.135,0.154,10.85,10.41,11.55,12.23,12.98,13.4,9.84
"2013-08-04 08:15:00",89278,0.123,0.134,0.154,10.86,10.42,11.51,12.2,12.96,13.41,13.23
"2013-08-04 08:30:00",89279,0.123,0.135,0.154,10.93,10.48,11.48,12.17,12.95,13.4,15.85
"2013-08-04 08:45:00",89280,0.123,0.135,0.154,11.06,10.61,11.47,12.15,12.94,13.38,16.44
"2013-08-04 09:00:00",89281,0.123,0.134,0.154,11.21,10.76,11.47,12.13,12.92,13.33,16.69
"2013-08-04 09:15:00",89282,0.123,0.134,0.154,11.36,10.93,11.48,12.12,12.91,13.32,17.97
"2013-08-04 09:30:00",89283,0.123,0.135,0.154,11.55,11.14,11.51,12.09,12.9,13.32,20.45
"2013-08-04 09:45:00",89284,0.123,0.134,0.154,11.84,11.45,11.54,12.08,12.88,13.37,21.92
"2013-08-04 10:00:00",89285,0.123,0.134,0.154,12.19,11.84,11.61,12.08,12.88,13.4,21.97
"2013-08-04 10:15:00",89286,0.123,0.134,0.154,12.54,12.24,11.69,12.09,12.86,13.4,21.81
"2013-08-04 10:30:00",89287,0.123,0.134,0.154,12.89,12.66,11.8,12.1,12.86,13.41,21.67
"2013-08-04 10:45:00",89288,0.123,0.134,0.154,13.21,13.05,11.93,12.13,12.85,13.42,21.89
"2013-08-04 11:00:00",89289,0.123,0.134,0.154,13.52,13.42,12.08,12.16,12.83,13.42,23.24
"2013-08-04 11:15:00",89290,0.123,0.134,0.154,13.83,13.79,12.22,12.2,12.82,13.42,24.57
"2013-08-04 11:30:00",89291,0.122,0.134,0.154,14.12,14.16,12.39,12.24,12.81,13.42,25.4
"2013-08-04 11:45:00",89292,0.122,0.134,0.154,14.41,14.5,12.57,12.3,12.8,13.44,25.4
"2013-08-04 12:00:00",89293,0.122,0.134,0.154,14.7,14.71,12.74,12.38,12.8,13.44,24.95
"2013-08-04 12:15:00",89294,0.122,0.134,0.154,14.95,14.87,12.91,12.45,12.8,13.44,24.78
"2013-08-04 12:30:00",89295,0.122,0.134,0.154,15.17,15.12,13.07,12.53,12.8,13.42,24.48
"2013-08-04 12:45:00",89296,0.122,0.134,0.154,15.33,15.4,13.23,12.61,12.8,13.4,24.07
"2013-08-04 13:00:00",89297,0.122,0.134,0.154,15.48,15.66,13.38,12.7,12.8,13.43,23.5
"2013-08-04 13:15:00",89298,0.121,0.134,0.154,15.64,15.91,13.54,12.78,12.81,13.42,22.92
"2013-08-04 13:30:00",89299,0.121,0.134,0.154,15.78,16.11,13.71,12.87,12.82,13.42,22.39
"2013-08-04 13:45:00",89300,0.121,0.134,0.153,15.91,16.24,13.86,12.97,12.84,13.41,22.08
"2013-08-04 14:00:00",89301,0.121,0.134,0.154,16.02,16.3,14.01,13.06,12.85,13.4,21.92
"2013-08-04 14:15:00",89302,0.121,0.134,0.153,16.07,16.28,14.15,13.16,12.86,13.4,21.64
"2013-08-04 14:30:00",89303,0.121,0.134,0.154,16.09,16.25,14.26,13.25,12.89,13.36,21.34
"2013-08-04 14:45:00",89304,0.12,0.134,0.154,16.07,16.23,14.36,13.34,12.91,13.36,20.91
"2013-08-04 15:00:00",89305,0.12,0.134,0.153,16.01,16.16,14.44,13.42,12.93,13.38,20.37
"2013-08-04 15:15:00",89306,0.12,0.134,0.154,15.92,16.07,14.51,13.5,12.95,13.4,19.97
"2013-08-04 15:30:00",89307,0.12,0.134,0.154,15.83,15.96,14.56,13.58,12.97,13.39,19.36
"2013-08-04 15:45:00",89308,0.12,0.134,0.153,15.71,15.84,14.6,13.65,13,13.39,18.74
"2013-08-04 16:00:00",89309,0.12,0.134,0.153,15.59,15.72,14.63,13.71,13.03,13.39,18.12
"2013-08-04 16:15:00",89310,0.12,0.134,0.153,15.46,15.59,14.64,13.77,13.06,13.38,17.62
"2013-08-04 16:30:00",89311,0.12,0.134,0.153,15.35,15.47,14.64,13.81,13.09,13.39,17.19
"2013-08-04 16:45:00",89312,0.12,0.134,0.153,15.23,15.35,14.63,13.85,13.12,13.41,16.81
"2013-08-04 17:00:00",89313,0.12,0.134,0.153,15.11,15.22,14.62,13.89,13.15,13.41,16.36
"2013-08-04 17:15:00",89314,0.12,0.134,0.153,14.97,15.07,14.61,13.93,13.18,13.4,15.8
"2013-08-04 17:30:00",89315,0.12,0.133,0.153,14.82,14.92,14.58,13.95,13.21,13.38,15.14
"2013-08-04 17:45:00",89316,0.12,0.133,0.153,14.66,14.75,14.55,13.98,13.24,13.35,14.54
"2013-08-04 18:00:00",89317,0.12,0.133,0.153,14.5,14.57,14.51,13.99,13.27,13.35,14.04
"2013-08-04 18:15:00",89318,0.12,0.133,0.153,14.33,14.4,14.46,14,13.29,13.39,13.56
"2013-08-04 18:30:00",89319,0.12,0.133,0.153,14.18,14.23,14.4,14,13.32,13.42,13.09
"2013-08-04 18:45:00",89320,0.12,0.133,0.153,14.04,14.07,14.34,14,13.35,13.45,12.74
"2013-08-04 19:00:00",89321,0.12,0.133,0.153,13.9,13.92,14.28,14,13.37,13.45,12.44
"2013-08-04 19:15:00",89322,0.12,0.133,0.153,13.77,13.77,14.21,13.99,13.39,13.46,12.05
"2013-08-04 19:30:00",89323,0.12,0.133,0.153,13.66,13.63,14.14,13.97,13.41,13.46,11.63
"2013-08-04 19:45:00",89324,0.12,0.133,0.153,13.54,13.49,14.07,13.96,13.43,13.47,11.18
"2013-08-04 20:00:00",89325,0.12,0.133,0.153,13.42,13.35,14,13.93,13.45,13.47,10.67
"2013-08-04 20:15:00",89326,0.12,0.133,0.153,13.3,13.22,13.93,13.91,13.46,13.46,10.16
"2013-08-04 20:30:00",89327,0.12,0.133,0.153,13.19,13.08,13.86,13.89,13.48,13.45,9.64
"2013-08-04 20:45:00",89328,0.12,0.133,0.153,13.08,12.95,13.79,13.86,13.49,13.4,9.15
"2013-08-04 21:00:00",89329,0.12,0.133,0.153,12.96,12.83,13.71,13.83,13.51,13.39,8.75
"2013-08-04 21:15:00",89330,0.12,0.133,0.153,12.85,12.7,13.64,13.8,13.52,13.37,8.35
"2013-08-04 21:30:00",89331,0.12,0.133,0.153,12.74,12.57,13.56,13.76,13.52,13.37,7.993
"2013-08-04 21:45:00",89332,0.12,0.133,0.153,12.63,12.45,13.49,13.72,13.53,13.38,7.729
"2013-08-04 22:00:00",89333,0.12,0.133,0.153,12.52,12.33,13.41,13.69,13.53,13.4,7.464
"2013-08-04 22:15:00",89334,0.12,0.133,0.153,12.42,12.21,13.34,13.65,13.54,13.41,7.225
"2013-08-04 22:30:00",89335,0.12,0.133,0.153,12.32,12.11,13.26,13.61,13.54,13.43,7.114
"2013-08-04 22:45:00",89336,0.12,0.133,0.153,12.23,12,13.19,13.57,13.54,13.45,7.049
"2013-08-04 23:00:00",89337,0.12,0.133,0.153,12.15,11.91,13.11,13.53,13.54,13.45,7.071
"2013-08-04 23:15:00",89338,0.12,0.133,0.153,12.08,11.82,13.04,13.49,13.54,13.45,7.071
"2013-08-04 23:30:00",89339,0.12,0.133,0.153,12.01,11.75,12.97,13.44,13.54,13.45,7.028
"2013-08-04 23:45:00",89340,0.12,0.133,0.153,11.95,11.68,12.91,13.4,13.53,13.45,7.049
"2013-08-05 00:00:00",89341,0.12,0.133,0.153,11.9,11.62,12.84,13.36,13.53,13.45,7.049
"2013-08-05 00:15:00",89342,0.12,0.133,0.153,11.85,11.56,12.78,13.32,13.52,13.45,7.071
"2013-08-05 00:30:00",89343,0.12,0.133,0.153,11.81,11.51,12.72,13.27,13.52,13.45,7.159
"2013-08-05 00:45:00",89344,0.12,0.133,0.153,11.78,11.47,12.67,13.23,13.51,13.45,7.268
"2013-08-05 01:00:00",89345,0.12,0.133,0.153,11.76,11.45,12.61,13.19,13.5,13.45,7.421
"2013-08-05 01:15:00",89346,0.12,0.133,0.153,11.74,11.43,12.57,13.15,13.49,13.45,7.575
"2013-08-05 01:30:00",89347,0.12,0.133,0.153,11.72,11.4,12.52,13.11,13.48,13.45,7.729
"2013-08-05 01:45:00",89348,0.12,0.133,0.153,11.69,11.37,12.48,13.07,13.47,13.45,7.839
"2013-08-05 02:00:00",89349,0.12,0.133,0.153,11.67,11.35,12.44,13.04,13.45,13.45,7.95
"2013-08-05 02:15:00",89350,0.12,0.133,0.153,11.65,11.31,12.4,13,13.44,13.45,8.02
"2013-08-05 02:30:00",89351,0.12,0.133,0.153,11.61,11.27,12.37,12.97,13.43,13.45,7.993
"2013-08-05 02:45:00",89352,0.12,0.133,0.153,11.57,11.23,12.34,12.93,13.42,13.45,7.839
"2013-08-05 03:00:00",89353,0.12,0.133,0.153,11.51,11.17,12.3,12.9,13.4,13.45,7.598
"2013-08-05 03:15:00",89354,0.12,0.133,0.153,11.44,11.1,12.26,12.88,13.39,13.45,7.356
"2013-08-05 03:30:00",89355,0.119,0.133,0.153,11.37,11.02,12.22,12.85,13.38,13.45,7.094
"2013-08-05 03:45:00",89356,0.119,0.133,0.153,11.3,10.95,12.18,12.82,13.37,13.45,6.852
"2013-08-05 04:00:00",89357,0.119,0.133,0.153,11.23,10.87,12.14,12.79,13.36,13.45,6.635
"2013-08-05 04:15:00",89358,0.119,0.133,0.153,11.16,10.8,12.1,12.76,13.34,13.45,6.461
"2013-08-05 04:30:00",89359,0.119,0.133,0.153,11.1,10.73,12.05,12.72,13.32,13.45,6.33
"2013-08-05 04:45:00",89360,0.119,0.133,0.153,11.03,10.66,12,12.69,13.31,13.45,6.265
"2013-08-05 05:00:00",89361,0.119,0.133,0.153,10.97,10.6,11.95,12.65,13.3,13.45,6.199
"2013-08-05 05:15:00",89362,0.119,0.133,0.153,10.91,10.54,11.9,12.62,13.28,13.45,6.156
"2013-08-05 05:30:00",89363,0.119,0.133,0.153,10.85,10.48,11.85,12.59,13.27,13.45,6.113
"2013-08-05 05:45:00",89364,0.119,0.133,0.153,10.79,10.41,11.8,12.55,13.25,13.45,6.025
"2013-08-05 06:00:00",89365,0.119,0.133,0.153,10.73,10.35,11.76,12.52,13.24,13.45,5.874
"2013-08-05 06:15:00",89366,0.119,0.133,0.153,10.67,10.29,11.71,12.48,13.22,13.45,5.637
"2013-08-05 06:30:00",89367,0.119,0.133,0.153,10.6,10.22,11.67,12.45,13.21,13.45,5.44
"2013-08-05 06:45:00",89368,0.119,0.133,0.153,10.55,10.16,11.62,12.42,13.19,13.45,5.246
"2013-08-05 07:00:00",89369,0.119,0.133,0.153,10.49,10.1,11.57,12.38,13.18,13.45,5.097
"2013-08-05 07:15:00",89370,0.12,0.133,0.153,10.43,10.03,11.52,12.34,13.16,13.46,4.988
"2013-08-05 07:30:00",89371,0.12,0.133,0.153,10.38,9.98,11.47,12.31,13.14,13.46,5.009
"2013-08-05 07:45:00",89372,0.12,0.133,0.152,10.34,9.94,11.43,12.27,13.13,13.46,5.16
"2013-08-05 08:00:00",89373,0.12,0.133,0.152,10.32,9.91,11.38,12.24,13.11,13.46,6.524
"2013-08-05 08:15:00",89374,0.12,0.133,0.152,10.31,9.91,11.34,12.19,13.09,13.45,10.4
"2013-08-05 08:30:00",89375,0.12,0.133,0.152,10.36,9.96,11.29,12.15,13.06,13.46,14.85
"2013-08-05 08:45:00",89376,0.12,0.133,0.152,10.48,10.07,11.26,12.12,13.04,13.46,18.82
"2013-08-05 09:00:00",89377,0.119,0.133,0.152,10.63,10.24,11.24,12.09,13.03,13.46,22.28
"2013-08-05 09:15:00",89378,0.119,0.133,0.152,10.84,10.48,11.25,12.06,13.01,13.45,24.89
"2013-08-05 09:30:00",89379,0.119,0.133,0.152,11.07,10.78,11.27,12.04,12.99,13.45,26.59
"2013-08-05 09:45:00",89380,0.119,0.133,0.152,11.36,11.11,11.32,12.02,12.98,13.45,26.65
"2013-08-05 10:00:00",89381,0.119,0.133,0.152,11.66,11.46,11.39,12.01,12.97,13.45,25.16
"2013-08-05 10:15:00",89382,0.119,0.133,0.152,11.98,11.83,11.49,12.01,12.95,13.46,23.72
"2013-08-05 10:30:00",89383,0.119,0.133,0.152,12.32,12.2,11.59,12.02,12.93,13.46,22.67
"2013-08-05 10:45:00",89384,0.119,0.133,0.152,12.66,12.57,11.72,12.04,12.91,13.44,22.28
"2013-08-05 11:00:00",89385,0.119,0.133,0.152,13.01,12.93,11.85,12.07,12.9,13.41,23.21
"2013-08-05 11:15:00",89386,0.119,0.133,0.152,13.37,13.29,11.99,12.1,12.88,13.39,24.33
"2013-08-05 11:30:00",89387,0.119,0.133,0.152,13.71,13.65,12.14,12.14,12.87,13.4,25.1
"2013-08-05 11:45:00",89388,0.119,0.133,0.152,14.05,14,12.31,12.2,12.85,13.39,25.22
"2013-08-05 12:00:00",89389,0.118,0.133,0.152,14.36,14.23,12.48,12.26,12.85,13.43,24.84
"2013-08-05 12:15:00",89390,0.118,0.133,0.152,14.64,14.4,12.65,12.33,12.84,13.43,24.6
"2013-08-05 12:30:00",89391,0.118,0.133,0.152,14.89,14.67,12.8,12.4,12.84,13.43,24.36
"2013-08-05 12:45:00",89392,0.118,0.133,0.152,15.08,14.98,12.95,12.48,12.83,13.45,24.04
"2013-08-05 13:00:00",89393,0.118,0.132,0.152,15.27,15.28,13.11,12.56,12.83,13.47,23.52
"2013-08-05 13:15:00",89394,0.118,0.132,0.152,15.47,15.54,13.27,12.64,12.84,13.47,23.01
"2013-08-05 13:30:00",89395,0.118,0.132,0.152,15.66,15.77,13.45,12.73,12.84,13.46,22.59
"2013-08-05 13:45:00",89396,0.117,0.132,0.152,15.85,15.94,13.61,12.82,12.85,13.46,22.25
"2013-08-05 14:00:00",89397,0.117,0.132,0.152,15.98,16.01,13.76,12.92,12.86,13.44,21.97
"2013-08-05 14:15:00",89398,0.117,0.132,0.152,16.04,16,13.91,13.01,12.88,13.42,21.75
"2013-08-05 14:30:00",89399,0.117,0.132,0.152,16.06,15.98,14.03,13.1,12.89,13.4,21.53
"2013-08-05 14:45:00",89400,0.117,0.132,0.152,16.05,15.98,14.14,13.2,12.91,13.4,21.34
"2013-08-05 15:00:00",89401,0.117,0.132,0.152,16.01,15.95,14.23,13.28,12.93,13.42,21.1
"2013-08-05 15:15:00",89402,0.117,0.132,0.152,15.95,15.87,14.3,13.36,12.95,13.42,20.83
"2013-08-05 15:30:00",89403,0.116,0.132,0.152,15.91,15.78,14.37,13.44,12.97,13.42,20.48
"2013-08-05 15:45:00",89404,0.116,0.132,0.152,15.87,15.69,14.41,13.51,12.99,13.42,20.08
"2013-08-05 16:00:00",89405,0.116,0.132,0.152,15.77,15.59,14.45,13.58,13.02,13.42,19.65
"2013-08-05 16:15:00",89406,0.116,0.132,0.152,15.65,15.47,14.47,13.64,13.05,13.41,19.18
"2013-08-05 16:30:00",89407,0.116,0.132,0.152,15.51,15.34,14.49,13.69,13.08,13.4,18.69
"2013-08-05 16:45:00",89408,0.116,0.132,0.152,15.36,15.2,14.5,13.74,13.11,13.4,18.07
"2013-08-05 17:00:00",89409,0.116,0.132,0.152,15.22,15.06,14.49,13.78,13.14,13.38,17.44
"2013-08-05 17:15:00",89410,0.116,0.132,0.152,15.07,14.9,14.47,13.82,13.16,13.37,16.81
"2013-08-05 17:30:00",89411,0.116,0.132,0.152,14.92,14.75,14.45,13.84,13.19,13.38,16.22
"2013-08-05 17:45:00",89412,0.116,0.132,0.152,14.77,14.59,14.42,13.87,13.22,13.38,15.63
"2013-08-05 18:00:00",89413,0.116,0.132,0.152,14.62,14.44,14.38,13.89,13.25,13.37,15
"2013-08-05 18:15:00",89414,0.116,0.132,0.152,14.48,14.3,14.34,13.9,13.28,13.39,14.37
"2013-08-05 18:30:00",89415,0.116,0.132,0.152,14.34,14.15,14.28,13.91,13.3,13.39,13.82
"2013-08-05 18:45:00",89416,0.116,0.132,0.152,14.21,14.01,14.23,13.91,13.32,13.4,13.33
"2013-08-05 19:00:00",89417,0.116,0.132,0.152,14.09,13.88,14.18,13.91,13.35,13.39,12.81
"2013-08-05 19:15:00",89418,0.116,0.132,0.152,13.97,13.74,14.12,13.9,13.37,13.39,12.26
"2013-08-05 19:30:00",89419,0.116,0.132,0.152,13.84,13.61,14.06,13.89,13.39,13.43,11.73
"2013-08-05 19:45:00",89420,0.116,0.132,0.152,13.73,13.48,14,13.88,13.41,13.44,11.2
"2013-08-05 20:00:00",89421,0.116,0.132,0.152,13.6,13.35,13.94,13.86,13.43,13.43,10.65
"2013-08-05 20:15:00",89422,0.116,0.132,0.152,13.48,13.22,13.87,13.84,13.45,13.42,10.13
"2013-08-05 20:30:00",89423,0.116,0.132,0.152,13.36,13.09,13.81,13.82,13.46,13.42,9.64
"2013-08-05 20:45:00",89424,0.116,0.132,0.152,13.25,12.96,13.74,13.8,13.47,13.43,9.21
"2013-08-05 21:00:00",89425,0.116,0.132,0.152,13.13,12.84,13.67,13.77,13.49,13.39,8.81
"2013-08-05 21:15:00",89426,0.116,0.132,0.152,13.01,12.72,13.61,13.75,13.5,13.36,8.35
"2013-08-05 21:30:00",89427,0.116,0.132,0.152,12.89,12.59,13.53,13.72,13.5,13.36,8.04
"2013-08-05 21:45:00",89428,0.116,0.132,0.152,12.79,12.47,13.46,13.68,13.51,13.35,7.882
"2013-08-05 22:00:00",89429,0.116,0.132,0.151,12.68,12.36,13.39,13.65,13.51,13.33,7.751
"2013-08-05 22:15:00",89430,0.116,0.132,0.151,12.59,12.26,13.32,13.61,13.52,13.32,7.598
"2013-08-05 22:30:00",89431,0.116,0.132,0.151,12.5,12.16,13.25,13.57,13.52,13.37,7.839
"2013-08-05 22:45:00",89432,0.116,0.132,0.151,12.41,12.06,13.18,13.54,13.53,13.37,8.23
"2013-08-05 23:00:00",89433,0.116,0.131,0.151,12.34,11.98,13.11,13.5,13.52,13.41,8.61
"2013-08-05 23:15:00",89434,0.116,0.132,0.151,12.28,11.92,13.04,13.46,13.53,13.4,8.83
"2013-08-05 23:30:00",89435,0.116,0.132,0.151,12.22,11.85,12.98,13.42,13.53,13.4,9.01
"2013-08-05 23:45:00",89436,0.116,0.132,0.151,12.17,11.79,12.92,13.39,13.53,13.41,9.12
"2013-08-06 00:00:00",89437,0.116,0.132,0.151,12.11,11.73,12.87,13.35,13.52,13.41,9.17
"2013-08-06 00:15:00",89438,0.116,0.132,0.151,12.07,11.68,12.81,13.31,13.52,13.4,9.32
"2013-08-06 00:30:00",89439,0.116,0.132,0.151,12.03,11.64,12.76,13.27,13.51,13.4,9.48
"2013-08-06 00:45:00",89440,0.116,0.132,0.151,11.98,11.59,12.71,13.23,13.5,13.41,9.57
"2013-08-06 01:00:00",89441,0.116,0.132,0.151,11.94,11.55,12.66,13.2,13.5,13.41,9.57
"2013-08-06 01:15:00",89442,0.116,0.132,0.151,11.9,11.5,12.61,13.16,13.49,13.4,9.52
"2013-08-06 01:30:00",89443,0.116,0.132,0.151,11.87,11.47,12.57,13.13,13.48,13.37,9.46
"2013-08-06 01:45:00",89444,0.116,0.132,0.151,11.83,11.44,12.53,13.09,13.47,13.36,9.21
"2013-08-06 02:00:00",89445,0.116,0.131,0.151,11.8,11.4,12.49,13.06,13.46,13.38,8.92
"2013-08-06 02:15:00",89446,0.116,0.131,0.151,11.76,11.36,12.45,13.03,13.45,13.38,8.66
"2013-08-06 02:30:00",89447,0.116,0.131,0.151,11.72,11.32,12.41,12.99,13.44,13.37,8.41
"2013-08-06 02:45:00",89448,0.116,0.131,0.151,11.66,11.26,12.38,12.96,13.42,13.37,8.08
"2013-08-06 03:00:00",89449,0.116,0.131,0.151,11.61,11.2,12.33,12.93,13.41,13.41,7.794
"2013-08-06 03:15:00",89450,0.116,0.131,0.151,11.55,11.14,12.29,12.9,13.4,13.43,7.464
"2013-08-06 03:30:00",89451,0.116,0.131,0.151,11.49,11.08,12.26,12.87,13.39,13.43,7.268
"2013-08-06 03:45:00",89452,0.116,0.131,0.151,11.43,11.02,12.21,12.84,13.38,13.43,7.071
"2013-08-06 04:00:00",89453,0.116,0.131,0.151,11.36,10.95,12.17,12.81,13.37,13.43,6.875
"2013-08-06 04:15:00",89454,0.116,0.131,0.151,11.29,10.89,12.13,12.78,13.35,13.42,6.701
"2013-08-06 04:30:00",89455,0.116,0.131,0.151,11.23,10.81,12.09,12.75,13.34,13.42,6.504
"2013-08-06 04:45:00",89456,0.116,0.131,0.151,11.16,10.74,12.04,12.72,13.32,13.4,6.308
"2013-08-06 05:00:00",89457,0.116,0.131,0.151,11.09,10.67,11.99,12.68,13.31,13.34,6.091
"2013-08-06 05:15:00",89458,0.116,0.131,0.151,11.02,10.6,11.95,12.65,13.3,13.28,5.851
"2013-08-06 05:30:00",89459,0.116,0.131,0.151,10.95,10.53,11.9,12.62,13.29,13.31,5.571
"2013-08-06 05:45:00",89460,0.116,0.131,0.151,10.89,10.46,11.85,12.59,13.27,13.38,5.334
"2013-08-06 06:00:00",89461,0.116,0.131,0.151,10.82,10.39,11.8,12.55,13.25,13.42,5.117
