"TOA5","Cntrl17","CR1000","33292","CR1000.Std.19","CPU:Cntrlsensors17_20130328.CR1","58449","Table1"
"TIMESTAMP","RECORD","VW_Avg(1)","VW_Avg(2)","VW_Avg(3)","SoilTemp_Avg(1)","SoilTemp_Avg(2)","SoilTemp_Avg(3)","SoilTemp_Avg(4)","SoilTemp_Avg(5)","BattV_Min","PTemp"
"TS","RN","","","","Deg C","Deg C","Deg C","Deg C","Deg C","Volts",""
"","","Avg","Avg","Avg","Avg","Avg","Avg","Avg","Avg","Min","Smp"
"2013-07-31 06:15:00",88886,0.142,0.172,0.207,11.61,11.28,11.48,11.64,11.67,13.48,11.96
"2013-07-31 06:30:00",88887,0.142,0.172,0.207,11.61,11.27,11.47,11.64,11.68,13.49,11.98
"2013-07-31 06:45:00",88888,0.142,0.172,0.207,11.6,11.27,11.47,11.63,11.68,13.49,12.02
"2013-07-31 07:00:00",88889,0.142,0.172,0.207,11.6,11.27,11.47,11.63,11.67,13.49,12.05
"2013-07-31 07:15:00",88890,0.142,0.172,0.207,11.59,11.27,11.46,11.63,11.67,13.49,12.07
"2013-07-31 07:30:00",88891,0.142,0.172,0.207,11.59,11.27,11.46,11.62,11.68,13.49,12.14
"2013-07-31 07:45:00",88892,0.142,0.172,0.207,11.59,11.28,11.46,11.62,11.68,13.49,12.23
"2013-07-31 08:00:00",88893,0.142,0.172,0.207,11.61,11.31,11.45,11.62,11.67,13.49,12.35
"2013-07-31 08:15:00",88894,0.142,0.172,0.207,11.62,11.35,11.45,11.61,11.67,13.49,12.49
"2013-07-31 08:30:00",88895,0.142,0.172,0.207,11.65,11.39,11.46,11.61,11.67,13.49,12.65
"2013-07-31 08:45:00",88896,0.142,0.172,0.207,11.69,11.46,11.47,11.61,11.67,13.49,13.02
"2013-07-31 09:00:00",88897,0.142,0.172,0.207,11.75,11.56,11.48,11.61,11.67,13.49,13.42
"2013-07-31 09:15:00",88898,0.142,0.171,0.207,11.83,11.69,11.5,11.61,11.68,13.49,13.8
"2013-07-31 09:30:00",88899,0.142,0.172,0.207,11.93,11.83,11.53,11.62,11.67,13.49,14.18
"2013-07-31 09:45:00",88900,0.142,0.172,0.207,12.03,11.97,11.58,11.62,11.67,13.49,14.37
"2013-07-31 10:00:00",88901,0.142,0.172,0.207,12.1,12.05,11.62,11.63,11.67,13.49,14.8
"2013-07-31 10:15:00",88902,0.142,0.172,0.207,12.17,12.15,11.67,11.64,11.67,13.49,15.31
"2013-07-31 10:30:00",88903,0.142,0.172,0.207,12.28,12.31,11.72,11.66,11.67,13.49,15.65
"2013-07-31 10:45:00",88904,0.142,0.172,0.207,12.41,12.49,11.77,11.68,11.68,13.49,16.04
"2013-07-31 11:00:00",88905,0.142,0.172,0.207,12.56,12.69,11.84,11.7,11.68,13.49,16.27
"2013-07-31 11:15:00",88906,0.142,0.172,0.207,12.69,12.87,11.91,11.73,11.68,13.49,16.54
"2013-07-31 11:30:00",88907,0.142,0.172,0.207,12.83,13.04,11.99,11.75,11.68,13.49,16.56
"2013-07-31 11:45:00",88908,0.142,0.171,0.207,12.94,13.15,12.07,11.78,11.68,13.49,16.36
"2013-07-31 12:00:00",88909,0.142,0.171,0.207,13.01,13.2,12.16,11.82,11.69,13.49,16.22
"2013-07-31 12:15:00",88910,0.142,0.171,0.207,13.07,13.23,12.23,11.86,11.69,13.49,16.32
"2013-07-31 12:30:00",88911,0.141,0.171,0.207,13.14,13.33,12.3,11.9,11.7,13.49,16.59
"2013-07-31 12:45:00",88912,0.141,0.171,0.207,13.25,13.48,12.36,11.93,11.71,13.49,16.54
"2013-07-31 13:00:00",88913,0.141,0.171,0.207,13.33,13.56,12.43,11.98,11.72,13.49,16.39
"2013-07-31 13:15:00",88914,0.141,0.171,0.207,13.39,13.59,12.5,12.02,11.73,13.49,16.32
"2013-07-31 13:30:00",88915,0.141,0.171,0.207,13.43,13.62,12.56,12.06,11.74,13.49,16.44
"2013-07-31 13:45:00",88916,0.141,0.171,0.207,13.49,13.69,12.62,12.1,11.75,13.49,16.61
"2013-07-31 14:00:00",88917,0.141,0.171,0.207,13.56,13.77,12.67,12.14,11.75,13.49,16.61
"2013-07-31 14:15:00",88918,0.141,0.171,0.207,13.61,13.81,12.73,12.18,11.77,13.49,16.41
"2013-07-31 14:30:00",88919,0.141,0.171,0.207,13.62,13.78,12.78,12.22,11.78,13.49,16.07
"2013-07-31 14:45:00",88920,0.141,0.171,0.207,13.61,13.74,12.82,12.26,11.79,13.49,15.75
"2013-07-31 15:00:00",88921,0.141,0.171,0.207,13.59,13.69,12.86,12.3,11.81,13.49,15.46
"2013-07-31 15:15:00",88922,0.141,0.171,0.207,13.57,13.65,12.88,12.33,11.82,13.49,15.26
"2013-07-31 15:30:00",88923,0.141,0.171,0.207,13.55,13.59,12.9,12.36,11.84,13.49,15.17
"2013-07-31 15:45:00",88924,0.141,0.171,0.207,13.52,13.54,12.91,12.4,11.85,13.49,15.04
"2013-07-31 16:00:00",88925,0.141,0.171,0.207,13.49,13.49,12.91,12.42,11.87,13.49,14.92
"2013-07-31 16:15:00",88926,0.141,0.171,0.207,13.46,13.43,12.91,12.44,11.88,13.49,14.78
"2013-07-31 16:30:00",88927,0.141,0.171,0.207,13.42,13.38,12.91,12.46,11.9,13.49,14.59
"2013-07-31 16:45:00",88928,0.141,0.171,0.207,13.39,13.32,12.91,12.48,11.92,13.49,14.4
"2013-07-31 17:00:00",88929,0.141,0.171,0.207,13.36,13.28,12.9,12.5,11.93,13.49,14.21
"2013-07-31 17:15:00",88930,0.141,0.171,0.207,13.33,13.23,12.89,12.51,11.95,13.49,13.94
"2013-07-31 17:30:00",88931,0.141,0.171,0.207,13.28,13.16,12.88,12.52,11.96,13.49,13.56
"2013-07-31 17:45:00",88932,0.141,0.171,0.207,13.22,13.06,12.87,12.53,11.98,13.49,13
"2013-07-31 18:00:00",88933,0.141,0.171,0.207,13.13,12.92,12.85,12.54,11.99,13.49,12.39
"2013-07-31 18:15:00",88934,0.141,0.171,0.207,13.02,12.76,12.82,12.55,12.01,13.48,11.79
"2013-07-31 18:30:00",88935,0.141,0.171,0.207,12.91,12.6,12.78,12.55,12.03,13.48,11.2
"2013-07-31 18:45:00",88936,0.141,0.171,0.206,12.8,12.44,12.74,12.55,12.04,13.47,10.61
"2013-07-31 19:00:00",88937,0.141,0.171,0.206,12.68,12.29,12.68,12.55,12.05,13.47,10.02
"2013-07-31 19:15:00",88938,0.141,0.171,0.206,12.57,12.14,12.62,12.54,12.06,13.48,9.55
"2013-07-31 19:30:00",88939,0.141,0.171,0.206,12.45,12,12.56,12.52,12.07,13.47,9.12
"2013-07-31 19:45:00",88940,0.141,0.171,0.206,12.34,11.86,12.49,12.5,12.09,13.47,8.77
"2013-07-31 20:00:00",88941,0.141,0.171,0.206,12.24,11.73,12.42,12.49,12.09,13.47,8.48
"2013-07-31 20:15:00",88942,0.141,0.171,0.206,12.14,11.61,12.36,12.47,12.11,13.47,8.23
"2013-07-31 20:30:00",88943,0.141,0.171,0.206,12.04,11.49,12.28,12.44,12.11,13.47,7.97
"2013-07-31 20:45:00",88944,0.141,0.171,0.206,11.94,11.38,12.21,12.41,12.11,13.47,7.774
"2013-07-31 21:00:00",88945,0.141,0.171,0.206,11.85,11.28,12.14,12.38,12.12,13.47,7.686
"2013-07-31 21:15:00",88946,0.141,0.171,0.206,11.78,11.19,12.07,12.35,12.12,13.47,7.575
"2013-07-31 21:30:00",88947,0.141,0.171,0.206,11.69,11.09,12,12.31,12.13,13.47,7.464
"2013-07-31 21:45:00",88948,0.141,0.171,0.206,11.62,11.01,11.95,12.28,12.13,13.47,7.552
"2013-07-31 22:00:00",88949,0.141,0.171,0.206,11.56,10.96,11.88,12.25,12.14,13.47,7.729
"2013-07-31 22:15:00",88950,0.141,0.171,0.206,11.52,10.94,11.82,12.21,12.13,13.47,7.95
"2013-07-31 22:30:00",88951,0.141,0.171,0.206,11.49,10.93,11.77,12.17,12.13,13.48,8.13
"2013-07-31 22:45:00",88952,0.141,0.171,0.206,11.47,10.91,11.72,12.14,12.12,13.48,8.28
"2013-07-31 23:00:00",88953,0.141,0.171,0.206,11.45,10.89,11.69,12.11,12.13,13.47,8.46
"2013-07-31 23:15:00",88954,0.141,0.171,0.206,11.42,10.88,11.65,12.08,12.13,13.47,8.63
"2013-07-31 23:30:00",88955,0.141,0.171,0.206,11.41,10.88,11.62,12.05,12.12,13.47,8.75
"2013-07-31 23:45:00",88956,0.141,0.171,0.206,11.4,10.87,11.59,12.02,12.11,13.47,8.81
"2013-08-01 00:00:00",88957,0.141,0.171,0.206,11.38,10.87,11.56,11.99,12.11,13.47,8.86
"2013-08-01 00:15:00",88958,0.141,0.171,0.206,11.37,10.85,11.54,11.97,12.11,13.47,8.88
"2013-08-01 00:30:00",88959,0.141,0.171,0.206,11.34,10.82,11.52,11.95,12.1,13.47,8.86
"2013-08-01 00:45:00",88960,0.141,0.171,0.206,11.31,10.78,11.49,11.92,12.1,13.47,8.79
"2013-08-01 01:00:00",88961,0.141,0.171,0.206,11.27,10.73,11.46,11.9,12.09,13.47,8.68
"2013-08-01 01:15:00",88962,0.141,0.171,0.206,11.21,10.65,11.44,11.88,12.08,13.47,8.46
"2013-08-01 01:30:00",88963,0.141,0.171,0.206,11.14,10.56,11.41,11.86,12.07,13.47,8.21
"2013-08-01 01:45:00",88964,0.141,0.171,0.206,11.07,10.47,11.37,11.83,12.07,13.47,7.882
"2013-08-01 02:00:00",88965,0.141,0.171,0.206,10.99,10.37,11.32,11.81,12.06,13.47,7.641
"2013-08-01 02:15:00",88966,0.141,0.171,0.206,10.91,10.27,11.27,11.78,12.05,13.47,7.378
"2013-08-01 02:30:00",88967,0.141,0.171,0.206,10.83,10.17,11.23,11.76,12.04,13.47,7.094
"2013-08-01 02:45:00",88968,0.141,0.171,0.206,10.75,10.07,11.18,11.73,12.03,13.47,6.852
"2013-08-01 03:00:00",88969,0.141,0.171,0.206,10.67,9.99,11.13,11.7,12.02,13.47,6.59
"2013-08-01 03:15:00",88970,0.141,0.171,0.206,10.59,9.89,11.07,11.67,12.02,13.47,6.373
"2013-08-01 03:30:00",88971,0.141,0.171,0.206,10.52,9.81,11.01,11.64,12.01,13.47,6.091
"2013-08-01 03:45:00",88972,0.141,0.171,0.206,10.44,9.71,10.96,11.61,12,13.46,5.808
"2013-08-01 04:00:00",88973,0.141,0.171,0.206,10.36,9.62,10.9,11.58,11.99,13.46,5.614
"2013-08-01 04:15:00",88974,0.141,0.171,0.206,10.29,9.53,10.84,11.54,11.98,13.46,5.334
"2013-08-01 04:30:00",88975,0.141,0.171,0.206,10.21,9.44,10.78,11.5,11.96,13.46,5.097
"2013-08-01 04:45:00",88976,0.141,0.171,0.206,10.14,9.35,10.72,11.47,11.95,13.46,4.902
"2013-08-01 05:00:00",88977,0.141,0.171,0.206,10.06,9.27,10.66,11.43,11.94,13.46,4.708
"2013-08-01 05:15:00",88978,0.141,0.171,0.206,9.99,9.19,10.6,11.39,11.93,13.46,4.557
"2013-08-01 05:30:00",88979,0.141,0.171,0.206,9.92,9.11,10.54,11.35,11.92,13.46,4.471
"2013-08-01 05:45:00",88980,0.141,0.171,0.206,9.86,9.05,10.49,11.32,11.91,13.46,4.279
"2013-08-01 06:00:00",88981,0.141,0.171,0.206,9.8,8.98,10.43,11.28,11.9,13.46,4.127
"2013-08-01 06:15:00",88982,0.141,0.171,0.206,9.74,8.9,10.38,11.24,11.88,13.46,4.021
"2013-08-01 06:30:00",88983,0.141,0.171,0.206,9.68,8.84,10.32,11.2,11.87,13.46,3.913
"2013-08-01 06:45:00",88984,0.141,0.171,0.206,9.63,8.78,10.27,11.16,11.86,13.46,3.807
"2013-08-01 07:00:00",88985,0.141,0.171,0.206,9.56,8.72,10.21,11.12,11.84,13.46,3.721
"2013-08-01 07:15:00",88986,0.142,0.171,0.206,9.5,8.66,10.15,11.07,11.81,13.46,3.655
"2013-08-01 07:30:00",88987,0.142,0.171,0.206,9.46,8.61,10.1,11.03,11.8,13.47,3.655
"2013-08-01 07:45:00",88988,0.141,0.171,0.206,9.42,8.57,10.05,10.99,11.78,13.47,3.698
"2013-08-01 08:00:00",88989,0.142,0.171,0.206,9.38,8.54,10,10.96,11.77,13.47,3.85
"2013-08-01 08:15:00",88990,0.142,0.171,0.206,9.35,8.52,9.96,10.92,11.75,13.46,4.127
"2013-08-01 08:30:00",88991,0.142,0.171,0.206,9.33,8.51,9.92,10.89,11.74,13.46,4.493
"2013-08-01 08:45:00",88992,0.142,0.171,0.206,9.32,8.52,9.89,10.85,11.72,13.46,4.923
"2013-08-01 09:00:00",88993,0.142,0.171,0.206,9.3,8.53,9.85,10.82,11.7,13.47,5.44
"2013-08-01 09:15:00",88994,0.142,0.171,0.206,9.3,8.55,9.82,10.78,11.68,13.47,6.025
"2013-08-01 09:30:00",88995,0.141,0.171,0.206,9.3,8.59,9.8,10.75,11.67,13.46,6.678
"2013-08-01 09:45:00",88996,0.141,0.171,0.206,9.31,8.64,9.78,10.72,11.64,13.46,7.333
"2013-08-01 10:00:00",88997,0.141,0.171,0.206,9.35,8.71,9.77,10.69,11.62,13.46,8.37
"2013-08-01 10:15:00",88998,0.142,0.171,0.206,9.38,8.79,9.76,10.66,11.6,13.46,9.71
"2013-08-01 10:30:00",88999,0.141,0.171,0.206,9.42,8.93,9.76,10.64,11.59,13.46,12.26
"2013-08-01 10:45:00",89000,0.141,0.171,0.206,9.52,9.13,9.78,10.61,11.57,13.45,14.68
"2013-08-01 11:00:00",89001,0.142,0.171,0.206,9.73,9.55,9.8,10.6,11.55,13.46,16.69
"2013-08-01 11:15:00",89002,0.142,0.171,0.206,10.05,10.14,9.86,10.59,11.54,13.47,18.2
"2013-08-01 11:30:00",89003,0.142,0.171,0.206,10.42,10.75,9.98,10.59,11.52,13.48,18.84
"2013-08-01 11:45:00",89004,0.142,0.171,0.206,10.82,11.34,10.13,10.6,11.51,13.48,18.84
"2013-08-01 12:00:00",89005,0.141,0.171,0.206,11.22,11.88,10.31,10.63,11.5,13.48,18.79
"2013-08-01 12:15:00",89006,0.141,0.171,0.206,11.6,12.38,10.52,10.67,11.48,13.48,18.79
"2013-08-01 12:30:00",89007,0.141,0.171,0.206,11.97,12.85,10.74,10.71,11.47,13.49,18.61
"2013-08-01 12:45:00",89008,0.141,0.171,0.206,12.32,13.26,10.97,10.78,11.45,13.49,18.33
"2013-08-01 13:00:00",89009,0.141,0.171,0.206,12.64,13.62,11.19,10.86,11.44,13.49,17.99
"2013-08-01 13:15:00",89010,0.141,0.171,0.206,12.94,13.92,11.42,10.94,11.43,13.48,17.74
"2013-08-01 13:30:00",89011,0.141,0.171,0.206,13.17,14.06,11.63,11.03,11.43,13.49,17.49
"2013-08-01 13:45:00",89012,0.141,0.171,0.206,13.33,14.03,11.83,11.14,11.43,13.49,17.34
"2013-08-01 14:00:00",89013,0.141,0.171,0.206,13.44,13.91,11.99,11.23,11.43,13.49,17.24
"2013-08-01 14:15:00",89014,0.141,0.171,0.206,13.5,13.78,12.11,11.33,11.42,13.49,17.16
"2013-08-01 14:30:00",89015,0.14,0.171,0.206,13.53,13.65,12.2,11.42,11.43,13.49,17.09
"2013-08-01 14:45:00",89016,0.14,0.171,0.206,13.55,13.56,12.27,11.51,11.44,13.49,16.98
"2013-08-01 15:00:00",89017,0.14,0.171,0.206,13.56,13.49,12.32,11.59,11.45,13.49,16.89
"2013-08-01 15:15:00",89018,0.14,0.171,0.206,13.58,13.42,12.36,11.66,11.47,13.5,16.76
"2013-08-01 15:30:00",89019,0.14,0.171,0.206,13.58,13.36,12.4,11.73,11.48,13.5,16.66
"2013-08-01 15:45:00",89020,0.14,0.171,0.206,13.58,13.29,12.42,11.79,11.51,13.5,16.51
"2013-08-01 16:00:00",89021,0.14,0.171,0.206,13.55,13.22,12.44,11.84,11.53,13.5,16.32
"2013-08-01 16:15:00",89022,0.14,0.17,0.206,13.5,13.13,12.46,11.89,11.55,13.5,16.04
"2013-08-01 16:30:00",89023,0.14,0.17,0.206,13.43,13.02,12.47,11.94,11.57,13.5,15.68
"2013-08-01 16:45:00",89024,0.14,0.17,0.206,13.35,12.91,12.47,11.98,11.59,13.5,15.26
"2013-08-01 17:00:00",89025,0.14,0.17,0.206,13.26,12.79,12.46,12.01,11.61,13.49,14.73
"2013-08-01 17:15:00",89026,0.14,0.17,0.206,13.16,12.66,12.44,12.03,11.63,13.49,14.06
"2013-08-01 17:30:00",89027,0.14,0.17,0.206,13.06,12.53,12.42,12.06,11.66,13.49,13.35
"2013-08-01 17:45:00",89028,0.14,0.17,0.206,12.95,12.38,12.39,12.08,11.68,13.49,12.56
"2013-08-01 18:00:00",89029,0.14,0.17,0.206,12.83,12.23,12.35,12.09,11.7,13.49,11.84
"2013-08-01 18:15:00",89030,0.14,0.17,0.206,12.71,12.07,12.3,12.1,11.71,13.49,11.13
"2013-08-01 18:30:00",89031,0.14,0.17,0.206,12.59,11.92,12.25,12.1,11.73,13.49,10.52
"2013-08-01 18:45:00",89032,0.14,0.17,0.206,12.47,11.78,12.2,12.1,11.76,13.48,10.04
"2013-08-01 19:00:00",89033,0.14,0.17,0.206,12.36,11.64,12.14,12.1,11.77,13.48,9.66
"2013-08-01 19:15:00",89034,0.14,0.17,0.206,12.25,11.51,12.08,12.09,11.79,13.48,9.3
"2013-08-01 19:30:00",89035,0.14,0.17,0.206,12.15,11.39,12.02,12.08,11.8,13.47,8.9
"2013-08-01 19:45:00",89036,0.14,0.17,0.206,12.05,11.27,11.95,12.06,11.82,13.47,8.48
"2013-08-01 20:00:00",89037,0.14,0.17,0.206,11.95,11.16,11.9,12.04,11.84,13.46,8.1
"2013-08-01 20:15:00",89038,0.14,0.17,0.206,11.84,11.04,11.83,12.02,11.84,13.46,7.774
"2013-08-01 20:30:00",89039,0.14,0.17,0.206,11.75,10.93,11.76,12,11.85,13.46,7.487
"2013-08-01 20:45:00",89040,0.14,0.17,0.206,11.65,10.82,11.7,11.97,11.86,13.45,7.268
"2013-08-01 21:00:00",89041,0.14,0.17,0.206,11.55,10.72,11.63,11.95,11.86,13.45,7.114
"2013-08-01 21:15:00",89042,0.14,0.17,0.206,11.47,10.62,11.57,11.92,11.88,13.44,7.006
"2013-08-01 21:30:00",89043,0.14,0.17,0.206,11.38,10.53,11.51,11.89,11.88,13.43,6.897
"2013-08-01 21:45:00",89044,0.14,0.17,0.206,11.3,10.44,11.44,11.86,11.89,13.42,6.766
"2013-08-01 22:00:00",89045,0.14,0.17,0.206,11.22,10.35,11.38,11.83,11.89,13.43,6.59
"2013-08-01 22:15:00",89046,0.14,0.17,0.206,11.14,10.26,11.33,11.8,11.89,13.43,6.461
"2013-08-01 22:30:00",89047,0.14,0.17,0.206,11.06,10.17,11.26,11.76,11.89,13.43,6.351
"2013-08-01 22:45:00",89048,0.14,0.17,0.206,10.97,10.08,11.2,11.73,11.89,13.42,6.308
"2013-08-01 23:00:00",89049,0.14,0.17,0.206,10.9,10,11.14,11.69,11.89,13.42,6.199
"2013-08-01 23:15:00",89050,0.14,0.17,0.206,10.82,9.91,11.08,11.66,11.9,13.42,6.005
"2013-08-01 23:30:00",89051,0.14,0.17,0.206,10.74,9.83,11.02,11.62,11.89,13.41,5.808
"2013-08-01 23:45:00",89052,0.14,0.17,0.206,10.66,9.74,10.96,11.59,11.88,13.39,5.637
"2013-08-02 00:00:00",89053,0.14,0.17,0.206,10.58,9.65,10.9,11.55,11.88,13.38,5.44
"2013-08-02 00:15:00",89054,0.14,0.17,0.206,10.51,9.56,10.84,11.51,11.87,13.3,5.268
"2013-08-02 00:30:00",89055,0.14,0.17,0.206,10.43,9.48,10.78,11.47,11.86,13.24,5.097
"2013-08-02 00:45:00",89056,0.14,0.17,0.206,10.36,9.4,10.72,11.44,11.85,13.22,4.966
"2013-08-02 01:00:00",89057,0.14,0.17,0.206,10.28,9.32,10.66,11.4,11.85,13.47,4.816
"2013-08-02 01:15:00",89058,0.14,0.17,0.206,10.22,9.25,10.6,11.36,11.84,13.51,4.685
"2013-08-02 01:30:00",89059,0.14,0.17,0.206,10.14,9.18,10.55,11.32,11.83,13.51,4.493
"2013-08-02 01:45:00",89060,0.14,0.17,0.206,10.07,9.1,10.49,11.29,11.82,13.52,4.365
"2013-08-02 02:00:00",89061,0.14,0.17,0.206,10.01,9.03,10.44,11.25,11.81,13.52,4.256
"2013-08-02 02:15:00",89062,0.14,0.17,0.206,9.95,8.96,10.38,11.21,11.8,13.52,4.127
"2013-08-02 02:30:00",89063,0.14,0.17,0.206,9.88,8.89,10.33,11.17,11.79,13.52,4.064
"2013-08-02 02:45:00",89064,0.14,0.17,0.206,9.81,8.83,10.27,11.13,11.78,13.52,3.956
"2013-08-02 03:00:00",89065,0.14,0.17,0.206,9.74,8.76,10.21,11.09,11.76,13.52,3.87
"2013-08-02 03:15:00",89066,0.14,0.17,0.206,9.69,8.7,10.16,11.05,11.74,13.52,3.892
"2013-08-02 03:30:00",89067,0.14,0.17,0.206,9.65,8.68,10.1,11.01,11.73,13.52,4.021
"2013-08-02 03:45:00",89068,0.14,0.17,0.206,9.62,8.67,10.06,10.97,11.71,13.52,4.193
"2013-08-02 04:00:00",89069,0.14,0.17,0.206,9.61,8.69,10.02,10.94,11.71,13.52,4.471
"2013-08-02 04:15:00",89070,0.14,0.17,0.206,9.61,8.71,9.98,10.9,11.69,13.52,4.751
"2013-08-02 04:30:00",89071,0.14,0.17,0.206,9.61,8.74,9.95,10.86,11.67,13.52,5.009
"2013-08-02 04:45:00",89072,0.14,0.17,0.206,9.62,8.77,9.93,10.83,11.66,13.52,5.225
"2013-08-02 05:00:00",89073,0.14,0.17,0.206,9.62,8.79,9.91,10.8,11.64,13.52,5.354
"2013-08-02 05:15:00",89074,0.14,0.17,0.206,9.62,8.79,9.89,10.77,11.62,13.52,5.42
"2013-08-02 05:30:00",89075,0.14,0.17,0.206,9.61,8.78,9.88,10.74,11.61,13.52,5.397
"2013-08-02 05:45:00",89076,0.14,0.17,0.206,9.59,8.76,9.86,10.71,11.59,13.52,5.334
"2013-08-02 06:00:00",89077,0.14,0.17,0.206,9.56,8.72,9.85,10.69,11.57,13.52,5.246
"2013-08-02 06:15:00",89078,0.14,0.17,0.206,9.53,8.69,9.83,10.67,11.56,13.52,5.203
"2013-08-02 06:30:00",89079,0.14,0.17,0.206,9.5,8.65,9.8,10.65,11.54,13.52,5.074
"2013-08-02 06:45:00",89080,0.14,0.17,0.206,9.46,8.61,9.78,10.62,11.53,13.52,4.988
"2013-08-02 07:00:00",89081,0.14,0.17,0.206,9.43,8.58,9.76,10.61,11.51,13.52,4.966
"2013-08-02 07:15:00",89082,0.14,0.17,0.206,9.41,8.57,9.73,10.58,11.5,13.52,4.988
"2013-08-02 07:30:00",89083,0.14,0.17,0.206,9.4,8.56,9.71,10.56,11.48,13.52,5.097
"2013-08-02 07:45:00",89084,0.14,0.17,0.206,9.4,8.58,9.68,10.54,11.46,13.52,5.354
"2013-08-02 08:00:00",89085,0.14,0.17,0.206,9.41,8.62,9.67,10.52,11.45,13.52,5.614
"2013-08-02 08:15:00",89086,0.14,0.17,0.206,9.43,8.67,9.65,10.5,11.43,13.52,5.917
"2013-08-02 08:30:00",89087,0.14,0.17,0.206,9.47,8.75,9.65,10.48,11.42,13.53,6.287
"2013-08-02 08:45:00",89088,0.14,0.17,0.206,9.52,8.84,9.65,10.46,11.41,13.52,6.701
"2013-08-02 09:00:00",89089,0.14,0.17,0.206,9.58,8.94,9.66,10.45,11.39,13.52,7.268
"2013-08-02 09:15:00",89090,0.14,0.17,0.206,9.66,9.08,9.67,10.43,11.38,13.53,7.97
"2013-08-02 09:30:00",89091,0.14,0.17,0.206,9.76,9.24,9.69,10.42,11.36,13.53,8.68
"2013-08-02 09:45:00",89092,0.14,0.17,0.206,9.87,9.42,9.73,10.42,11.34,13.52,9.44
"2013-08-02 10:00:00",89093,0.14,0.17,0.206,10.01,9.62,9.78,10.42,11.33,13.52,10.58
"2013-08-02 10:15:00",89094,0.14,0.17,0.206,10.15,9.83,9.84,10.42,11.32,13.52,12.05
"2013-08-02 10:30:00",89095,0.14,0.17,0.206,10.3,10.09,9.91,10.42,11.31,13.52,13.4
"2013-08-02 10:45:00",89096,0.14,0.17,0.206,10.46,10.36,9.99,10.44,11.29,13.52,14.18
"2013-08-02 11:00:00",89097,0.14,0.17,0.206,10.62,10.63,10.08,10.46,11.28,13.53,14.73
"2013-08-02 11:15:00",89098,0.14,0.17,0.206,10.81,10.91,10.18,10.48,11.27,13.53,15.14
"2013-08-02 11:30:00",89099,0.14,0.17,0.206,11.01,11.19,10.3,10.51,11.27,13.52,15.9
"2013-08-02 11:45:00",89100,0.14,0.17,0.205,11.26,11.58,10.43,10.55,11.26,13.52,16.32
"2013-08-02 12:00:00",89101,0.14,0.17,0.205,11.56,12.01,10.56,10.6,11.25,13.52,16.69
"2013-08-02 12:15:00",89102,0.14,0.17,0.205,11.86,12.43,10.71,10.65,11.25,13.52,17.29
"2013-08-02 12:30:00",89103,0.14,0.17,0.205,12.2,12.89,10.89,10.7,11.24,13.53,17.69
"2013-08-02 12:45:00",89104,0.14,0.17,0.205,12.55,13.33,11.08,10.77,11.24,13.52,17.84
"2013-08-02 13:00:00",89105,0.14,0.17,0.205,12.88,13.73,11.29,10.84,11.24,13.52,17.99
"2013-08-02 13:15:00",89106,0.139,0.17,0.205,13.16,14.04,11.5,10.92,11.24,13.52,18.17
"2013-08-02 13:30:00",89107,0.139,0.17,0.205,13.39,14.19,11.71,11.01,11.25,13.53,18.35
"2013-08-02 13:45:00",89108,0.139,0.17,0.205,13.54,14.15,11.89,11.11,11.25,13.53,18.53
"2013-08-02 14:00:00",89109,0.139,0.17,0.205,13.63,14.03,12.05,11.21,11.26,13.53,18.66
"2013-08-02 14:15:00",89110,0.139,0.17,0.205,13.68,13.89,12.17,11.31,11.27,13.53,18.79
"2013-08-02 14:30:00",89111,0.139,0.17,0.205,13.69,13.76,12.26,11.4,11.28,13.53,18.89
"2013-08-02 14:45:00",89112,0.139,0.17,0.205,13.71,13.67,12.32,11.49,11.29,13.53,18.84
"2013-08-02 15:00:00",89113,0.139,0.17,0.205,13.7,13.59,12.37,11.57,11.31,13.53,18.71
"2013-08-02 15:15:00",89114,0.139,0.17,0.205,13.68,13.53,12.41,11.64,11.34,13.53,18.87
"2013-08-02 15:30:00",89115,0.138,0.17,0.205,13.67,13.49,12.44,11.71,11.36,13.53,19
"2013-08-02 15:45:00",89116,0.138,0.17,0.205,13.67,13.45,12.47,11.77,11.38,13.53,19.08
"2013-08-02 16:00:00",89117,0.139,0.169,0.205,13.66,13.42,12.49,11.82,11.4,13.53,19.08
"2013-08-02 16:15:00",89118,0.138,0.169,0.205,13.62,13.35,12.51,11.86,11.43,13.53,18.92
"2013-08-02 16:30:00",89119,0.138,0.169,0.205,13.55,13.25,12.53,11.91,11.45,13.53,18.56
"2013-08-02 16:45:00",89120,0.138,0.169,0.205,13.47,13.13,12.54,11.95,11.48,13.53,18.1
"2013-08-02 17:00:00",89121,0.138,0.169,0.205,13.38,13.01,12.54,11.99,11.51,13.52,17.62
"2013-08-02 17:15:00",89122,0.138,0.169,0.205,13.29,12.87,12.53,12.03,11.53,13.52,17.04
"2013-08-02 17:30:00",89123,0.138,0.169,0.205,13.19,12.73,12.5,12.05,11.55,13.52,16.39
"2013-08-02 17:45:00",89124,0.138,0.169,0.205,13.08,12.59,12.47,12.07,11.58,13.52,15.63
"2013-08-02 18:00:00",89125,0.138,0.169,0.205,12.98,12.45,12.44,12.09,11.6,13.52,14.92
"2013-08-02 18:15:00",89126,0.138,0.169,0.205,12.87,12.31,12.4,12.1,11.63,13.52,14.32
"2013-08-02 18:30:00",89127,0.138,0.169,0.205,12.75,12.16,12.35,12.11,11.64,13.52,13.99
"2013-08-02 18:45:00",89128,0.138,0.169,0.205,12.65,12.03,12.3,12.11,11.67,13.52,13.85
"2013-08-02 19:00:00",89129,0.138,0.169,0.205,12.55,11.91,12.25,12.11,11.69,13.53,13.56
"2013-08-02 19:15:00",89130,0.138,0.169,0.205,12.45,11.79,12.2,12.1,11.71,13.53,12.98
"2013-08-02 19:30:00",89131,0.138,0.169,0.205,12.35,11.67,12.14,12.1,11.72,13.53,12.35
"2013-08-02 19:45:00",89132,0.138,0.169,0.205,12.25,11.55,12.08,12.08,11.74,13.52,11.77
"2013-08-02 20:00:00",89133,0.138,0.169,0.205,12.15,11.43,12.02,12.07,11.76,13.52,11.38
"2013-08-02 20:15:00",89134,0.138,0.169,0.205,12.05,11.31,11.96,12.05,11.77,13.52,11.04
"2013-08-02 20:30:00",89135,0.138,0.169,0.205,11.96,11.2,11.9,12.04,11.79,13.53,10.61
"2013-08-02 20:45:00",89136,0.138,0.169,0.205,11.87,11.09,11.84,12.02,11.8,13.53,10.11
"2013-08-02 21:00:00",89137,0.138,0.169,0.205,11.77,10.98,11.78,12,11.81,13.52,9.73
"2013-08-02 21:15:00",89138,0.138,0.169,0.205,11.68,10.87,11.72,11.96,11.82,13.52,9.41
"2013-08-02 21:30:00",89139,0.138,0.169,0.205,11.58,10.77,11.65,11.94,11.82,13.52,9.03
"2013-08-02 21:45:00",89140,0.138,0.169,0.205,11.49,10.67,11.59,11.91,11.84,13.52,8.61
"2013-08-02 22:00:00",89141,0.138,0.169,0.205,11.4,10.56,11.53,11.88,11.84,13.52,8.21
"2013-08-02 22:15:00",89142,0.138,0.169,0.205,11.31,10.46,11.46,11.85,11.85,13.52,7.927
"2013-08-02 22:30:00",89143,0.138,0.169,0.205,11.23,10.36,11.4,11.82,11.85,13.53,7.794
"2013-08-02 22:45:00",89144,0.138,0.169,0.205,11.14,10.27,11.33,11.79,11.85,13.52,7.663
"2013-08-02 23:00:00",89145,0.138,0.169,0.205,11.06,10.18,11.27,11.75,11.85,13.52,7.618
"2013-08-02 23:15:00",89146,0.138,0.169,0.205,10.99,10.11,11.21,11.72,11.85,13.52,7.729
"2013-08-02 23:30:00",89147,0.138,0.169,0.205,10.92,10.04,11.15,11.68,11.84,13.52,7.862
"2013-08-02 23:45:00",89148,0.138,0.169,0.205,10.86,9.99,11.09,11.65,11.84,13.53,7.905
"2013-08-03 00:00:00",89149,0.138,0.169,0.205,10.81,9.93,11.03,11.61,11.84,13.53,7.905
"2013-08-03 00:15:00",89150,0.138,0.169,0.205,10.76,9.91,10.98,11.58,11.83,13.53,7.839
"2013-08-03 00:30:00",89151,0.138,0.169,0.205,10.74,9.89,10.94,11.54,11.83,13.53,7.774
"2013-08-03 00:45:00",89152,0.138,0.169,0.205,10.71,9.88,10.89,11.51,11.83,13.53,7.686
"2013-08-03 01:00:00",89153,0.138,0.169,0.205,10.68,9.86,10.86,11.47,11.82,13.52,7.51
"2013-08-03 01:15:00",89154,0.138,0.169,0.205,10.65,9.82,10.82,11.44,11.82,13.53,7.378
"2013-08-03 01:30:00",89155,0.138,0.169,0.205,10.61,9.77,10.78,11.41,11.81,13.53,7.18
"2013-08-03 01:45:00",89156,0.138,0.169,0.205,10.55,9.71,10.75,11.38,11.8,13.52,6.918
"2013-08-03 02:00:00",89157,0.138,0.169,0.205,10.5,9.65,10.72,11.36,11.79,13.52,6.701
"2013-08-03 02:15:00",89158,0.138,0.169,0.205,10.44,9.58,10.68,11.33,11.79,13.52,6.439
"2013-08-03 02:30:00",89159,0.138,0.169,0.205,10.38,9.51,10.64,11.3,11.78,13.52,6.199
"2013-08-03 02:45:00",89160,0.138,0.169,0.205,10.32,9.43,10.59,11.28,11.77,13.52,6.048
"2013-08-03 03:00:00",89161,0.138,0.169,0.205,10.26,9.36,10.55,11.24,11.76,13.52,5.982
"2013-08-03 03:15:00",89162,0.138,0.169,0.205,10.19,9.28,10.5,11.21,11.75,13.52,5.96
"2013-08-03 03:30:00",89163,0.138,0.169,0.205,10.13,9.22,10.45,11.18,11.74,13.52,5.96
"2013-08-03 03:45:00",89164,0.138,0.169,0.205,10.07,9.15,10.41,11.15,11.73,13.52,6.048
"2013-08-03 04:00:00",89165,0.138,0.169,0.205,10.02,9.09,10.36,11.12,11.71,13.52,6.025
"2013-08-03 04:15:00",89166,0.138,0.169,0.205,9.97,9.03,10.32,11.09,11.71,13.52,5.917
"2013-08-03 04:30:00",89167,0.138,0.169,0.205,9.91,8.97,10.27,11.06,11.7,13.52,5.788
"2013-08-03 04:45:00",89168,0.138,0.169,0.205,9.86,8.92,10.22,11.03,11.68,13.52,5.7
"2013-08-03 05:00:00",89169,0.138,0.169,0.205,9.81,8.86,10.18,10.99,11.67,13.52,5.591
"2013-08-03 05:15:00",89170,0.138,0.169,0.205,9.75,8.8,10.13,10.96,11.66,13.52,5.397
"2013-08-03 05:30:00",89171,0.138,0.169,0.205,9.69,8.74,10.09,10.92,11.64,13.52,5.203
"2013-08-03 05:45:00",89172,0.138,0.169,0.205,9.64,8.68,10.04,10.89,11.63,13.52,5.074
"2013-08-03 06:00:00",89173,0.138,0.169,0.205,9.59,8.63,9.99,10.86,11.62,13.52,4.923
"2013-08-03 06:15:00",89174,0.138,0.169,0.205,9.54,8.57,9.95,10.83,11.6,13.52,4.751
"2013-08-03 06:30:00",89175,0.138,0.169,0.205,9.48,8.51,9.91,10.8,11.59,13.52,4.536
"2013-08-03 06:45:00",89176,0.138,0.169,0.205,9.42,8.44,9.86,10.77,11.58,13.52,4.279
"2013-08-03 07:00:00",89177,0.138,0.169,0.205,9.36,8.37,9.82,10.73,11.57,13.52,4.042
"2013-08-03 07:15:00",89178,0.138,0.169,0.205,9.3,8.31,9.77,10.7,11.54,13.52,3.807
"2013-08-03 07:30:00",89179,0.138,0.169,0.205,9.25,8.24,9.73,10.66,11.54,13.52,3.655
"2013-08-03 07:45:00",89180,0.138,0.169,0.205,9.19,8.19,9.68,10.63,11.52,13.52,3.741
"2013-08-03 08:00:00",89181,0.138,0.169,0.205,9.15,8.16,9.63,10.6,11.5,13.52,4.107
"2013-08-03 08:15:00",89182,0.138,0.169,0.205,9.12,8.15,9.58,10.56,11.48,13.52,4.945
"2013-08-03 08:30:00",89183,0.138,0.169,0.205,9.13,8.2,9.54,10.53,11.47,13.52,6.113
"2013-08-03 08:45:00",89184,0.138,0.169,0.205,9.15,8.28,9.52,10.49,11.45,13.52,7.18
"2013-08-03 09:00:00",89185,0.138,0.169,0.205,9.2,8.38,9.5,10.46,11.44,13.52,8.1
"2013-08-03 09:15:00",89186,0.138,0.169,0.205,9.24,8.47,9.49,10.43,11.42,13.52,9.01
"2013-08-03 09:30:00",89187,0.138,0.169,0.205,9.3,8.6,9.49,10.41,11.41,13.52,10.09
"2013-08-03 09:45:00",89188,0.138,0.169,0.205,9.39,8.78,9.51,10.38,11.38,13.52,10.79
"2013-08-03 10:00:00",89189,0.138,0.169,0.205,9.47,8.91,9.54,10.37,11.37,13.52,11.91
"2013-08-03 10:15:00",89190,0.138,0.169,0.205,9.53,9,9.56,10.36,11.36,13.52,13.87
"2013-08-03 10:30:00",89191,0.138,0.169,0.205,9.59,9.15,9.59,10.34,11.34,13.52,16.24
"2013-08-03 10:45:00",89192,0.138,0.169,0.205,9.72,9.39,9.63,10.34,11.32,13.52,18.12
"2013-08-03 11:00:00",89193,0.138,0.169,0.205,9.98,9.83,9.69,10.34,11.3,13.52,19.15
"2013-08-03 11:15:00",89194,0.138,0.169,0.205,10.3,10.36,9.78,10.35,11.29,13.52,19.86
"2013-08-03 11:30:00",89195,0.138,0.169,0.205,10.65,10.88,9.91,10.37,11.28,13.52,20.26
"2013-08-03 11:45:00",89196,0.138,0.169,0.205,11.01,11.4,10.07,10.39,11.27,13.52,20.18
"2013-08-03 12:00:00",89197,0.138,0.169,0.205,11.37,11.91,10.25,10.43,11.26,13.52,20.02
"2013-08-03 12:15:00",89198,0.137,0.169,0.205,11.72,12.37,10.46,10.48,11.25,13.52,19.84
"2013-08-03 12:30:00",89199,0.137,0.169,0.205,12.05,12.77,10.67,10.54,11.24,13.52,19.47
"2013-08-03 12:45:00",89200,0.137,0.169,0.205,12.34,13.09,10.88,10.61,11.23,13.52,19.13
"2013-08-03 13:00:00",89201,0.137,0.169,0.205,12.6,13.36,11.09,10.68,11.22,13.52,18.95
"2013-08-03 13:15:00",89202,0.137,0.169,0.205,12.84,13.62,11.29,10.77,11.22,13.52,18.71
"2013-08-03 13:30:00",89203,0.137,0.169,0.205,13.05,13.76,11.48,10.86,11.22,13.52,18.56
"2013-08-03 13:45:00",89204,0.137,0.169,0.205,13.19,13.71,11.66,10.96,11.22,13.52,18.43
"2013-08-03 14:00:00",89205,0.136,0.168,0.205,13.27,13.57,11.8,11.06,11.22,13.52,18.35
"2013-08-03 14:15:00",89206,0.136,0.168,0.205,13.31,13.4,11.91,11.15,11.23,13.52,18.3
"2013-08-03 14:30:00",89207,0.136,0.168,0.205,13.3,13.23,11.99,11.25,11.25,13.52,18.25
"2013-08-03 14:45:00",89208,0.136,0.168,0.205,13.28,13.09,12.04,11.33,11.26,13.52,18.2
"2013-08-03 15:00:00",89209,0.136,0.168,0.205,13.24,12.97,12.07,11.4,11.27,13.52,18.17
"2013-08-03 15:15:00",89210,0.136,0.168,0.205,13.22,12.87,12.09,11.47,11.29,13.52,18.1
"2013-08-03 15:30:00",89211,0.136,0.168,0.205,13.17,12.76,12.1,11.53,11.31,13.52,17.99
"2013-08-03 15:45:00",89212,0.136,0.168,0.205,13.13,12.67,12.11,11.58,11.33,13.52,17.84
"2013-08-03 16:00:00",89213,0.136,0.168,0.205,13.08,12.58,12.11,11.62,11.35,13.52,17.56
"2013-08-03 16:15:00",89214,0.136,0.168,0.205,12.99,12.47,12.1,11.66,11.37,13.52,17.29
"2013-08-03 16:30:00",89215,0.136,0.168,0.205,12.9,12.34,12.09,11.69,11.39,13.52,16.91
"2013-08-03 16:45:00",89216,0.136,0.168,0.205,12.8,12.22,12.07,11.72,11.41,13.52,16.44
"2013-08-03 17:00:00",89217,0.135,0.168,0.205,12.7,12.09,12.05,11.74,11.43,13.52,15.92
"2013-08-03 17:15:00",89218,0.135,0.168,0.205,12.6,11.96,12.02,11.77,11.46,13.52,15.34
"2013-08-03 17:30:00",89219,0.135,0.168,0.205,12.5,11.83,11.99,11.78,11.48,13.52,14.88
"2013-08-03 17:45:00",89220,0.135,0.168,0.205,12.4,11.71,11.95,11.79,11.5,13.51,14.4
"2013-08-03 18:00:00",89221,0.135,0.168,0.204,12.3,11.58,11.9,11.79,11.52,13.51,13.97
"2013-08-03 18:15:00",89222,0.135,0.168,0.204,12.2,11.46,11.85,11.79,11.54,13.51,13.59
"2013-08-03 18:30:00",89223,0.135,0.168,0.204,12.1,11.34,11.81,11.79,11.55,13.51,13.21
"2013-08-03 18:45:00",89224,0.135,0.168,0.204,12.01,11.24,11.75,11.78,11.57,13.51,12.91
"2013-08-03 19:00:00",89225,0.135,0.168,0.204,11.91,11.14,11.7,11.77,11.59,13.52,12.7
"2013-08-03 19:15:00",89226,0.135,0.168,0.204,11.83,11.04,11.65,11.76,11.6,13.52,12.51
"2013-08-03 19:30:00",89227,0.135,0.168,0.204,11.73,10.93,11.59,11.75,11.61,13.52,12.23
"2013-08-03 19:45:00",89228,0.135,0.168,0.204,11.64,10.82,11.54,11.73,11.63,13.52,12.02
"2013-08-03 20:00:00",89229,0.135,0.168,0.204,11.55,10.72,11.48,11.71,11.64,13.52,11.89
"2013-08-03 20:15:00",89230,0.135,0.168,0.204,11.47,10.62,11.43,11.69,11.65,13.52,11.66
"2013-08-03 20:30:00",89231,0.135,0.168,0.204,11.39,10.54,11.38,11.67,11.66,13.52,11.43
"2013-08-03 20:45:00",89232,0.135,0.168,0.204,11.31,10.46,11.32,11.65,11.66,13.52,11.18
"2013-08-03 21:00:00",89233,0.135,0.168,0.204,11.24,10.38,11.27,11.63,11.67,13.52,10.93
"2013-08-03 21:15:00",89234,0.135,0.168,0.204,11.17,10.29,11.22,11.61,11.68,13.52,10.67
"2013-08-03 21:30:00",89235,0.135,0.168,0.204,11.1,10.21,11.17,11.58,11.69,13.52,10.29
"2013-08-03 21:45:00",89236,0.135,0.168,0.204,11.02,10.13,11.11,11.55,11.69,13.52,9.79
"2013-08-03 22:00:00",89237,0.135,0.168,0.204,10.95,10.05,11.06,11.52,11.69,13.52,9.28
"2013-08-03 22:15:00",89238,0.135,0.168,0.204,10.87,9.96,11,11.49,11.69,13.52,8.75
"2013-08-03 22:30:00",89239,0.135,0.168,0.204,10.79,9.88,10.95,11.46,11.69,13.52,8.37
"2013-08-03 22:45:00",89240,0.135,0.168,0.204,10.72,9.81,10.9,11.44,11.69,13.52,8.06
"2013-08-03 23:00:00",89241,0.135,0.168,0.205,10.64,9.72,10.84,11.4,11.68,13.52,7.774
"2013-08-03 23:15:00",89242,0.135,0.168,0.205,10.57,9.64,10.78,11.37,11.68,13.52,7.598
"2013-08-03 23:30:00",89243,0.135,0.168,0.204,10.51,9.58,10.73,11.34,11.68,13.52,7.487
"2013-08-03 23:45:00",89244,0.135,0.168,0.204,10.46,9.54,10.68,11.31,11.67,13.52,7.552
"2013-08-04 00:00:00",89245,0.135,0.168,0.205,10.42,9.53,10.63,11.27,11.67,13.52,7.706
"2013-08-04 00:15:00",89246,0.135,0.168,0.205,10.39,9.51,10.59,11.24,11.66,13.52,7.839
"2013-08-04 00:30:00",89247,0.135,0.168,0.205,10.37,9.5,10.54,11.21,11.65,13.52,7.927
"2013-08-04 00:45:00",89248,0.135,0.168,0.204,10.35,9.5,10.51,11.18,11.65,13.52,8.04
"2013-08-04 01:00:00",89249,0.135,0.168,0.204,10.32,9.48,10.48,11.15,11.64,13.52,8.13
"2013-08-04 01:15:00",89250,0.135,0.168,0.204,10.3,9.46,10.45,11.12,11.64,13.52,8.21
"2013-08-04 01:30:00",89251,0.135,0.168,0.204,10.27,9.43,10.43,11.1,11.63,13.52,8.21
"2013-08-04 01:45:00",89252,0.135,0.168,0.204,10.24,9.39,10.4,11.07,11.62,13.52,8.13
"2013-08-04 02:00:00",89253,0.135,0.168,0.204,10.2,9.35,10.38,11.05,11.61,13.52,8.08
"2013-08-04 02:15:00",89254,0.135,0.168,0.204,10.17,9.31,10.34,11.02,11.6,13.52,8.08
"2013-08-04 02:30:00",89255,0.135,0.168,0.204,10.13,9.28,10.31,11,11.59,13.52,8.1
"2013-08-04 02:45:00",89256,0.135,0.168,0.204,10.1,9.26,10.29,10.97,11.58,13.52,8.23
"2013-08-04 03:00:00",89257,0.135,0.168,0.204,10.08,9.25,10.26,10.95,11.57,13.52,8.61
"2013-08-04 03:15:00",89258,0.135,0.168,0.204,10.06,9.25,10.23,10.93,11.56,13.51,9.19
"2013-08-04 03:30:00",89259,0.135,0.168,0.204,10.05,9.25,10.21,10.91,11.55,13.52,9.59
"2013-08-04 03:45:00",89260,0.135,0.168,0.204,10.04,9.26,10.19,10.88,11.54,13.52,9.82
"2013-08-04 04:00:00",89261,0.135,0.168,0.204,10.03,9.26,10.17,10.86,11.53,13.52,9.86
"2013-08-04 04:15:00",89262,0.135,0.168,0.204,10.02,9.26,10.16,10.84,11.52,13.52,9.84
"2013-08-04 04:30:00",89263,0.135,0.168,0.204,10.01,9.25,10.14,10.82,11.51,13.52,9.68
"2013-08-04 04:45:00",89264,0.135,0.168,0.204,10,9.23,10.13,10.81,11.5,13.52,9.39
"2013-08-04 05:00:00",89265,0.135,0.168,0.204,9.97,9.21,10.11,10.79,11.49,13.52,9.03
"2013-08-04 05:15:00",89266,0.135,0.168,0.204,9.94,9.17,10.1,10.77,11.48,13.52,8.68
"2013-08-04 05:30:00",89267,0.135,0.168,0.204,9.91,9.12,10.08,10.76,11.47,13.52,8.37
"2013-08-04 05:45:00",89268,0.135,0.168,0.204,9.87,9.07,10.06,10.74,11.46,13.52,7.97
"2013-08-04 06:00:00",89269,0.135,0.168,0.204,9.82,9.01,10.03,10.72,11.45,13.52,7.575
"2013-08-04 06:15:00",89270,0.135,0.168,0.204,9.76,8.94,10,10.7,11.43,13.52,7.268
"2013-08-04 06:30:00",89271,0.135,0.168,0.204,9.71,8.87,9.98,10.69,11.43,13.52,7.028
"2013-08-04 06:45:00",89272,0.135,0.168,0.204,9.66,8.82,9.94,10.67,11.42,13.52,6.897
"2013-08-04 07:00:00",89273,0.135,0.168,0.204,9.62,8.78,9.91,10.65,11.41,13.52,6.963
"2013-08-04 07:15:00",89274,0.135,0.168,0.204,9.59,8.74,9.87,10.63,11.4,13.52,7.18
"2013-08-04 07:30:00",89275,0.135,0.168,0.204,9.56,8.73,9.84,10.6,11.39,13.52,7.29
"2013-08-04 07:45:00",89276,0.134,0.168,0.204,9.54,8.72,9.81,10.58,11.37,13.52,7.356
"2013-08-04 08:00:00",89277,0.135,0.168,0.204,9.51,8.7,9.79,10.56,11.37,13.52,7.618
"2013-08-04 08:15:00",89278,0.135,0.168,0.204,9.5,8.71,9.76,10.54,11.35,13.52,8.15
"2013-08-04 08:30:00",89279,0.135,0.168,0.204,9.52,8.78,9.74,10.52,11.34,13.52,9.08
"2013-08-04 08:45:00",89280,0.135,0.168,0.204,9.6,8.92,9.73,10.5,11.33,13.52,10.04
"2013-08-04 09:00:00",89281,0.135,0.168,0.204,9.7,9.11,9.73,10.48,11.32,13.52,10.81
"2013-08-04 09:15:00",89282,0.135,0.168,0.204,9.84,9.33,9.76,10.47,11.31,13.52,11.45
"2013-08-04 09:30:00",89283,0.135,0.168,0.204,9.97,9.52,9.79,10.46,11.3,13.52,12.23
"2013-08-04 09:45:00",89284,0.135,0.168,0.204,10.1,9.72,9.84,10.45,11.29,13.52,13.21
"2013-08-04 10:00:00",89285,0.134,0.168,0.204,10.25,9.95,9.9,10.45,11.27,13.52,14.3
"2013-08-04 10:15:00",89286,0.134,0.168,0.204,10.4,10.16,9.97,10.46,11.26,13.52,16.14
"2013-08-04 10:30:00",89287,0.134,0.168,0.204,10.53,10.37,10.05,10.46,11.25,13.52,17.84
"2013-08-04 10:45:00",89288,0.134,0.168,0.204,10.7,10.62,10.13,10.48,11.24,13.52,19.34
"2013-08-04 11:00:00",89289,0.134,0.168,0.204,10.93,11.02,10.23,10.51,11.23,13.52,20.61
"2013-08-04 11:15:00",89290,0.134,0.168,0.204,11.22,11.49,10.35,10.54,11.23,13.52,21.51
"2013-08-04 11:30:00",89291,0.134,0.167,0.204,11.54,11.97,10.49,10.57,11.22,13.52,21.72
"2013-08-04 11:45:00",89292,0.134,0.167,0.204,11.86,12.41,10.66,10.62,11.21,13.52,21.51
"2013-08-04 12:00:00",89293,0.134,0.167,0.204,12.18,12.8,10.85,10.67,11.21,13.52,21.37
"2013-08-04 12:15:00",89294,0.133,0.167,0.204,12.48,13.18,11.04,10.74,11.21,13.52,21.21
"2013-08-04 12:30:00",89295,0.133,0.167,0.204,12.77,13.53,11.24,10.81,11.21,13.52,20.93
"2013-08-04 12:45:00",89296,0.133,0.167,0.204,13.05,13.84,11.44,10.9,11.21,13.52,20.58
"2013-08-04 13:00:00",89297,0.133,0.167,0.204,13.29,14.1,11.64,10.98,11.22,13.52,20.26
"2013-08-04 13:15:00",89298,0.133,0.167,0.204,13.5,14.3,11.83,11.08,11.22,13.52,19.94
"2013-08-04 13:30:00",89299,0.133,0.167,0.204,13.66,14.37,12.02,11.18,11.23,13.52,19.68
"2013-08-04 13:45:00",89300,0.133,0.167,0.204,13.75,14.29,12.17,11.28,11.24,13.51,19.55
"2013-08-04 14:00:00",89301,0.132,0.167,0.204,13.82,14.17,12.3,11.38,11.25,13.51,19.52
"2013-08-04 14:15:00",89302,0.132,0.167,0.204,13.85,14.03,12.4,11.47,11.27,13.51,19.39
"2013-08-04 14:30:00",89303,0.132,0.167,0.204,13.85,13.88,12.47,11.56,11.28,13.51,19.23
"2013-08-04 14:45:00",89304,0.132,0.167,0.204,13.83,13.74,12.51,11.64,11.3,13.51,19.02
"2013-08-04 15:00:00",89305,0.132,0.167,0.204,13.8,13.64,12.54,11.71,11.32,13.51,18.71
"2013-08-04 15:15:00",89306,0.132,0.167,0.204,13.75,13.54,12.57,11.78,11.34,13.51,18.46
"2013-08-04 15:30:00",89307,0.132,0.167,0.204,13.7,13.44,12.58,11.84,11.37,13.51,18.05
"2013-08-04 15:45:00",89308,0.132,0.167,0.204,13.63,13.33,12.59,11.89,11.4,13.51,17.54
"2013-08-04 16:00:00",89309,0.132,0.167,0.204,13.57,13.24,12.59,11.94,11.43,13.51,17.06
"2013-08-04 16:15:00",89310,0.131,0.167,0.204,13.5,13.14,12.58,11.98,11.44,13.51,16.66
"2013-08-04 16:30:00",89311,0.131,0.167,0.204,13.44,13.06,12.57,12.01,11.47,13.51,16.32
"2013-08-04 16:45:00",89312,0.131,0.167,0.204,13.38,12.97,12.56,12.04,11.5,13.51,16.04
"2013-08-04 17:00:00",89313,0.131,0.167,0.204,13.3,12.86,12.54,12.07,11.52,13.51,15.63
"2013-08-04 17:15:00",89314,0.131,0.167,0.204,13.21,12.73,12.52,12.09,11.55,13.51,15.09
"2013-08-04 17:30:00",89315,0.131,0.167,0.204,13.1,12.57,12.49,12.11,11.58,13.51,14.54
"2013-08-04 17:45:00",89316,0.131,0.167,0.204,12.98,12.4,12.46,12.12,11.6,13.51,13.92
"2013-08-04 18:00:00",89317,0.131,0.166,0.204,12.86,12.23,12.41,12.13,11.62,13.51,13.42
"2013-08-04 18:15:00",89318,0.131,0.166,0.204,12.74,12.06,12.36,12.13,11.65,13.51,12.98
"2013-08-04 18:30:00",89319,0.131,0.166,0.204,12.61,11.9,12.3,12.13,11.67,13.51,12.58
"2013-08-04 18:45:00",89320,0.131,0.166,0.204,12.49,11.75,12.23,12.12,11.68,13.51,12.33
"2013-08-04 19:00:00",89321,0.131,0.167,0.204,12.37,11.61,12.17,12.11,11.7,13.51,12.05
"2013-08-04 19:15:00",89322,0.131,0.166,0.204,12.26,11.47,12.1,12.1,11.72,13.51,11.68
"2013-08-04 19:30:00",89323,0.131,0.167,0.204,12.15,11.35,12.04,12.09,11.74,13.51,11.08
"2013-08-04 19:45:00",89324,0.131,0.167,0.204,12.05,11.22,11.97,12.07,11.76,13.51,10.49
"2013-08-04 20:00:00",89325,0.131,0.167,0.204,11.94,11.09,11.9,12.05,11.77,13.51,9.95
"2013-08-04 20:15:00",89326,0.131,0.166,0.204,11.83,10.96,11.83,12.03,11.79,13.52,9.41
"2013-08-04 20:30:00",89327,0.131,0.167,0.204,11.72,10.83,11.76,12,11.8,13.51,8.88
"2013-08-04 20:45:00",89328,0.131,0.167,0.204,11.62,10.71,11.69,11.97,11.81,13.51,8.41
"2013-08-04 21:00:00",89329,0.131,0.167,0.204,11.51,10.59,11.61,11.94,11.82,13.51,8.08
"2013-08-04 21:15:00",89330,0.131,0.167,0.204,11.41,10.48,11.54,11.91,11.82,13.51,7.751
"2013-08-04 21:30:00",89331,0.131,0.167,0.204,11.31,10.36,11.46,11.87,11.82,13.52,7.421
"2013-08-04 21:45:00",89332,0.131,0.167,0.204,11.21,10.25,11.39,11.83,11.83,13.52,7.202
"2013-08-04 22:00:00",89333,0.131,0.167,0.204,11.12,10.15,11.32,11.8,11.83,13.51,6.983
"2013-08-04 22:15:00",89334,0.131,0.166,0.204,11.03,10.04,11.25,11.76,11.84,13.51,6.766
"2013-08-04 22:30:00",89335,0.131,0.167,0.204,10.94,9.95,11.18,11.72,11.84,13.51,6.57
"2013-08-04 22:45:00",89336,0.131,0.166,0.204,10.86,9.86,11.11,11.69,11.84,13.51,6.461
"2013-08-04 23:00:00",89337,0.131,0.166,0.204,10.79,9.79,11.05,11.65,11.84,13.51,6.396
"2013-08-04 23:15:00",89338,0.131,0.166,0.204,10.72,9.73,10.98,11.61,11.84,13.51,6.33
"2013-08-04 23:30:00",89339,0.131,0.166,0.204,10.66,9.67,10.92,11.57,11.83,13.51,6.265
"2013-08-04 23:45:00",89340,0.131,0.166,0.204,10.61,9.63,10.86,11.53,11.82,13.51,6.265
"2013-08-05 00:00:00",89341,0.131,0.166,0.204,10.56,9.59,10.81,11.49,11.82,13.51,6.265
"2013-08-05 00:15:00",89342,0.131,0.166,0.204,10.52,9.56,10.76,11.45,11.81,13.51,6.373
"2013-08-05 00:30:00",89343,0.131,0.166,0.204,10.48,9.54,10.71,11.41,11.81,13.51,6.461
"2013-08-05 00:45:00",89344,0.131,0.166,0.204,10.46,9.53,10.67,11.37,11.8,13.51,6.59
"2013-08-05 01:00:00",89345,0.131,0.166,0.204,10.43,9.52,10.63,11.34,11.79,13.51,6.787
"2013-08-05 01:15:00",89346,0.131,0.166,0.204,10.41,9.53,10.59,11.3,11.78,13.51,6.918
"2013-08-05 01:30:00",89347,0.131,0.166,0.204,10.4,9.52,10.56,11.27,11.77,13.51,7.049
"2013-08-05 01:45:00",89348,0.131,0.166,0.204,10.37,9.5,10.53,11.24,11.77,13.51,7.202
"2013-08-05 02:00:00",89349,0.131,0.166,0.204,10.35,9.49,10.5,11.21,11.74,13.51,7.29
"2013-08-05 02:15:00",89350,0.131,0.166,0.204,10.33,9.46,10.48,11.18,11.73,13.51,7.356
"2013-08-05 02:30:00",89351,0.131,0.166,0.204,10.29,9.42,10.45,11.15,11.72,13.52,7.311
"2013-08-05 02:45:00",89352,0.131,0.166,0.204,10.25,9.37,10.42,11.12,11.71,13.51,7.137
"2013-08-05 03:00:00",89353,0.131,0.166,0.204,10.2,9.29,10.4,11.1,11.7,13.51,6.897
"2013-08-05 03:15:00",89354,0.131,0.166,0.204,10.13,9.21,10.37,11.08,11.69,13.51,6.635
"2013-08-05 03:30:00",89355,0.13,0.166,0.204,10.07,9.13,10.33,11.05,11.68,13.51,6.351
"2013-08-05 03:45:00",89356,0.131,0.166,0.204,10,9.05,10.29,11.03,11.67,13.51,6.113
"2013-08-05 04:00:00",89357,0.13,0.166,0.204,9.94,8.97,10.24,11,11.66,13.51,5.896
"2013-08-05 04:15:00",89358,0.13,0.166,0.204,9.87,8.89,10.19,10.97,11.64,13.51,5.722
"2013-08-05 04:30:00",89359,0.13,0.166,0.204,9.8,8.82,10.15,10.94,11.63,13.51,5.614
"2013-08-05 04:45:00",89360,0.13,0.166,0.204,9.74,8.76,10.1,10.91,11.61,13.51,5.571
"2013-08-05 05:00:00",89361,0.13,0.166,0.204,9.69,8.69,10.05,10.88,11.6,13.51,5.528
"2013-08-05 05:15:00",89362,0.13,0.166,0.204,9.63,8.63,10,10.85,11.59,13.51,5.463
"2013-08-05 05:30:00",89363,0.13,0.166,0.204,9.57,8.57,9.95,10.81,11.58,13.51,5.377
"2013-08-05 05:45:00",89364,0.13,0.166,0.204,9.51,8.51,9.91,10.78,11.56,13.51,5.203
"2013-08-05 06:00:00",89365,0.13,0.166,0.204,9.45,8.44,9.86,10.75,11.55,13.51,5.031
"2013-08-05 06:15:00",89366,0.13,0.166,0.204,9.4,8.38,9.82,10.72,11.54,13.51,4.837
"2013-08-05 06:30:00",89367,0.13,0.166,0.204,9.34,8.31,9.77,10.69,11.52,13.51,4.643
"2013-08-05 06:45:00",89368,0.13,0.166,0.204,9.28,8.25,9.73,10.65,11.51,13.51,4.493
"2013-08-05 07:00:00",89369,0.13,0.166,0.204,9.23,8.2,9.68,10.62,11.5,13.51,4.299
"2013-08-05 07:15:00",89370,0.13,0.166,0.204,9.18,8.15,9.64,10.59,11.48,13.51,4.213
"2013-08-05 07:30:00",89371,0.13,0.166,0.204,9.13,8.1,9.59,10.56,11.47,13.51,4.213
"2013-08-05 07:45:00",89372,0.13,0.166,0.204,9.09,8.07,9.54,10.52,11.45,13.51,4.279
"2013-08-05 08:00:00",89373,0.13,0.166,0.204,9.06,8.05,9.5,10.49,11.44,13.51,4.514
"2013-08-05 08:15:00",89374,0.13,0.166,0.204,9.04,8.05,9.46,10.45,11.42,13.51,5.074
"2013-08-05 08:30:00",89375,0.131,0.166,0.204,9.03,8.07,9.43,10.42,11.4,13.51,6.33
"2013-08-05 08:45:00",89376,0.13,0.166,0.204,9.05,8.12,9.39,10.39,11.38,13.51,7.618
"2013-08-05 09:00:00",89377,0.131,0.166,0.204,9.08,8.2,9.38,10.35,11.37,13.51,8.68
"2013-08-05 09:15:00",89378,0.13,0.166,0.204,9.11,8.28,9.36,10.33,11.35,13.51,9.64
"2013-08-05 09:30:00",89379,0.13,0.166,0.204,9.16,8.38,9.36,10.3,11.34,13.51,10.63
"2013-08-05 09:45:00",89380,0.13,0.166,0.204,9.21,8.48,9.37,10.28,11.31,13.51,11.52
"2013-08-05 10:00:00",89381,0.13,0.166,0.204,9.26,8.6,9.39,10.26,11.3,13.51,12.77
"2013-08-05 10:15:00",89382,0.13,0.166,0.204,9.32,8.72,9.4,10.24,11.29,13.51,14.35
"2013-08-05 10:30:00",89383,0.13,0.166,0.204,9.4,8.89,9.43,10.24,11.26,13.52,16.46
"2013-08-05 10:45:00",89384,0.13,0.166,0.204,9.55,9.16,9.47,10.23,11.25,13.52,18.07
"2013-08-05 11:00:00",89385,0.13,0.166,0.204,9.82,9.61,9.53,10.23,11.24,13.52,19.31
"2013-08-05 11:15:00",89386,0.13,0.166,0.204,10.15,10.14,9.62,10.23,11.22,13.52,20.18
"2013-08-05 11:30:00",89387,0.13,0.166,0.204,10.51,10.67,9.75,10.25,11.21,13.52,20.58
"2013-08-05 11:45:00",89388,0.13,0.166,0.204,10.86,11.17,9.9,10.27,11.2,13.52,20.64
"2013-08-05 12:00:00",89389,0.13,0.166,0.204,11.21,11.64,10.09,10.31,11.19,13.52,20.66
"2013-08-05 12:15:00",89390,0.13,0.166,0.204,11.53,12.07,10.29,10.35,11.18,13.52,20.69
"2013-08-05 12:30:00",89391,0.129,0.166,0.204,11.85,12.48,10.49,10.41,11.17,13.52,20.58
"2013-08-05 12:45:00",89392,0.129,0.166,0.204,12.17,12.87,10.7,10.49,11.16,13.51,20.4
"2013-08-05 13:00:00",89393,0.129,0.166,0.203,12.47,13.21,10.91,10.56,11.15,13.51,20.15
"2013-08-05 13:15:00",89394,0.129,0.166,0.203,12.72,13.46,11.12,10.65,11.15,13.51,19.94
"2013-08-05 13:30:00",89395,0.129,0.166,0.203,12.93,13.57,11.33,10.74,11.15,13.51,19.73
"2013-08-05 13:45:00",89396,0.129,0.166,0.203,13.07,13.54,11.51,10.84,11.15,13.51,19.6
"2013-08-05 14:00:00",89397,0.128,0.166,0.203,13.17,13.45,11.65,10.94,11.15,13.51,19.52
"2013-08-05 14:15:00",89398,0.128,0.166,0.203,13.22,13.34,11.77,11.04,11.16,13.51,19.49
"2013-08-05 14:30:00",89399,0.128,0.165,0.203,13.25,13.24,11.86,11.13,11.17,13.51,19.49
"2013-08-05 14:45:00",89400,0.128,0.165,0.203,13.27,13.18,11.93,11.22,11.18,13.51,19.44
"2013-08-05 15:00:00",89401,0.128,0.166,0.203,13.29,13.13,11.98,11.29,11.2,13.51,19.39
"2013-08-05 15:15:00",89402,0.128,0.166,0.203,13.28,13.07,12.03,11.36,11.21,13.51,19.34
"2013-08-05 15:30:00",89403,0.128,0.166,0.203,13.26,12.99,12.06,11.42,11.23,13.51,19.15
"2013-08-05 15:45:00",89404,0.128,0.166,0.203,13.23,12.93,12.09,11.48,11.25,13.51,18.92
"2013-08-05 16:00:00",89405,0.128,0.165,0.203,13.2,12.86,12.11,11.54,11.27,13.51,18.66
"2013-08-05 16:15:00",89406,0.128,0.165,0.203,13.15,12.79,12.12,11.59,11.3,13.51,18.38
"2013-08-05 16:30:00",89407,0.127,0.165,0.203,13.09,12.7,12.14,11.63,11.32,13.51,18.05
"2013-08-05 16:45:00",89408,0.127,0.165,0.204,13.02,12.59,12.14,11.67,11.34,13.51,17.62
"2013-08-05 17:00:00",89409,0.127,0.165,0.203,12.94,12.47,12.14,11.71,11.37,13.51,17.11
"2013-08-05 17:15:00",89410,0.127,0.165,0.203,12.84,12.34,12.12,11.73,11.39,13.51,16.64
"2013-08-05 17:30:00",89411,0.127,0.165,0.203,12.74,12.21,12.1,11.75,11.41,13.51,16.09
"2013-08-05 17:45:00",89412,0.127,0.165,0.203,12.64,12.07,12.07,11.77,11.43,13.51,15.46
"2013-08-05 18:00:00",89413,0.127,0.165,0.203,12.55,11.93,12.04,11.79,11.46,13.51,14.88
"2013-08-05 18:15:00",89414,0.127,0.165,0.203,12.44,11.8,12,11.8,11.48,13.51,14.23
"2013-08-05 18:30:00",89415,0.127,0.165,0.203,12.34,11.66,11.95,11.81,11.5,13.51,13.68
"2013-08-05 18:45:00",89416,0.127,0.165,0.204,12.24,11.53,11.9,11.81,11.52,13.51,13.23
"2013-08-05 19:00:00",89417,0.127,0.165,0.203,12.15,11.41,11.85,11.81,11.53,13.51,12.65
"2013-08-05 19:15:00",89418,0.127,0.165,0.203,12.05,11.29,11.8,11.8,11.55,13.52,12
"2013-08-05 19:30:00",89419,0.127,0.165,0.203,11.95,11.16,11.74,11.79,11.57,13.51,11.31
"2013-08-05 19:45:00",89420,0.127,0.165,0.203,11.86,11.04,11.69,11.78,11.58,13.51,10.65
"2013-08-05 20:00:00",89421,0.127,0.165,0.203,11.76,10.92,11.63,11.77,11.6,13.51,10
"2013-08-05 20:15:00",89422,0.127,0.165,0.203,11.66,10.8,11.57,11.75,11.61,13.51,9.37
"2013-08-05 20:30:00",89423,0.127,0.165,0.203,11.56,10.68,11.5,11.73,11.63,13.51,8.81
"2013-08-05 20:45:00",89424,0.127,0.165,0.203,11.46,10.56,11.44,11.71,11.63,13.51,8.37
"2013-08-05 21:00:00",89425,0.127,0.165,0.203,11.36,10.45,11.38,11.69,11.65,13.51,7.882
"2013-08-05 21:15:00",89426,0.127,0.165,0.203,11.26,10.34,11.31,11.66,11.65,13.51,7.421
"2013-08-05 21:30:00",89427,0.127,0.165,0.203,11.17,10.22,11.25,11.63,11.66,13.51,7.114
"2013-08-05 21:45:00",89428,0.127,0.165,0.203,11.08,10.11,11.18,11.6,11.66,13.51,6.94
"2013-08-05 22:00:00",89429,0.127,0.165,0.203,10.99,10.02,11.11,11.57,11.67,13.51,6.787
"2013-08-05 22:15:00",89430,0.127,0.165,0.203,10.91,9.93,11.05,11.54,11.68,13.51,6.721
"2013-08-05 22:30:00",89431,0.127,0.165,0.203,10.83,9.84,10.99,11.51,11.68,13.51,6.897
"2013-08-05 22:45:00",89432,0.127,0.165,0.203,10.76,9.76,10.93,11.47,11.68,13.51,7.114
"2013-08-05 23:00:00",89433,0.127,0.165,0.203,10.7,9.7,10.86,11.43,11.67,13.51,7.487
"2013-08-05 23:15:00",89434,0.127,0.165,0.203,10.63,9.64,10.8,11.4,11.67,13.51,7.663
"2013-08-05 23:30:00",89435,0.127,0.165,0.203,10.57,9.58,10.75,11.36,11.67,13.51,7.751
"2013-08-05 23:45:00",89436,0.127,0.165,0.203,10.52,9.52,10.69,11.33,11.66,13.51,7.817
"2013-08-06 00:00:00",89437,0.127,0.165,0.203,10.47,9.48,10.64,11.29,11.66,13.51,7.862
"2013-08-06 00:15:00",89438,0.127,0.165,0.203,10.42,9.44,10.59,11.26,11.66,13.51,8.02
"2013-08-06 00:30:00",89439,0.127,0.165,0.203,10.38,9.41,10.55,11.22,11.65,13.51,8.26
"2013-08-06 00:45:00",89440,0.127,0.165,0.203,10.35,9.4,10.51,11.19,11.65,13.51,8.35
"2013-08-06 01:00:00",89441,0.127,0.165,0.203,10.32,9.37,10.47,11.16,11.64,13.51,8.33
"2013-08-06 01:15:00",89442,0.127,0.165,0.203,10.29,9.34,10.44,11.13,11.64,13.51,8.26
"2013-08-06 01:30:00",89443,0.127,0.165,0.203,10.26,9.32,10.4,11.1,11.62,13.51,8.17
"2013-08-06 01:45:00",89444,0.127,0.165,0.203,10.23,9.31,10.37,11.07,11.61,13.52,7.927
"2013-08-06 02:00:00",89445,0.127,0.165,0.203,10.2,9.29,10.34,11.04,11.6,13.52,7.706
"2013-08-06 02:15:00",89446,0.127,0.165,0.203,10.17,9.25,10.31,11.01,11.6,13.51,7.444
"2013-08-06 02:30:00",89447,0.127,0.165,0.203,10.14,9.22,10.28,10.99,11.58,13.51,7.225
"2013-08-06 02:45:00",89448,0.127,0.165,0.203,10.1,9.17,10.25,10.96,11.57,13.51,6.918
"2013-08-06 03:00:00",89449,0.127,0.165,0.203,10.06,9.11,10.22,10.94,11.56,13.51,6.635
"2013-08-06 03:15:00",89450,0.127,0.165,0.203,10.01,9.06,10.19,10.92,11.56,13.51,6.396
"2013-08-06 03:30:00",89451,0.127,0.165,0.203,9.96,9,10.16,10.89,11.55,13.51,6.265
"2013-08-06 03:45:00",89452,0.127,0.165,0.203,9.91,8.94,10.12,10.86,11.54,13.51,6.068
"2013-08-06 04:00:00",89453,0.127,0.165,0.203,9.86,8.87,10.09,10.84,11.52,13.51,5.874
"2013-08-06 04:15:00",89454,0.126,0.165,0.203,9.8,8.8,10.04,10.81,11.51,13.51,5.743
"2013-08-06 04:30:00",89455,0.126,0.165,0.203,9.74,8.73,10,10.79,11.5,13.51,5.637
"2013-08-06 04:45:00",89456,0.126,0.165,0.203,9.69,8.67,9.96,10.76,11.49,13.51,5.506
"2013-08-06 05:00:00",89457,0.126,0.165,0.203,9.63,8.6,9.92,10.73,11.47,13.51,5.291
"2013-08-06 05:15:00",89458,0.126,0.165,0.203,9.58,8.54,9.87,10.7,11.46,13.51,5.074
"2013-08-06 05:30:00",89459,0.126,0.165,0.203,9.52,8.48,9.83,10.67,11.45,13.51,4.837
"2013-08-06 05:45:00",89460,0.126,0.165,0.203,9.47,8.41,9.79,10.64,11.44,13.51,4.622
"2013-08-06 06:00:00",89461,0.126,0.165,0.203,9.41,8.35,9.74,10.61,11.43,13.51,4.428
