"TOA5","Cntrl14","CR1000","21086","CR1000.Std.15","CPU:Cntrlsensors14_20130321.CR1","36851","Table1"
"TIMESTAMP","RECORD","VW_Avg(1)","VW_Avg(2)","VW_Avg(3)","SoilTemp_Avg(1)","SoilTemp_Avg(2)","SoilTemp_Avg(3)","SoilTemp_Avg(4)","SoilTemp_Avg(5)","BattV_Min","PTemp"
"TS","RN","","","","Deg C","Deg C","Deg C","Deg C","Deg C","Volts",""
"","","Avg","Avg","Avg","Avg","Avg","Avg","Avg","Avg","Min","Smp"
"2013-07-31 06:15:00",12550,0.164,0.184,0.207,12.24,12.2,12.33,12.63,12.74,13.53,11.77
"2013-07-31 06:30:00",12551,0.164,0.184,0.207,12.23,12.2,12.32,12.62,12.74,13.52,11.75
"2013-07-31 06:45:00",12552,0.164,0.184,0.207,12.23,12.19,12.31,12.61,12.74,13.52,11.79
"2013-07-31 07:00:00",12553,0.165,0.184,0.207,12.22,12.18,12.31,12.6,12.74,13.53,11.79
"2013-07-31 07:15:00",12554,0.164,0.184,0.207,12.21,12.17,12.29,12.6,12.73,13.53,11.82
"2013-07-31 07:30:00",12555,0.164,0.184,0.207,12.21,12.17,12.29,12.59,12.74,13.53,11.89
"2013-07-31 07:45:00",12556,0.165,0.184,0.207,12.22,12.17,12.28,12.58,12.73,13.52,12
"2013-07-31 08:00:00",12557,0.164,0.184,0.207,12.23,12.18,12.28,12.58,12.73,13.52,12.14
"2013-07-31 08:15:00",12558,0.165,0.184,0.207,12.26,12.2,12.28,12.58,12.73,13.52,12.3
"2013-07-31 08:30:00",12559,0.165,0.184,0.207,12.28,12.22,12.27,12.57,12.73,13.52,12.53
"2013-07-31 08:45:00",12560,0.165,0.184,0.207,12.32,12.25,12.28,12.56,12.72,13.52,13.05
"2013-07-31 09:00:00",12561,0.165,0.184,0.207,12.39,12.3,12.28,12.56,12.73,13.52,13.49
"2013-07-31 09:15:00",12562,0.165,0.184,0.207,12.47,12.37,12.29,12.55,12.73,13.52,13.9
"2013-07-31 09:30:00",12563,0.165,0.184,0.207,12.58,12.46,12.3,12.55,12.72,13.52,14.37
"2013-07-31 09:45:00",12564,0.165,0.184,0.207,12.69,12.57,12.33,12.55,12.71,13.53,15.53
"2013-07-31 10:00:00",12565,0.165,0.184,0.207,12.8,12.69,12.36,12.55,12.71,13.53,16.27
"2013-07-31 10:15:00",12566,0.165,0.184,0.207,12.94,12.85,12.4,12.56,12.71,13.53,16.54
"2013-07-31 10:30:00",12567,0.165,0.184,0.207,13.08,12.99,12.46,12.57,12.71,13.53,16.69
"2013-07-31 10:45:00",12568,0.165,0.184,0.207,13.23,13.14,12.52,12.58,12.72,13.53,16.94
"2013-07-31 11:00:00",12569,0.164,0.184,0.207,13.39,13.29,12.59,12.6,12.72,13.52,17.04
"2013-07-31 11:15:00",12570,0.164,0.184,0.207,13.54,13.44,12.66,12.62,12.71,13.52,17.19
"2013-07-31 11:30:00",12571,0.164,0.184,0.207,13.68,13.58,12.74,12.65,12.72,13.52,17.09
"2013-07-31 11:45:00",12572,0.164,0.184,0.207,13.8,13.69,12.81,12.67,12.72,13.52,16.76
"2013-07-31 12:00:00",12573,0.164,0.184,0.207,13.86,13.77,12.89,12.7,12.72,13.52,16.56
"2013-07-31 12:15:00",12574,0.164,0.184,0.207,13.9,13.82,12.95,12.73,12.71,13.52,16.64
"2013-07-31 12:30:00",12575,0.164,0.184,0.207,13.96,13.87,13.01,12.76,12.72,13.53,16.84
"2013-07-31 12:45:00",12576,0.164,0.184,0.207,14.07,13.97,13.07,12.8,12.72,13.53,16.74
"2013-07-31 13:00:00",12577,0.164,0.184,0.207,14.15,14.06,13.14,12.83,12.72,13.52,16.56
"2013-07-31 13:15:00",12578,0.164,0.184,0.207,14.2,14.11,13.19,12.86,12.72,13.53,16.46
"2013-07-31 13:30:00",12579,0.164,0.184,0.207,14.23,14.15,13.25,12.9,12.73,13.53,16.56
"2013-07-31 13:45:00",12580,0.164,0.184,0.207,14.28,14.19,13.3,12.93,12.74,13.53,16.71
"2013-07-31 14:00:00",12581,0.164,0.184,0.207,14.34,14.26,13.35,12.97,12.75,13.53,16.66
"2013-07-31 14:15:00",12582,0.164,0.184,0.207,14.39,14.31,13.4,13,12.75,13.53,16.44
"2013-07-31 14:30:00",12583,0.164,0.184,0.207,14.39,14.33,13.44,13.03,12.76,13.53,16.09
"2013-07-31 14:45:00",12584,0.164,0.184,0.207,14.36,14.32,13.48,13.07,12.77,13.53,15.77
"2013-07-31 15:00:00",12585,0.164,0.184,0.207,14.34,14.3,13.52,13.1,12.78,13.53,15.46
"2013-07-31 15:15:00",12586,0.164,0.184,0.207,14.3,14.27,13.54,13.13,12.79,13.53,15.24
"2013-07-31 15:30:00",12587,0.164,0.184,0.207,14.27,14.25,13.56,13.16,12.8,13.53,15.09
"2013-07-31 15:45:00",12588,0.164,0.184,0.207,14.24,14.22,13.57,13.18,12.81,13.53,14.97
"2013-07-31 16:00:00",12589,0.164,0.184,0.207,14.21,14.19,13.58,13.21,12.82,13.53,14.83
"2013-07-31 16:15:00",12590,0.164,0.184,0.207,14.18,14.16,13.59,13.24,12.83,13.52,14.64
"2013-07-31 16:30:00",12591,0.164,0.184,0.207,14.14,14.13,13.6,13.26,12.84,13.53,14.44
"2013-07-31 16:45:00",12592,0.164,0.184,0.207,14.1,14.09,13.59,13.27,12.86,13.52,14.23
"2013-07-31 17:00:00",12593,0.164,0.184,0.207,14.06,14.05,13.59,13.29,12.87,13.53,14.04
"2013-07-31 17:15:00",12594,0.164,0.183,0.207,14.02,14.02,13.59,13.3,12.88,13.52,13.75
"2013-07-31 17:30:00",12595,0.164,0.183,0.207,13.97,13.97,13.58,13.32,12.9,13.52,13.33
"2013-07-31 17:45:00",12596,0.164,0.183,0.207,13.91,13.91,13.57,13.33,12.9,13.52,12.81
"2013-07-31 18:00:00",12597,0.164,0.183,0.207,13.81,13.84,13.56,13.33,12.92,13.52,12.19
"2013-07-31 18:15:00",12598,0.164,0.183,0.207,13.7,13.74,13.54,13.35,12.93,13.52,11.61
"2013-07-31 18:30:00",12599,0.164,0.183,0.207,13.58,13.62,13.51,13.35,12.94,13.52,11.02
"2013-07-31 18:45:00",12600,0.164,0.183,0.207,13.46,13.52,13.48,13.35,12.95,13.53,10.43
"2013-07-31 19:00:00",12601,0.164,0.183,0.207,13.34,13.4,13.43,13.35,12.96,13.53,9.91
"2013-07-31 19:15:00",12602,0.164,0.183,0.207,13.23,13.28,13.39,13.34,12.97,13.52,9.48
"2013-07-31 19:30:00",12603,0.164,0.183,0.207,13.11,13.16,13.34,13.34,12.98,13.52,9.1
"2013-07-31 19:45:00",12604,0.164,0.183,0.207,12.99,13.05,13.28,13.33,12.99,13.52,8.75
"2013-07-31 20:00:00",12605,0.164,0.183,0.207,12.89,12.93,13.23,13.31,13,13.52,8.46
"2013-07-31 20:15:00",12606,0.164,0.183,0.207,12.79,12.82,13.17,13.3,13.01,13.52,8.21
"2013-07-31 20:30:00",12607,0.164,0.183,0.207,12.69,12.71,13.11,13.28,13.02,13.52,7.97
"2013-07-31 20:45:00",12608,0.164,0.183,0.207,12.59,12.62,13.04,13.27,13.02,13.52,7.794
"2013-07-31 21:00:00",12609,0.164,0.183,0.207,12.5,12.52,12.98,13.24,13.03,13.52,7.686
"2013-07-31 21:15:00",12610,0.164,0.183,0.207,12.43,12.43,12.92,13.22,13.03,13.52,7.552
"2013-07-31 21:30:00",12611,0.164,0.183,0.207,12.34,12.34,12.86,13.19,13.03,13.52,7.464
"2013-07-31 21:45:00",12612,0.164,0.183,0.207,12.26,12.25,12.8,13.16,13.04,13.52,7.532
"2013-07-31 22:00:00",12613,0.164,0.183,0.207,12.2,12.18,12.74,13.13,13.04,13.52,7.663
"2013-07-31 22:15:00",12614,0.164,0.183,0.207,12.17,12.12,12.68,13.11,13.04,13.52,7.862
"2013-07-31 22:30:00",12615,0.164,0.183,0.207,12.13,12.08,12.63,13.08,13.05,13.52,7.97
"2013-07-31 22:45:00",12616,0.164,0.183,0.207,12.12,12.04,12.58,13.05,13.05,13.52,8.1
"2013-07-31 23:00:00",12617,0.164,0.183,0.207,12.08,12.01,12.54,13.01,13.04,13.52,8.23
"2013-07-31 23:15:00",12618,0.164,0.183,0.207,12.06,11.97,12.5,12.99,13.04,13.52,8.39
"2013-07-31 23:30:00",12619,0.164,0.183,0.207,12.04,11.95,12.45,12.96,13.04,13.52,8.5
"2013-07-31 23:45:00",12620,0.164,0.183,0.207,12.02,11.93,12.42,12.93,13.04,13.52,8.55
"2013-08-01 00:00:00",12621,0.164,0.183,0.207,12.01,11.91,12.38,12.9,13.03,13.52,8.57
"2013-08-01 00:15:00",12622,0.164,0.183,0.207,11.99,11.89,12.36,12.88,13.03,13.52,8.59
"2013-08-01 00:30:00",12623,0.164,0.183,0.207,11.96,11.86,12.33,12.85,13.02,13.52,8.57
"2013-08-01 00:45:00",12624,0.164,0.183,0.207,11.93,11.83,12.3,12.83,13.01,13.52,8.48
"2013-08-01 01:00:00",12625,0.164,0.183,0.207,11.89,11.8,12.27,12.81,13.01,13.52,8.33
"2013-08-01 01:15:00",12626,0.164,0.183,0.207,11.83,11.75,12.25,12.78,13.01,13.52,8.06
"2013-08-01 01:30:00",12627,0.164,0.183,0.207,11.76,11.69,12.22,12.76,13,13.52,7.794
"2013-08-01 01:45:00",12628,0.164,0.183,0.207,11.69,11.62,12.19,12.74,12.99,13.52,7.444
"2013-08-01 02:00:00",12629,0.164,0.183,0.207,11.61,11.54,12.15,12.72,12.98,13.52,7.18
"2013-08-01 02:15:00",12630,0.164,0.183,0.207,11.52,11.46,12.1,12.69,12.97,13.52,6.918
"2013-08-01 02:30:00",12631,0.165,0.183,0.207,11.44,11.38,12.06,12.66,12.96,13.53,6.635
"2013-08-01 02:45:00",12632,0.165,0.183,0.207,11.36,11.3,12.01,12.63,12.95,13.52,6.416
"2013-08-01 03:00:00",12633,0.165,0.183,0.207,11.29,11.22,11.96,12.61,12.95,13.52,6.156
"2013-08-01 03:15:00",12634,0.165,0.183,0.207,11.22,11.14,11.91,12.59,12.94,13.52,5.917
"2013-08-01 03:30:00",12635,0.165,0.183,0.207,11.13,11.06,11.86,12.56,12.93,13.52,5.637
"2013-08-01 03:45:00",12636,0.165,0.183,0.207,11.06,10.98,11.81,12.53,12.92,13.52,5.354
"2013-08-01 04:00:00",12637,0.165,0.183,0.207,10.98,10.9,11.76,12.5,12.91,13.52,5.14
"2013-08-01 04:15:00",12638,0.165,0.183,0.207,10.91,10.83,11.71,12.47,12.91,13.52,4.859
"2013-08-01 04:30:00",12639,0.165,0.183,0.207,10.84,10.75,11.65,12.44,12.9,13.52,4.643
"2013-08-01 04:45:00",12640,0.165,0.183,0.207,10.77,10.67,11.6,12.4,12.89,13.52,4.428
"2013-08-01 05:00:00",12641,0.165,0.183,0.207,10.69,10.59,11.54,12.38,12.88,13.52,4.256
"2013-08-01 05:15:00",12642,0.165,0.183,0.207,10.62,10.52,11.49,12.34,12.87,13.52,4.127
"2013-08-01 05:30:00",12643,0.165,0.183,0.207,10.56,10.44,11.43,12.31,12.86,13.52,4.021
"2013-08-01 05:45:00",12644,0.165,0.183,0.207,10.49,10.37,11.38,12.27,12.85,13.52,3.87
"2013-08-01 06:00:00",12645,0.165,0.183,0.207,10.43,10.31,11.32,12.24,12.83,13.52,3.721
"2013-08-01 06:15:00",12646,0.165,0.183,0.207,10.37,10.24,11.27,12.2,12.83,13.52,3.592
"2013-08-01 06:30:00",12647,0.165,0.183,0.207,10.3,10.17,11.21,12.16,12.81,13.52,3.486
"2013-08-01 06:45:00",12648,0.165,0.183,0.207,10.25,10.11,11.16,12.13,12.8,13.52,3.357
"2013-08-01 07:00:00",12649,0.165,0.183,0.207,10.18,10.04,11.11,12.09,12.78,13.52,3.271
"2013-08-01 07:15:00",12650,0.165,0.183,0.207,10.14,9.98,11.05,12.05,12.77,13.52,3.228
"2013-08-01 07:30:00",12651,0.165,0.183,0.207,10.09,9.92,11,12.01,12.75,13.52,3.249
"2013-08-01 07:45:00",12652,0.165,0.183,0.207,10.05,9.88,10.95,11.97,12.74,13.52,3.377
"2013-08-01 08:00:00",12653,0.165,0.183,0.207,10.02,9.84,10.9,11.94,12.72,13.52,3.655
"2013-08-01 08:15:00",12654,0.165,0.183,0.207,9.99,9.81,10.86,11.91,12.71,13.52,3.999
"2013-08-01 08:30:00",12655,0.165,0.183,0.207,10,9.78,10.82,11.87,12.69,13.52,4.471
"2013-08-01 08:45:00",12656,0.165,0.183,0.207,10,9.78,10.78,11.83,12.68,13.52,6.897
"2013-08-01 09:00:00",12657,0.165,0.183,0.207,10.02,9.78,10.74,11.79,12.66,13.53,10.2
"2013-08-01 09:15:00",12658,0.165,0.183,0.207,10.09,9.85,10.71,11.76,12.64,13.52,13.23
"2013-08-01 09:30:00",12659,0.165,0.183,0.207,10.22,10,10.7,11.73,12.63,13.53,15.55
"2013-08-01 09:45:00",12660,0.165,0.183,0.207,10.4,10.22,10.71,11.7,12.61,13.52,17.49
"2013-08-01 10:00:00",12661,0.165,0.183,0.207,10.6,10.5,10.73,11.68,12.59,13.53,18.46
"2013-08-01 10:15:00",12662,0.165,0.183,0.207,10.85,10.8,10.8,11.67,12.58,13.52,18.4
"2013-08-01 10:30:00",12663,0.165,0.183,0.207,11.13,11.14,10.88,11.66,12.56,13.52,19.31
"2013-08-01 10:45:00",12664,0.165,0.183,0.207,11.45,11.49,10.99,11.65,12.55,13.52,20.05
"2013-08-01 11:00:00",12665,0.165,0.183,0.207,11.78,11.86,11.12,11.66,12.53,13.52,20.58
"2013-08-01 11:15:00",12666,0.164,0.183,0.207,12.13,12.23,11.26,11.68,12.52,13.52,21.02
"2013-08-01 11:30:00",12667,0.164,0.183,0.207,12.48,12.62,11.42,11.71,12.5,13.52,20.85
"2013-08-01 11:45:00",12668,0.164,0.183,0.207,12.84,12.99,11.59,11.74,12.49,13.52,20.48
"2013-08-01 12:00:00",12669,0.164,0.183,0.207,13.18,13.35,11.78,11.79,12.48,13.52,20.24
"2013-08-01 12:15:00",12670,0.164,0.183,0.207,13.52,13.71,11.97,11.85,12.47,13.52,20.08
"2013-08-01 12:30:00",12671,0.164,0.183,0.207,13.79,14.05,12.16,11.91,12.46,13.52,19.63
"2013-08-01 12:45:00",12672,0.164,0.182,0.207,14.01,14.38,12.36,11.99,12.45,13.52,19.15
"2013-08-01 13:00:00",12673,0.164,0.182,0.207,14.19,14.68,12.56,12.06,12.44,13.52,18.69
"2013-08-01 13:15:00",12674,0.164,0.182,0.207,14.34,14.96,12.75,12.14,12.44,13.52,18.28
"2013-08-01 13:30:00",12675,0.163,0.182,0.207,14.45,15.22,12.95,12.23,12.44,13.52,17.95
"2013-08-01 13:45:00",12676,0.163,0.182,0.207,14.56,15.44,13.13,12.32,12.44,13.52,17.69
"2013-08-01 14:00:00",12677,0.163,0.182,0.207,14.68,15.6,13.31,12.41,12.44,13.52,17.54
"2013-08-01 14:15:00",12678,0.163,0.182,0.207,14.77,15.65,13.48,12.51,12.45,13.52,17.39
"2013-08-01 14:30:00",12679,0.163,0.182,0.207,14.82,15.66,13.62,12.61,12.46,13.52,17.26
"2013-08-01 14:45:00",12680,0.163,0.182,0.207,14.86,15.66,13.74,12.7,12.47,13.52,17.14
"2013-08-01 15:00:00",12681,0.163,0.182,0.207,14.88,15.66,13.84,12.79,12.48,13.52,16.98
"2013-08-01 15:15:00",12682,0.163,0.182,0.207,14.89,15.62,13.92,12.88,12.5,13.52,16.86
"2013-08-01 15:30:00",12683,0.162,0.182,0.207,14.87,15.58,13.99,12.96,12.52,13.52,16.74
"2013-08-01 15:45:00",12684,0.162,0.182,0.207,14.85,15.52,14.04,13.04,12.53,13.52,16.56
"2013-08-01 16:00:00",12685,0.162,0.182,0.207,14.81,15.45,14.08,13.1,12.55,13.52,16.34
"2013-08-01 16:15:00",12686,0.162,0.182,0.207,14.73,15.36,14.11,13.16,12.57,13.53,16.09
"2013-08-01 16:30:00",12687,0.162,0.182,0.207,14.64,15.24,14.12,13.22,12.6,13.53,15.77
"2013-08-01 16:45:00",12688,0.162,0.182,0.207,14.53,15.12,14.13,13.27,12.62,13.53,15.36
"2013-08-01 17:00:00",12689,0.162,0.182,0.207,14.42,14.98,14.12,13.32,12.64,13.52,14.78
"2013-08-01 17:15:00",12690,0.162,0.182,0.207,14.3,14.84,14.1,13.36,12.67,13.52,14.18
"2013-08-01 17:30:00",12691,0.162,0.182,0.207,14.18,14.71,14.08,13.39,12.69,13.52,13.42
"2013-08-01 17:45:00",12692,0.162,0.182,0.207,14.05,14.57,14.05,13.42,12.72,13.52,12.63
"2013-08-01 18:00:00",12693,0.162,0.182,0.207,13.91,14.42,14.01,13.44,12.74,13.52,11.84
"2013-08-01 18:15:00",12694,0.162,0.182,0.207,13.78,14.27,13.96,13.46,12.77,13.52,11.13
"2013-08-01 18:30:00",12695,0.162,0.181,0.207,13.65,14.12,13.91,13.47,12.79,13.52,10.54
"2013-08-01 18:45:00",12696,0.162,0.181,0.207,13.51,13.97,13.85,13.47,12.81,13.52,10.06
"2013-08-01 19:00:00",12697,0.162,0.181,0.206,13.38,13.83,13.79,13.48,12.83,13.52,9.68
"2013-08-01 19:15:00",12698,0.162,0.181,0.206,13.26,13.68,13.72,13.47,12.86,13.52,9.37
"2013-08-01 19:30:00",12699,0.162,0.181,0.206,13.14,13.55,13.65,13.47,12.88,13.52,9.01
"2013-08-01 19:45:00",12700,0.162,0.181,0.206,13.03,13.42,13.58,13.46,12.9,13.52,8.61
"2013-08-01 20:00:00",12701,0.162,0.181,0.206,12.92,13.29,13.51,13.45,12.91,13.52,8.28
"2013-08-01 20:15:00",12702,0.162,0.181,0.206,12.81,13.16,13.44,13.43,12.93,13.52,7.97
"2013-08-01 20:30:00",12703,0.162,0.181,0.206,12.71,13.04,13.37,13.41,12.95,13.52,7.706
"2013-08-01 20:45:00",12704,0.162,0.181,0.206,12.6,12.92,13.3,13.39,12.96,13.52,7.487
"2013-08-01 21:00:00",12705,0.162,0.181,0.206,12.5,12.8,13.23,13.36,12.97,13.52,7.311
"2013-08-01 21:15:00",12706,0.162,0.181,0.206,12.39,12.68,13.15,13.33,12.98,13.52,7.18
"2013-08-01 21:30:00",12707,0.162,0.181,0.206,12.3,12.57,13.07,13.3,12.99,13.53,7.006
"2013-08-01 21:45:00",12708,0.162,0.181,0.206,12.21,12.46,13,13.27,13,13.52,6.852
"2013-08-01 22:00:00",12709,0.162,0.181,0.206,12.12,12.36,12.93,13.25,13,13.53,6.656
"2013-08-01 22:15:00",12710,0.162,0.181,0.206,12.03,12.26,12.86,13.21,13.01,13.53,6.482
"2013-08-01 22:30:00",12711,0.162,0.181,0.206,11.95,12.16,12.8,13.18,13.01,13.53,6.351
"2013-08-01 22:45:00",12712,0.162,0.181,0.206,11.86,12.06,12.72,13.15,13.02,13.52,6.265
"2013-08-01 23:00:00",12713,0.162,0.181,0.206,11.77,11.97,12.66,13.11,13.03,13.52,6.091
"2013-08-01 23:15:00",12714,0.162,0.181,0.206,11.69,11.87,12.59,13.07,13.03,13.52,5.874
"2013-08-01 23:30:00",12715,0.163,0.181,0.206,11.61,11.78,12.52,13.04,13.03,13.52,5.657
"2013-08-01 23:45:00",12716,0.163,0.181,0.206,11.53,11.69,12.45,13.01,13.02,13.52,5.463
"2013-08-02 00:00:00",12717,0.163,0.181,0.206,11.45,11.6,12.39,12.97,13.02,13.52,5.268
"2013-08-02 00:15:00",12718,0.163,0.181,0.206,11.38,11.51,12.32,12.93,13.02,13.52,5.051
"2013-08-02 00:30:00",12719,0.163,0.181,0.206,11.29,11.42,12.25,12.89,13.02,13.52,4.859
"2013-08-02 00:45:00",12720,0.163,0.181,0.206,11.21,11.33,12.19,12.85,13.02,13.52,4.708
"2013-08-02 01:00:00",12721,0.163,0.181,0.206,11.14,11.24,12.12,12.81,13.01,13.52,4.536
"2013-08-02 01:15:00",12722,0.163,0.181,0.206,11.06,11.15,12.06,12.78,13.01,13.52,4.385
"2013-08-02 01:30:00",12723,0.163,0.181,0.206,10.99,11.07,12,12.74,13,13.52,4.17
"2013-08-02 01:45:00",12724,0.163,0.181,0.206,10.92,10.99,11.93,12.69,12.99,13.52,4.042
"2013-08-02 02:00:00",12725,0.163,0.181,0.206,10.85,10.91,11.87,12.66,12.98,13.52,3.913
"2013-08-02 02:15:00",12726,0.163,0.181,0.206,10.78,10.83,11.8,12.62,12.98,13.52,3.807
"2013-08-02 02:30:00",12727,0.163,0.181,0.206,10.72,10.75,11.74,12.57,12.97,13.52,3.721
"2013-08-02 02:45:00",12728,0.163,0.181,0.206,10.64,10.67,11.68,12.54,12.96,13.52,3.592
"2013-08-02 03:00:00",12729,0.163,0.181,0.206,10.58,10.59,11.61,12.49,12.94,13.52,3.506
"2013-08-02 03:15:00",12730,0.163,0.181,0.206,10.52,10.52,11.55,12.45,12.93,13.52,3.526
"2013-08-02 03:30:00",12731,0.163,0.181,0.206,10.48,10.46,11.49,12.41,12.92,13.52,3.655
"2013-08-02 03:45:00",12732,0.163,0.181,0.206,10.45,10.41,11.43,12.37,12.91,13.52,3.85
"2013-08-02 04:00:00",12733,0.163,0.181,0.206,10.43,10.38,11.38,12.33,12.9,13.52,4.107
"2013-08-02 04:15:00",12734,0.163,0.181,0.206,10.43,10.36,11.34,12.29,12.89,13.52,4.385
"2013-08-02 04:30:00",12735,0.163,0.181,0.206,10.43,10.35,11.29,12.25,12.87,13.52,4.643
"2013-08-02 04:45:00",12736,0.163,0.181,0.206,10.43,10.34,11.25,12.21,12.86,13.52,4.859
"2013-08-02 05:00:00",12737,0.163,0.181,0.206,10.43,10.33,11.21,12.17,12.84,13.52,4.945
"2013-08-02 05:15:00",12738,0.163,0.181,0.206,10.42,10.32,11.18,12.13,12.83,13.52,5.009
"2013-08-02 05:30:00",12739,0.163,0.181,0.206,10.41,10.3,11.15,12.1,12.81,13.52,5.009
"2013-08-02 05:45:00",12740,0.163,0.181,0.206,10.39,10.28,11.13,12.07,12.79,13.52,4.966
"2013-08-02 06:00:00",12741,0.163,0.181,0.206,10.36,10.25,11.1,12.04,12.78,13.52,4.902
"2013-08-02 06:15:00",12742,0.163,0.181,0.206,10.32,10.21,11.07,12.01,12.76,13.52,4.88
"2013-08-02 06:30:00",12743,0.163,0.181,0.206,10.29,10.18,11.04,11.98,12.74,13.52,4.751
"2013-08-02 06:45:00",12744,0.163,0.181,0.206,10.25,10.14,11.01,11.95,12.73,13.52,4.665
"2013-08-02 07:00:00",12745,0.163,0.181,0.206,10.21,10.09,10.98,11.93,12.72,13.52,4.643
"2013-08-02 07:15:00",12746,0.163,0.181,0.206,10.18,10.07,10.95,11.89,12.7,13.52,4.685
"2013-08-02 07:30:00",12747,0.163,0.181,0.206,10.17,10.04,10.92,11.87,12.69,13.52,4.794
"2013-08-02 07:45:00",12748,0.163,0.181,0.206,10.17,10.02,10.89,11.84,12.66,13.52,5.009
"2013-08-02 08:00:00",12749,0.163,0.181,0.206,10.17,10.02,10.86,11.82,12.65,13.52,5.291
"2013-08-02 08:15:00",12750,0.163,0.181,0.206,10.19,10.03,10.83,11.79,12.64,13.52,5.591
"2013-08-02 08:30:00",12751,0.163,0.181,0.206,10.23,10.04,10.81,11.76,12.62,13.52,5.939
"2013-08-02 08:45:00",12752,0.163,0.181,0.206,10.28,10.08,10.8,11.74,12.6,13.52,6.373
"2013-08-02 09:00:00",12753,0.163,0.181,0.206,10.34,10.13,10.79,11.71,12.59,13.53,7.006
"2013-08-02 09:15:00",12754,0.163,0.181,0.206,10.42,10.19,10.78,11.69,12.57,13.53,7.839
"2013-08-02 09:30:00",12755,0.163,0.181,0.206,10.53,10.29,10.79,11.67,12.55,13.52,8.59
"2013-08-02 09:45:00",12756,0.163,0.181,0.206,10.65,10.41,10.8,11.66,12.55,13.52,9.57
"2013-08-02 10:00:00",12757,0.163,0.181,0.206,10.8,10.54,10.83,11.65,12.53,13.52,11.86
"2013-08-02 10:15:00",12758,0.163,0.181,0.206,11.02,10.75,10.86,11.63,12.51,13.53,13.59
"2013-08-02 10:30:00",12759,0.163,0.181,0.206,11.34,11.07,10.92,11.63,12.5,13.52,14.61
"2013-08-02 10:45:00",12760,0.163,0.181,0.206,11.67,11.43,11,11.63,12.48,13.53,15.12
"2013-08-02 11:00:00",12761,0.163,0.181,0.206,11.93,11.74,11.11,11.63,12.47,13.52,15.48
"2013-08-02 11:15:00",12762,0.163,0.181,0.206,12.15,12,11.24,11.65,12.46,13.53,15.7
"2013-08-02 11:30:00",12763,0.163,0.181,0.206,12.34,12.23,11.37,11.68,12.45,13.53,16.36
"2013-08-02 11:45:00",12764,0.162,0.181,0.206,12.57,12.49,11.5,11.71,12.44,13.53,16.76
"2013-08-02 12:00:00",12765,0.162,0.181,0.206,12.87,12.8,11.64,11.75,12.43,13.53,17.09
"2013-08-02 12:15:00",12766,0.162,0.18,0.206,13.16,13.12,11.79,11.8,12.42,13.52,17.64
"2013-08-02 12:30:00",12767,0.162,0.181,0.206,13.44,13.47,11.94,11.85,12.41,13.52,17.89
"2013-08-02 12:45:00",12768,0.162,0.18,0.206,13.7,13.82,12.11,11.9,12.41,13.52,17.99
"2013-08-02 13:00:00",12769,0.162,0.181,0.206,13.92,14.17,12.28,11.97,12.4,13.52,18.1
"2013-08-02 13:15:00",12770,0.162,0.181,0.206,14.09,14.48,12.47,12.04,12.4,13.52,18.25
"2013-08-02 13:30:00",12771,0.162,0.18,0.206,14.22,14.78,12.67,12.11,12.39,13.52,18.4
"2013-08-02 13:45:00",12772,0.161,0.18,0.206,14.35,15.03,12.85,12.19,12.4,13.52,18.56
"2013-08-02 14:00:00",12773,0.161,0.18,0.206,14.48,15.2,13.04,12.28,12.4,13.52,18.66
"2013-08-02 14:15:00",12774,0.161,0.18,0.206,14.59,15.26,13.21,12.37,12.4,13.52,18.71
"2013-08-02 14:30:00",12775,0.161,0.18,0.206,14.67,15.3,13.35,12.46,12.41,13.52,18.77
"2013-08-02 14:45:00",12776,0.161,0.18,0.206,14.73,15.32,13.47,12.55,12.42,13.52,18.61
"2013-08-02 15:00:00",12777,0.161,0.18,0.206,14.74,15.31,13.58,12.63,12.43,13.52,18.46
"2013-08-02 15:15:00",12778,0.161,0.18,0.206,14.71,15.26,13.66,12.72,12.45,13.52,18.56
"2013-08-02 15:30:00",12779,0.161,0.18,0.206,14.71,15.2,13.73,12.8,12.46,13.52,18.66
"2013-08-02 15:45:00",12780,0.16,0.18,0.206,14.7,15.14,13.78,12.87,12.47,13.52,18.74
"2013-08-02 16:00:00",12781,0.16,0.18,0.206,14.7,15.09,13.82,12.94,12.5,13.52,18.74
"2013-08-02 16:15:00",12782,0.16,0.18,0.206,14.66,15.02,13.85,13,12.51,13.52,18.56
"2013-08-02 16:30:00",12783,0.16,0.18,0.206,14.58,14.92,13.87,13.06,12.54,13.52,18.2
"2013-08-02 16:45:00",12784,0.16,0.18,0.206,14.47,14.8,13.88,13.11,12.56,13.52,17.72
"2013-08-02 17:00:00",12785,0.16,0.18,0.206,14.36,14.67,13.88,13.16,12.58,13.52,17.21
"2013-08-02 17:15:00",12786,0.16,0.18,0.206,14.25,14.55,13.86,13.19,12.61,13.52,16.61
"2013-08-02 17:30:00",12787,0.16,0.18,0.206,14.12,14.41,13.84,13.23,12.63,13.52,15.92
"2013-08-02 17:45:00",12788,0.16,0.18,0.206,14,14.27,13.81,13.26,12.65,13.52,15.17
"2013-08-02 18:00:00",12789,0.16,0.179,0.206,13.87,14.13,13.77,13.27,12.67,13.52,14.44
"2013-08-02 18:15:00",12790,0.16,0.179,0.206,13.75,13.99,13.73,13.29,12.7,13.52,13.85
"2013-08-02 18:30:00",12791,0.16,0.179,0.206,13.62,13.86,13.68,13.3,12.72,13.52,13.45
"2013-08-02 18:45:00",12792,0.16,0.179,0.206,13.5,13.72,13.62,13.31,12.74,13.52,13.23
"2013-08-02 19:00:00",12793,0.16,0.179,0.206,13.38,13.58,13.57,13.31,12.76,13.52,12.95
"2013-08-02 19:15:00",12794,0.16,0.179,0.206,13.27,13.46,13.5,13.31,12.78,13.52,12.49
"2013-08-02 19:30:00",12795,0.16,0.179,0.206,13.16,13.35,13.45,13.31,12.8,13.52,11.96
"2013-08-02 19:45:00",12796,0.16,0.179,0.206,13.05,13.23,13.38,13.3,12.82,13.52,11.45
"2013-08-02 20:00:00",12797,0.16,0.179,0.206,12.94,13.11,13.32,13.29,12.83,13.53,11.08
"2013-08-02 20:15:00",12798,0.16,0.179,0.206,12.83,12.99,13.25,13.27,12.85,13.52,10.72
"2013-08-02 20:30:00",12799,0.16,0.179,0.206,12.73,12.88,13.19,13.26,12.86,13.52,10.29
"2013-08-02 20:45:00",12800,0.16,0.179,0.206,12.64,12.77,13.13,13.24,12.88,13.52,9.88
"2013-08-02 21:00:00",12801,0.16,0.179,0.206,12.53,12.66,13.06,13.22,12.89,13.52,9.55
"2013-08-02 21:15:00",12802,0.16,0.179,0.206,12.43,12.56,13,13.2,12.9,13.52,9.28
"2013-08-02 21:30:00",12803,0.16,0.179,0.206,12.34,12.45,12.93,13.17,12.91,13.52,8.92
"2013-08-02 21:45:00",12804,0.16,0.179,0.206,12.25,12.36,12.87,13.14,12.92,13.52,8.5
"2013-08-02 22:00:00",12805,0.16,0.179,0.206,12.15,12.26,12.8,13.12,12.93,13.52,8.1
"2013-08-02 22:15:00",12806,0.16,0.179,0.206,12.07,12.16,12.74,13.09,12.94,13.52,7.817
"2013-08-02 22:30:00",12807,0.16,0.179,0.206,11.97,12.06,12.67,13.06,12.95,13.52,7.575
"2013-08-02 22:45:00",12808,0.16,0.179,0.206,11.89,11.97,12.61,13.03,12.95,13.52,7.399
"2013-08-02 23:00:00",12809,0.16,0.179,0.206,11.8,11.87,12.54,12.99,12.95,13.52,7.29
"2013-08-02 23:15:00",12810,0.16,0.179,0.206,11.72,11.78,12.47,12.96,12.95,13.52,7.333
"2013-08-02 23:30:00",12811,0.16,0.179,0.206,11.65,11.7,12.4,12.93,12.95,13.52,7.464
"2013-08-02 23:45:00",12812,0.16,0.179,0.206,11.59,11.62,12.35,12.9,12.95,13.52,7.487
"2013-08-03 00:00:00",12813,0.16,0.179,0.206,11.53,11.56,12.29,12.86,12.95,13.52,7.532
"2013-08-03 00:15:00",12814,0.16,0.179,0.206,11.48,11.5,12.23,12.83,12.95,13.53,7.575
"2013-08-03 00:30:00",12815,0.16,0.179,0.206,11.46,11.45,12.18,12.8,12.95,13.52,7.598
"2013-08-03 00:45:00",12816,0.16,0.179,0.206,11.43,11.41,12.13,12.76,12.95,13.52,7.575
"2013-08-03 01:00:00",12817,0.16,0.179,0.206,11.4,11.38,12.08,12.72,12.94,13.52,7.444
"2013-08-03 01:15:00",12818,0.16,0.179,0.206,11.36,11.34,12.03,12.69,12.94,13.52,7.29
"2013-08-03 01:30:00",12819,0.16,0.179,0.206,11.31,11.29,11.99,12.65,12.93,13.53,7.114
"2013-08-03 01:45:00",12820,0.16,0.179,0.206,11.25,11.23,11.94,12.62,12.92,13.53,6.875
"2013-08-03 02:00:00",12821,0.161,0.179,0.206,11.2,11.17,11.9,12.59,12.91,13.52,6.701
"2013-08-03 02:15:00",12822,0.161,0.179,0.205,11.14,11.11,11.86,12.56,12.9,13.52,6.482
"2013-08-03 02:30:00",12823,0.161,0.179,0.205,11.08,11.04,11.81,12.52,12.9,13.52,6.242
"2013-08-03 02:45:00",12824,0.161,0.179,0.206,11.02,10.98,11.77,12.5,12.89,13.52,6.068
"2013-08-03 03:00:00",12825,0.161,0.179,0.205,10.96,10.91,11.72,12.47,12.88,13.52,5.939
"2013-08-03 03:15:00",12826,0.161,0.179,0.205,10.89,10.84,11.67,12.44,12.88,13.52,5.896
"2013-08-03 03:30:00",12827,0.161,0.179,0.206,10.83,10.77,11.62,12.4,12.87,13.52,5.874
"2013-08-03 03:45:00",12828,0.161,0.179,0.206,10.77,10.7,11.58,12.37,12.86,13.52,5.851
"2013-08-03 04:00:00",12829,0.161,0.179,0.206,10.71,10.64,11.53,12.34,12.85,13.52,5.788
"2013-08-03 04:15:00",12830,0.161,0.179,0.206,10.66,10.57,11.48,12.31,12.83,13.52,5.68
"2013-08-03 04:30:00",12831,0.161,0.179,0.206,10.6,10.51,11.43,12.28,12.82,13.52,5.591
"2013-08-03 04:45:00",12832,0.161,0.179,0.206,10.55,10.45,11.38,12.24,12.81,13.52,5.528
"2013-08-03 05:00:00",12833,0.161,0.179,0.206,10.49,10.39,11.33,12.21,12.81,13.52,5.44
"2013-08-03 05:15:00",12834,0.16,0.179,0.205,10.44,10.33,11.29,12.18,12.79,13.52,5.291
"2013-08-03 05:30:00",12835,0.161,0.179,0.205,10.38,10.27,11.24,12.14,12.78,13.52,5.16
"2013-08-03 05:45:00",12836,0.161,0.179,0.205,10.33,10.22,11.19,12.11,12.77,13.52,5.074
"2013-08-03 06:00:00",12837,0.16,0.179,0.206,10.28,10.16,11.14,12.08,12.75,13.52,4.923
"2013-08-03 06:15:00",12838,0.16,0.179,0.206,10.22,10.1,11.09,12.04,12.74,13.52,4.771
"2013-08-03 06:30:00",12839,0.161,0.179,0.206,10.17,10.04,11.05,12.01,12.72,13.52,4.514
"2013-08-03 06:45:00",12840,0.16,0.179,0.206,10.11,9.97,11.01,11.98,12.71,13.52,4.299
"2013-08-03 07:00:00",12841,0.16,0.179,0.206,10.05,9.92,10.96,11.94,12.7,13.52,4.084
"2013-08-03 07:15:00",12842,0.161,0.179,0.206,9.99,9.86,10.91,11.91,12.68,13.52,3.827
"2013-08-03 07:30:00",12843,0.16,0.179,0.206,9.94,9.79,10.86,11.88,12.67,13.52,3.698
"2013-08-03 07:45:00",12844,0.161,0.179,0.206,9.89,9.72,10.81,11.84,12.66,13.52,3.85
"2013-08-03 08:00:00",12845,0.161,0.179,0.205,9.85,9.68,10.76,11.81,12.64,13.52,4.365
"2013-08-03 08:15:00",12846,0.161,0.179,0.205,9.84,9.66,10.72,11.77,12.62,13.52,5.311
"2013-08-03 08:30:00",12847,0.161,0.179,0.206,9.87,9.66,10.67,11.74,12.61,13.52,6.875
"2013-08-03 08:45:00",12848,0.161,0.179,0.206,9.93,9.69,10.64,11.7,12.59,13.53,10.25
"2013-08-03 09:00:00",12849,0.16,0.179,0.205,10,9.76,10.61,11.67,12.57,13.52,13.59
"2013-08-03 09:15:00",12850,0.161,0.179,0.205,10.13,9.88,10.6,11.64,12.55,13.52,16.61
"2013-08-03 09:30:00",12851,0.161,0.179,0.205,10.31,10.09,10.6,11.61,12.55,13.53,19.23
"2013-08-03 09:45:00",12852,0.161,0.179,0.206,10.56,10.38,10.64,11.58,12.53,13.52,21.1
"2013-08-03 10:00:00",12853,0.16,0.179,0.205,10.83,10.71,10.69,11.57,12.51,13.52,21.86
"2013-08-03 10:15:00",12854,0.16,0.179,0.205,11.11,11.07,10.78,11.56,12.5,13.52,21.62
"2013-08-03 10:30:00",12855,0.16,0.179,0.205,11.4,11.42,10.89,11.56,12.48,13.53,22.06
"2013-08-03 10:45:00",12856,0.16,0.179,0.205,11.71,11.78,11.03,11.56,12.47,13.53,22.31
"2013-08-03 11:00:00",12857,0.16,0.178,0.205,12.02,12.15,11.17,11.58,12.45,13.53,22.31
"2013-08-03 11:15:00",12858,0.16,0.178,0.206,12.35,12.5,11.34,11.62,12.44,13.53,22.22
"2013-08-03 11:30:00",12859,0.16,0.178,0.205,12.67,12.82,11.5,11.66,12.43,13.53,21.97
"2013-08-03 11:45:00",12860,0.159,0.178,0.205,12.99,13.13,11.67,11.7,12.41,13.53,21.53
"2013-08-03 12:00:00",12861,0.159,0.178,0.205,13.31,13.44,11.85,11.76,12.41,13.52,21.18
"2013-08-03 12:15:00",12862,0.159,0.178,0.205,13.62,13.76,12.03,11.82,12.4,13.52,20.8
"2013-08-03 12:30:00",12863,0.159,0.178,0.205,13.87,14.05,12.21,11.89,12.39,13.52,20.31
"2013-08-03 12:45:00",12864,0.159,0.178,0.205,14.07,14.31,12.4,11.96,12.38,13.52,19.81
"2013-08-03 13:00:00",12865,0.159,0.178,0.205,14.23,14.53,12.57,12.04,12.39,13.52,19.47
"2013-08-03 13:15:00",12866,0.158,0.178,0.205,14.34,14.75,12.74,12.13,12.38,13.52,19.15
"2013-08-03 13:30:00",12867,0.158,0.178,0.205,14.44,14.97,12.91,12.2,12.38,13.52,18.89
"2013-08-03 13:45:00",12868,0.158,0.178,0.205,14.53,15.16,13.07,12.29,12.38,13.52,18.71
"2013-08-03 14:00:00",12869,0.158,0.178,0.205,14.63,15.27,13.23,12.38,12.39,13.52,18.53
"2013-08-03 14:15:00",12870,0.158,0.178,0.206,14.7,15.28,13.37,12.47,12.4,13.52,18.4
"2013-08-03 14:30:00",12871,0.158,0.178,0.205,14.72,15.24,13.48,12.56,12.41,13.52,18.28
"2013-08-03 14:45:00",12872,0.157,0.178,0.205,14.73,15.18,13.58,12.64,12.42,13.52,18.15
"2013-08-03 15:00:00",12873,0.157,0.178,0.205,14.71,15.12,13.65,12.72,12.44,13.52,18.05
"2013-08-03 15:15:00",12874,0.157,0.177,0.205,14.68,15.04,13.7,12.8,12.45,13.52,17.95
"2013-08-03 15:30:00",12875,0.157,0.177,0.205,14.62,14.94,13.74,12.87,12.47,13.52,17.77
"2013-08-03 15:45:00",12876,0.157,0.177,0.205,14.57,14.84,13.76,12.93,12.49,13.52,17.59
"2013-08-03 16:00:00",12877,0.157,0.177,0.205,14.51,14.74,13.77,12.99,12.51,13.52,17.34
"2013-08-03 16:15:00",12878,0.157,0.177,0.205,14.41,14.61,13.77,13.04,12.53,13.52,17.06
"2013-08-03 16:30:00",12879,0.157,0.177,0.205,14.29,14.47,13.76,13.08,12.56,13.52,16.66
"2013-08-03 16:45:00",12880,0.157,0.177,0.205,14.16,14.33,13.74,13.12,12.58,13.52,16.17
"2013-08-03 17:00:00",12881,0.157,0.177,0.205,14.03,14.18,13.71,13.15,12.6,13.53,15.6
"2013-08-03 17:15:00",12882,0.157,0.177,0.205,13.89,14.03,13.67,13.17,12.62,13.53,15.07
"2013-08-03 17:30:00",12883,0.157,0.177,0.205,13.76,13.88,13.62,13.19,12.64,13.52,14.56
"2013-08-03 17:45:00",12884,0.157,0.177,0.205,13.63,13.74,13.57,13.2,12.66,13.52,14.11
"2013-08-03 18:00:00",12885,0.157,0.177,0.205,13.51,13.6,13.52,13.21,12.68,13.52,13.71
"2013-08-03 18:15:00",12886,0.156,0.177,0.205,13.39,13.46,13.45,13.22,12.71,13.52,13.3
"2013-08-03 18:30:00",12887,0.156,0.177,0.205,13.27,13.32,13.4,13.22,12.73,13.52,12.93
"2013-08-03 18:45:00",12888,0.156,0.177,0.205,13.16,13.19,13.33,13.21,12.75,13.52,12.58
"2013-08-03 19:00:00",12889,0.156,0.177,0.205,13.05,13.07,13.27,13.2,12.77,13.52,12.37
"2013-08-03 19:15:00",12890,0.156,0.177,0.205,12.95,12.95,13.2,13.19,12.78,13.52,12.16
"2013-08-03 19:30:00",12891,0.156,0.177,0.205,12.84,12.83,13.13,13.18,12.8,13.52,11.84
"2013-08-03 19:45:00",12892,0.156,0.177,0.205,12.73,12.72,13.07,13.16,12.81,13.52,11.63
"2013-08-03 20:00:00",12893,0.156,0.177,0.205,12.62,12.6,13,13.14,12.83,13.52,11.4
"2013-08-03 20:15:00",12894,0.156,0.177,0.205,12.52,12.49,12.93,13.12,12.84,13.52,11.2
"2013-08-03 20:30:00",12895,0.156,0.177,0.205,12.42,12.38,12.86,13.09,12.85,13.52,10.97
"2013-08-03 20:45:00",12896,0.156,0.177,0.205,12.33,12.28,12.79,13.07,12.86,13.52,10.63
"2013-08-03 21:00:00",12897,0.156,0.177,0.205,12.24,12.18,12.73,13.04,12.87,13.52,10.36
"2013-08-03 21:15:00",12898,0.156,0.177,0.205,12.16,12.08,12.66,13.01,12.87,13.52,10.04
"2013-08-03 21:30:00",12899,0.156,0.176,0.205,12.07,11.99,12.59,12.98,12.88,13.52,9.66
"2013-08-03 21:45:00",12900,0.157,0.176,0.205,11.98,11.9,12.53,12.95,12.89,13.52,9.24
"2013-08-03 22:00:00",12901,0.156,0.176,0.205,11.89,11.81,12.47,12.92,12.89,13.52,8.77
"2013-08-03 22:15:00",12902,0.156,0.176,0.205,11.81,11.72,12.41,12.89,12.9,13.52,8.35
"2013-08-03 22:30:00",12903,0.156,0.176,0.205,11.73,11.64,12.35,12.86,12.9,13.52,8.08
"2013-08-03 22:45:00",12904,0.156,0.176,0.205,11.65,11.56,12.29,12.83,12.9,13.52,7.817
"2013-08-03 23:00:00",12905,0.156,0.176,0.205,11.57,11.48,12.22,12.8,12.9,13.52,7.575
"2013-08-03 23:15:00",12906,0.156,0.176,0.205,11.5,11.4,12.16,12.76,12.9,13.52,7.399
"2013-08-03 23:30:00",12907,0.156,0.176,0.205,11.42,11.33,12.1,12.72,12.89,13.52,7.29
"2013-08-03 23:45:00",12908,0.156,0.176,0.205,11.37,11.26,12.05,12.69,12.89,13.52,7.311
"2013-08-04 00:00:00",12909,0.156,0.176,0.205,11.33,11.21,11.99,12.65,12.89,13.52,7.421
"2013-08-04 00:15:00",12910,0.156,0.176,0.205,11.3,11.17,11.94,12.62,12.88,13.52,7.575
"2013-08-04 00:30:00",12911,0.156,0.176,0.205,11.28,11.14,11.89,12.58,12.88,13.52,7.706
"2013-08-04 00:45:00",12912,0.157,0.176,0.205,11.25,11.11,11.85,12.55,12.87,13.52,7.882
"2013-08-04 01:00:00",12913,0.156,0.176,0.205,11.23,11.08,11.81,12.52,12.87,13.52,8.04
"2013-08-04 01:15:00",12914,0.156,0.176,0.205,11.2,11.05,11.77,12.49,12.86,13.52,8.21
"2013-08-04 01:30:00",12915,0.156,0.176,0.205,11.16,11.01,11.73,12.46,12.85,13.52,8.26
"2013-08-04 01:45:00",12916,0.156,0.176,0.205,11.12,10.98,11.7,12.43,12.85,13.52,8.19
"2013-08-04 02:00:00",12917,0.156,0.176,0.205,11.08,10.94,11.66,12.4,12.84,13.52,8.15
"2013-08-04 02:15:00",12918,0.156,0.176,0.205,11.04,10.89,11.63,12.37,12.83,13.52,8.15
"2013-08-04 02:30:00",12919,0.156,0.176,0.205,11.01,10.86,11.59,12.34,12.82,13.52,8.17
"2013-08-04 02:45:00",12920,0.156,0.176,0.205,10.98,10.82,11.55,12.31,12.81,13.52,8.23
"2013-08-04 03:00:00",12921,0.156,0.176,0.205,10.94,10.79,11.52,12.29,12.81,13.52,8.52
"2013-08-04 03:15:00",12922,0.156,0.176,0.205,10.92,10.76,11.49,12.26,12.79,13.52,8.97
"2013-08-04 03:30:00",12923,0.156,0.176,0.205,10.9,10.74,11.45,12.23,12.78,13.52,9.37
"2013-08-04 03:45:00",12924,0.157,0.176,0.205,10.89,10.72,11.42,12.2,12.76,13.52,9.52
"2013-08-04 04:00:00",12925,0.156,0.176,0.205,10.87,10.7,11.39,12.17,12.76,13.52,9.59
"2013-08-04 04:15:00",12926,0.157,0.176,0.205,10.86,10.69,11.37,12.15,12.74,13.52,9.57
"2013-08-04 04:30:00",12927,0.156,0.176,0.205,10.84,10.67,11.35,12.13,12.73,13.52,9.46
"2013-08-04 04:45:00",12928,0.156,0.176,0.205,10.82,10.65,11.32,12.1,12.72,13.52,9.26
"2013-08-04 05:00:00",12929,0.156,0.176,0.205,10.79,10.63,11.3,12.08,12.71,13.52,8.97
"2013-08-04 05:15:00",12930,0.156,0.176,0.205,10.76,10.6,11.28,12.06,12.7,13.52,8.68
"2013-08-04 05:30:00",12931,0.156,0.176,0.205,10.72,10.57,11.26,12.04,12.69,13.52,8.41
"2013-08-04 05:45:00",12932,0.156,0.176,0.205,10.68,10.52,11.23,12.02,12.68,13.52,8.06
"2013-08-04 06:00:00",12933,0.156,0.176,0.205,10.63,10.48,11.21,12,12.67,13.52,7.686
"2013-08-04 06:15:00",12934,0.156,0.176,0.205,10.58,10.44,11.18,11.98,12.66,13.52,7.378
"2013-08-04 06:30:00",12935,0.156,0.176,0.205,10.52,10.37,11.15,11.96,12.64,13.52,7.137
"2013-08-04 06:45:00",12936,0.156,0.176,0.205,10.47,10.32,11.11,11.93,12.63,13.52,7.049
"2013-08-04 07:00:00",12937,0.156,0.176,0.205,10.42,10.27,11.07,11.91,12.62,13.53,7.137
"2013-08-04 07:15:00",12938,0.156,0.176,0.205,10.38,10.23,11.04,11.88,12.61,13.53,7.399
"2013-08-04 07:30:00",12939,0.156,0.176,0.205,10.37,10.2,11.01,11.86,12.6,13.53,7.575
"2013-08-04 07:45:00",12940,0.156,0.176,0.205,10.34,10.18,10.98,11.84,12.58,13.52,7.686
"2013-08-04 08:00:00",12941,0.156,0.176,0.205,10.33,10.16,10.95,11.82,12.58,13.52,8.06
"2013-08-04 08:15:00",12942,0.156,0.176,0.205,10.32,10.15,10.93,11.8,12.57,13.52,8.81
"2013-08-04 08:30:00",12943,0.156,0.176,0.205,10.36,10.17,10.9,11.77,12.56,13.52,9.91
"2013-08-04 08:45:00",12944,0.157,0.175,0.205,10.46,10.23,10.88,11.75,12.54,13.52,10.9
"2013-08-04 09:00:00",12945,0.157,0.175,0.205,10.57,10.32,10.87,11.73,12.53,13.53,11.86
"2013-08-04 09:15:00",12946,0.156,0.175,0.205,10.71,10.43,10.87,11.71,12.51,13.53,13.78
"2013-08-04 09:30:00",12947,0.156,0.175,0.205,10.89,10.6,10.89,11.69,12.51,13.52,16.59
"2013-08-04 09:45:00",12948,0.156,0.175,0.205,11.12,10.83,10.93,11.68,12.49,13.53,18.95
"2013-08-04 10:00:00",12949,0.156,0.175,0.205,11.42,11.14,10.98,11.67,12.48,13.52,20.05
"2013-08-04 10:15:00",12950,0.156,0.175,0.205,11.74,11.48,11.07,11.67,12.47,13.52,20.69
"2013-08-04 10:30:00",12951,0.156,0.175,0.205,12.05,11.82,11.17,11.68,12.46,13.52,21.07
"2013-08-04 10:45:00",12952,0.156,0.175,0.205,12.34,12.14,11.3,11.69,12.45,13.52,21.48
"2013-08-04 11:00:00",12953,0.155,0.175,0.205,12.62,12.44,11.44,11.72,12.44,13.52,21.86
"2013-08-04 11:15:00",12954,0.155,0.175,0.205,12.92,12.74,11.59,11.75,12.43,13.52,22.33
"2013-08-04 11:30:00",12955,0.155,0.175,0.205,13.22,13.05,11.74,11.79,12.42,13.52,22.22
"2013-08-04 11:45:00",12956,0.155,0.175,0.205,13.53,13.37,11.9,11.84,12.41,13.52,21.89
"2013-08-04 12:00:00",12957,0.155,0.175,0.205,13.84,13.66,12.06,11.89,12.41,13.52,21.72
"2013-08-04 12:15:00",12958,0.154,0.175,0.205,14.11,13.94,12.24,11.96,12.4,13.52,21.59
"2013-08-04 12:30:00",12959,0.154,0.175,0.205,14.36,14.23,12.41,12.02,12.4,13.52,21.23
"2013-08-04 12:45:00",12960,0.154,0.175,0.205,14.55,14.5,12.58,12.09,12.39,13.52,20.77
"2013-08-04 13:00:00",12961,0.154,0.175,0.205,14.69,14.75,12.76,12.17,12.39,13.52,20.37
"2013-08-04 13:15:00",12962,0.154,0.175,0.205,14.78,14.97,12.93,12.25,12.4,13.52,20
"2013-08-04 13:30:00",12963,0.154,0.175,0.205,14.84,15.17,13.09,12.33,12.4,13.52,19.68
"2013-08-04 13:45:00",12964,0.153,0.174,0.205,14.91,15.33,13.25,12.42,12.41,13.52,19.55
"2013-08-04 14:00:00",12965,0.153,0.174,0.205,15,15.42,13.4,12.51,12.42,13.52,19.55
"2013-08-04 14:15:00",12966,0.153,0.174,0.205,15.09,15.48,13.54,12.6,12.43,13.52,19.42
"2013-08-04 14:30:00",12967,0.153,0.174,0.205,15.15,15.49,13.65,12.68,12.44,13.52,19.18
"2013-08-04 14:45:00",12968,0.153,0.174,0.205,15.18,15.47,13.75,12.76,12.45,13.52,18.89
"2013-08-04 15:00:00",12969,0.153,0.174,0.205,15.16,15.43,13.83,12.85,12.47,13.52,18.51
"2013-08-04 15:15:00",12970,0.153,0.174,0.205,15.12,15.35,13.89,12.93,12.49,13.52,18.25
"2013-08-04 15:30:00",12971,0.152,0.174,0.205,15.06,15.27,13.94,12.99,12.51,13.52,17.77
"2013-08-04 15:45:00",12972,0.152,0.174,0.205,14.98,15.16,13.97,13.06,12.53,13.52,17.29
"2013-08-04 16:00:00",12973,0.152,0.174,0.205,14.9,15.05,13.99,13.12,12.55,13.52,16.81
"2013-08-04 16:15:00",12974,0.152,0.174,0.205,14.81,14.94,13.99,13.18,12.58,13.52,16.39
"2013-08-04 16:30:00",12975,0.152,0.174,0.205,14.73,14.84,13.99,13.22,12.59,13.52,16.02
"2013-08-04 16:45:00",12976,0.152,0.174,0.205,14.65,14.74,13.97,13.26,12.62,13.52,15.7
"2013-08-04 17:00:00",12977,0.152,0.174,0.205,14.55,14.63,13.96,13.29,12.64,13.53,15.29
"2013-08-04 17:15:00",12978,0.152,0.173,0.205,14.44,14.51,13.93,13.32,12.67,13.52,14.71
"2013-08-04 17:30:00",12979,0.152,0.173,0.205,14.31,14.38,13.9,13.35,12.69,13.52,14.06
"2013-08-04 17:45:00",12980,0.152,0.173,0.205,14.17,14.24,13.87,13.37,12.71,13.52,13.45
"2013-08-04 18:00:00",12981,0.152,0.173,0.205,14.02,14.09,13.83,13.38,12.74,13.52,12.93
"2013-08-04 18:15:00",12982,0.152,0.173,0.205,13.87,13.94,13.77,13.39,12.76,13.52,12.39
"2013-08-04 18:30:00",12983,0.152,0.173,0.205,13.73,13.79,13.72,13.4,12.79,13.52,11.93
"2013-08-04 18:45:00",12984,0.152,0.173,0.205,13.59,13.64,13.66,13.4,12.8,13.52,11.59
"2013-08-04 19:00:00",12985,0.152,0.173,0.205,13.46,13.49,13.59,13.4,12.82,13.52,11.29
"2013-08-04 19:15:00",12986,0.152,0.173,0.205,13.32,13.36,13.52,13.39,12.84,13.52,10.93
"2013-08-04 19:30:00",12987,0.152,0.173,0.205,13.2,13.22,13.45,13.38,12.86,13.52,10.49
"2013-08-04 19:45:00",12988,0.152,0.173,0.205,13.08,13.1,13.38,13.36,12.88,13.52,10.04
"2013-08-04 20:00:00",12989,0.152,0.173,0.205,12.95,12.97,13.31,13.35,12.89,13.52,9.55
"2013-08-04 20:15:00",12990,0.152,0.173,0.205,12.84,12.85,13.24,13.33,12.91,13.52,9.06
"2013-08-04 20:30:00",12991,0.152,0.173,0.205,12.72,12.73,13.17,13.3,12.92,13.52,8.55
"2013-08-04 20:45:00",12992,0.152,0.173,0.205,12.6,12.61,13.09,13.28,12.94,13.52,8.1
"2013-08-04 21:00:00",12993,0.152,0.173,0.205,12.49,12.49,13.02,13.25,12.95,13.52,7.751
"2013-08-04 21:15:00",12994,0.152,0.173,0.205,12.38,12.37,12.94,13.23,12.96,13.52,7.399
"2013-08-04 21:30:00",12995,0.152,0.172,0.205,12.27,12.25,12.87,13.19,12.96,13.52,7.049
"2013-08-04 21:45:00",12996,0.152,0.172,0.205,12.16,12.13,12.79,13.16,12.97,13.52,6.809
"2013-08-04 22:00:00",12997,0.152,0.173,0.205,12.06,12.01,12.72,13.12,12.97,13.52,6.59
"2013-08-04 22:15:00",12998,0.152,0.173,0.205,11.96,11.91,12.64,13.09,12.98,13.52,6.351
"2013-08-04 22:30:00",12999,0.152,0.173,0.205,11.87,11.8,12.56,13.06,12.98,13.52,6.265
"2013-08-04 22:45:00",13000,0.152,0.172,0.205,11.78,11.7,12.5,13.02,12.98,13.52,6.242
"2013-08-04 23:00:00",13001,0.152,0.172,0.205,11.7,11.61,12.42,12.98,12.99,13.52,6.265
"2013-08-04 23:15:00",13002,0.152,0.172,0.205,11.62,11.54,12.35,12.94,12.99,13.52,6.265
"2013-08-04 23:30:00",13003,0.152,0.172,0.205,11.56,11.46,12.28,12.9,12.99,13.52,6.177
"2013-08-04 23:45:00",13004,0.152,0.172,0.205,11.5,11.39,12.22,12.86,12.98,13.52,6.177
"2013-08-05 00:00:00",13005,0.152,0.172,0.204,11.45,11.33,12.16,12.82,12.98,13.52,6.156
"2013-08-05 00:15:00",13006,0.152,0.172,0.205,11.4,11.27,12.1,12.78,12.98,13.52,6.222
"2013-08-05 00:30:00",13007,0.152,0.172,0.205,11.36,11.22,12.04,12.75,12.97,13.52,6.33
"2013-08-05 00:45:00",13008,0.152,0.172,0.204,11.33,11.18,11.99,12.7,12.97,13.52,6.461
"2013-08-05 01:00:00",13009,0.152,0.172,0.204,11.31,11.14,11.93,12.67,12.96,13.52,6.656
"2013-08-05 01:15:00",13010,0.152,0.172,0.204,11.29,11.11,11.89,12.63,12.95,13.52,6.832
"2013-08-05 01:30:00",13011,0.152,0.172,0.204,11.26,11.09,11.85,12.59,12.94,13.52,6.963
"2013-08-05 01:45:00",13012,0.152,0.172,0.204,11.24,11.06,11.81,12.56,12.93,13.52,7.071
"2013-08-05 02:00:00",13013,0.152,0.172,0.204,11.22,11.03,11.77,12.52,12.92,13.53,7.159
"2013-08-05 02:15:00",13014,0.152,0.172,0.204,11.19,11,11.73,12.49,12.91,13.52,7.202
"2013-08-05 02:30:00",13015,0.152,0.172,0.204,11.15,10.97,11.7,12.46,12.91,13.53,7.159
"2013-08-05 02:45:00",13016,0.152,0.172,0.204,11.1,10.92,11.67,12.43,12.89,13.53,7.006
"2013-08-05 03:00:00",13017,0.152,0.172,0.204,11.03,10.87,11.63,12.4,12.88,13.53,6.787
"2013-08-05 03:15:00",13018,0.152,0.172,0.204,10.97,10.81,11.6,12.37,12.87,13.53,6.59
"2013-08-05 03:30:00",13019,0.152,0.172,0.204,10.9,10.73,11.56,12.34,12.86,13.52,6.351
"2013-08-05 03:45:00",13020,0.152,0.172,0.204,10.83,10.67,11.51,12.32,12.85,13.52,6.113
"2013-08-05 04:00:00",13021,0.152,0.172,0.204,10.77,10.6,11.47,12.28,12.84,13.52,5.874
"2013-08-05 04:15:00",13022,0.152,0.172,0.204,10.7,10.53,11.43,12.26,12.83,13.52,5.7
"2013-08-05 04:30:00",13023,0.152,0.172,0.204,10.63,10.46,11.38,12.23,12.82,13.52,5.571
"2013-08-05 04:45:00",13024,0.152,0.172,0.204,10.57,10.39,11.33,12.2,12.8,13.52,5.485
"2013-08-05 05:00:00",13025,0.152,0.172,0.204,10.51,10.33,11.28,12.16,12.79,13.52,5.44
"2013-08-05 05:15:00",13026,0.152,0.172,0.204,10.45,10.27,11.23,12.13,12.78,13.52,5.354
"2013-08-05 05:30:00",13027,0.152,0.171,0.204,10.39,10.21,11.19,12.1,12.76,13.52,5.246
"2013-08-05 05:45:00",13028,0.152,0.171,0.204,10.33,10.15,11.14,12.07,12.75,13.52,5.117
"2013-08-05 06:00:00",13029,0.152,0.171,0.204,10.27,10.09,11.09,12.04,12.74,13.52,4.945
"2013-08-05 06:15:00",13030,0.152,0.171,0.204,10.21,10.02,11.04,12,12.73,13.52,4.771
"2013-08-05 06:30:00",13031,0.152,0.171,0.204,10.15,9.97,11,11.97,12.71,13.52,4.579
"2013-08-05 06:45:00",13032,0.152,0.171,0.204,10.1,9.9,10.95,11.94,12.71,13.52,4.385
"2013-08-05 07:00:00",13033,0.152,0.171,0.204,10.04,9.84,10.91,11.9,12.69,13.52,4.236
"2013-08-05 07:15:00",13034,0.152,0.171,0.204,9.99,9.79,10.85,11.87,12.68,13.52,4.127
"2013-08-05 07:30:00",13035,0.152,0.171,0.204,9.94,9.73,10.81,11.84,12.66,13.52,4.15
"2013-08-05 07:45:00",13036,0.152,0.171,0.204,9.89,9.68,10.76,11.8,12.65,13.52,4.342
"2013-08-05 08:00:00",13037,0.152,0.171,0.204,9.87,9.65,10.72,11.77,12.63,13.52,4.771
"2013-08-05 08:15:00",13038,0.152,0.171,0.204,9.87,9.64,10.67,11.73,12.62,13.52,5.463
"2013-08-05 08:30:00",13039,0.152,0.171,0.204,9.88,9.64,10.63,11.7,12.6,13.52,7.641
"2013-08-05 08:45:00",13040,0.152,0.171,0.204,9.92,9.66,10.6,11.66,12.58,13.52,11.31
"2013-08-05 09:00:00",13041,0.152,0.171,0.204,9.98,9.72,10.58,11.63,12.56,13.53,14.68
"2013-08-05 09:15:00",13042,0.152,0.171,0.204,10.1,9.85,10.57,11.6,12.55,13.53,17.09
"2013-08-05 09:30:00",13043,0.152,0.171,0.204,10.27,10.06,10.57,11.58,12.53,13.53,18.95
"2013-08-05 09:45:00",13044,0.152,0.171,0.204,10.47,10.3,10.6,11.56,12.52,13.52,20.15
"2013-08-05 10:00:00",13045,0.152,0.171,0.204,10.7,10.58,10.66,11.54,12.5,13.52,21.07
"2013-08-05 10:15:00",13046,0.152,0.171,0.204,10.97,10.88,10.73,11.53,12.49,13.52,21.29
"2013-08-05 10:30:00",13047,0.152,0.171,0.204,11.26,11.19,10.83,11.53,12.47,13.52,21.62
"2013-08-05 10:45:00",13048,0.151,0.171,0.204,11.57,11.52,10.94,11.53,12.45,13.52,21.81
"2013-08-05 11:00:00",13049,0.151,0.171,0.204,11.88,11.82,11.07,11.55,12.44,13.52,21.97
"2013-08-05 11:15:00",13050,0.151,0.171,0.204,12.2,12.13,11.21,11.57,12.43,13.52,22.03
"2013-08-05 11:30:00",13051,0.151,0.171,0.204,12.53,12.44,11.36,11.61,12.42,13.52,21.86
"2013-08-05 11:45:00",13052,0.151,0.171,0.204,12.86,12.75,11.51,11.65,12.4,13.52,21.59
"2013-08-05 12:00:00",13053,0.15,0.171,0.204,13.19,13.05,11.67,11.69,12.39,13.52,21.34
"2013-08-05 12:15:00",13054,0.15,0.17,0.204,13.49,13.34,11.84,11.75,12.38,13.52,21.18
"2013-08-05 12:30:00",13055,0.15,0.17,0.204,13.75,13.62,12.01,11.81,12.38,13.52,20.99
"2013-08-05 12:45:00",13056,0.15,0.17,0.204,13.97,13.91,12.18,11.88,12.37,13.52,20.72
"2013-08-05 13:00:00",13057,0.15,0.17,0.204,14.16,14.19,12.35,11.95,12.37,13.52,20.37
"2013-08-05 13:15:00",13058,0.15,0.17,0.204,14.29,14.44,12.52,12.02,12.37,13.52,20.1
"2013-08-05 13:30:00",13059,0.149,0.17,0.204,14.39,14.67,12.69,12.1,12.37,13.52,19.84
"2013-08-05 13:45:00",13060,0.149,0.17,0.204,14.49,14.87,12.86,12.18,12.37,13.52,19.65
"2013-08-05 14:00:00",13061,0.149,0.17,0.204,14.6,15,13.02,12.27,12.38,13.52,19.52
"2013-08-05 14:15:00",13062,0.149,0.17,0.204,14.69,15.08,13.16,12.35,12.38,13.52,19.44
"2013-08-05 14:30:00",13063,0.149,0.17,0.204,14.75,15.1,13.29,12.44,12.38,13.52,19.39
"2013-08-05 14:45:00",13064,0.149,0.17,0.204,14.8,15.12,13.4,12.53,12.4,13.52,19.34
"2013-08-05 15:00:00",13065,0.149,0.17,0.204,14.83,15.12,13.49,12.6,12.41,13.52,19.21
"2013-08-05 15:15:00",13066,0.148,0.17,0.204,14.81,15.08,13.57,12.68,12.42,13.52,19.08
"2013-08-05 15:30:00",13067,0.148,0.169,0.204,14.77,15.02,13.63,12.76,12.44,13.52,18.84
"2013-08-05 15:45:00",13068,0.148,0.169,0.204,14.74,14.95,13.67,12.83,12.46,13.52,18.61
"2013-08-05 16:00:00",13069,0.148,0.169,0.204,14.7,14.88,13.71,12.89,12.48,13.52,18.35
"2013-08-05 16:15:00",13070,0.148,0.169,0.204,14.63,14.79,13.73,12.95,12.5,13.52,18.07
"2013-08-05 16:30:00",13071,0.148,0.169,0.204,14.54,14.69,13.75,13,12.52,13.52,17.69
"2013-08-05 16:45:00",13072,0.148,0.169,0.204,14.43,14.58,13.75,13.05,12.54,13.52,17.24
"2013-08-05 17:00:00",13073,0.148,0.169,0.204,14.32,14.46,13.74,13.09,12.57,13.52,16.71
"2013-08-05 17:15:00",13074,0.148,0.169,0.204,14.19,14.32,13.72,13.12,12.59,13.52,16.12
"2013-08-05 17:30:00",13075,0.148,0.169,0.204,14.06,14.19,13.7,13.15,12.61,13.53,15.51
"2013-08-05 17:45:00",13076,0.148,0.169,0.204,13.92,14.04,13.66,13.17,12.63,13.52,14.83
"2013-08-05 18:00:00",13077,0.148,0.169,0.204,13.79,13.9,13.62,13.19,12.65,13.52,14.18
"2013-08-05 18:15:00",13078,0.148,0.169,0.204,13.66,13.77,13.58,13.21,12.67,13.52,13.52
"2013-08-05 18:30:00",13079,0.148,0.169,0.204,13.54,13.63,13.53,13.22,12.69,13.52,12.95
"2013-08-05 18:45:00",13080,0.148,0.169,0.204,13.41,13.5,13.47,13.22,12.71,13.52,12.46
"2013-08-05 19:00:00",13081,0.148,0.169,0.204,13.29,13.38,13.41,13.22,12.74,13.52,11.91
"2013-08-05 19:15:00",13082,0.148,0.169,0.204,13.17,13.25,13.35,13.22,12.75,13.52,11.36
"2013-08-05 19:30:00",13083,0.148,0.168,0.204,13.05,13.12,13.29,13.21,12.77,13.52,10.81
"2013-08-05 19:45:00",13084,0.148,0.168,0.204,12.94,13,13.22,13.2,12.79,13.52,10.27
"2013-08-05 20:00:00",13085,0.148,0.168,0.204,12.82,12.88,13.16,13.19,12.81,13.52,9.75
"2013-08-05 20:15:00",13086,0.148,0.168,0.204,12.71,12.76,13.1,13.17,12.82,13.52,9.21
"2013-08-05 20:30:00",13087,0.148,0.168,0.204,12.6,12.64,13.03,13.15,12.83,13.52,8.72
"2013-08-05 20:45:00",13088,0.148,0.168,0.204,12.49,12.53,12.96,13.13,12.85,13.52,8.33
"2013-08-05 21:00:00",13089,0.148,0.168,0.204,12.39,12.42,12.9,13.11,12.86,13.52,7.882
"2013-08-05 21:15:00",13090,0.148,0.168,0.204,12.28,12.3,12.83,13.09,12.87,13.52,7.444
"2013-08-05 21:30:00",13091,0.148,0.168,0.204,12.18,12.19,12.76,13.06,12.88,13.52,7.137
"2013-08-05 21:45:00",13092,0.148,0.168,0.204,12.07,12.07,12.68,13.03,12.88,13.53,7.028
"2013-08-05 22:00:00",13093,0.148,0.168,0.204,11.97,11.97,12.61,12.99,12.89,13.53,6.852
"2013-08-05 22:15:00",13094,0.148,0.168,0.204,11.89,11.87,12.55,12.96,12.89,13.52,6.744
"2013-08-05 22:30:00",13095,0.148,0.168,0.204,11.8,11.77,12.47,12.93,12.9,13.52,6.963
"2013-08-05 22:45:00",13096,0.148,0.168,0.204,11.72,11.68,12.41,12.9,12.9,13.52,7.268
"2013-08-05 23:00:00",13097,0.148,0.168,0.204,11.65,11.6,12.34,12.86,12.9,13.53,7.598
"2013-08-05 23:15:00",13098,0.148,0.168,0.204,11.59,11.53,12.27,12.83,12.91,13.53,7.729
"2013-08-05 23:30:00",13099,0.148,0.168,0.204,11.52,11.46,12.21,12.8,12.91,13.52,7.905
"2013-08-05 23:45:00",13100,0.148,0.168,0.204,11.47,11.4,12.16,12.76,12.9,13.52,8.02
"2013-08-06 00:00:00",13101,0.148,0.168,0.204,11.41,11.33,12.1,12.73,12.9,13.52,8.08
"2013-08-06 00:15:00",13102,0.148,0.168,0.204,11.36,11.27,12.04,12.69,12.9,13.52,8.28
"2013-08-06 00:30:00",13103,0.148,0.168,0.204,11.32,11.22,11.99,12.66,12.9,13.52,8.46
"2013-08-06 00:45:00",13104,0.148,0.168,0.204,11.28,11.18,11.94,12.62,12.9,13.52,8.55
"2013-08-06 01:00:00",13105,0.148,0.168,0.204,11.24,11.13,11.89,12.58,12.89,13.52,8.55
"2013-08-06 01:15:00",13106,0.148,0.168,0.204,11.2,11.08,11.85,12.55,12.88,13.52,8.55
"2013-08-06 01:30:00",13107,0.148,0.168,0.204,11.16,11.04,11.8,12.52,12.87,13.52,8.46
"2013-08-06 01:45:00",13108,0.148,0.168,0.204,11.13,11.01,11.76,12.49,12.86,13.52,8.21
"2013-08-06 02:00:00",13109,0.148,0.168,0.204,11.11,10.98,11.72,12.45,12.86,13.52,7.97
"2013-08-06 02:15:00",13110,0.148,0.168,0.204,11.07,10.94,11.69,12.42,12.85,13.52,7.729
"2013-08-06 02:30:00",13111,0.148,0.168,0.204,11.03,10.9,11.65,12.39,12.84,13.52,7.464
"2013-08-06 02:45:00",13112,0.148,0.168,0.204,10.99,10.85,11.6,12.36,12.83,13.52,7.137
"2013-08-06 03:00:00",13113,0.148,0.168,0.204,10.93,10.79,11.56,12.33,12.81,13.52,6.852
"2013-08-06 03:15:00",13114,0.148,0.168,0.204,10.88,10.74,11.52,12.29,12.81,13.52,6.59
"2013-08-06 03:30:00",13115,0.148,0.167,0.204,10.83,10.68,11.49,12.27,12.8,13.52,6.461
"2013-08-06 03:45:00",13116,0.148,0.167,0.204,10.77,10.62,11.45,12.24,12.79,13.52,6.265
"2013-08-06 04:00:00",13117,0.148,0.167,0.204,10.71,10.56,11.41,12.21,12.77,13.52,6.091
"2013-08-06 04:15:00",13118,0.148,0.167,0.204,10.66,10.5,11.36,12.18,12.77,13.52,5.96
"2013-08-06 04:30:00",13119,0.148,0.167,0.204,10.59,10.43,11.32,12.15,12.75,13.52,5.808
"2013-08-06 04:45:00",13120,0.148,0.167,0.204,10.54,10.37,11.28,12.13,12.74,13.52,5.637
"2013-08-06 05:00:00",13121,0.148,0.167,0.204,10.48,10.3,11.23,12.1,12.73,13.53,5.44
"2013-08-06 05:15:00",13122,0.148,0.167,0.204,10.42,10.24,11.19,12.07,12.72,13.52,5.203
"2013-08-06 05:30:00",13123,0.148,0.167,0.204,10.36,10.17,11.14,12.03,12.71,13.52,4.988
"2013-08-06 05:45:00",13124,0.148,0.167,0.204,10.31,10.11,11.09,12.01,12.7,13.52,4.751
"2013-08-06 06:00:00",13125,0.148,0.167,0.204,10.24,10.05,11.04,11.98,12.68,13.52,4.579
