"TOA5","ROS_6","CR1000","33755","CR1000.Std.19","CPU:ROS06.ROS12.29.6.2012.CR1","32706","ROS06Table15min"
"TIMESTAMP","RECORD","Rain_mm_Tot","VW(1)","VW(2)","VW(3)","VW(4)","VW(5)","VW(6)","VW(7)","VW(8)","PA_uS(1)","PA_uS(2)","PA_uS(3)","PA_uS(4)","PA_uS(5)","PA_uS(6)","PA_uS(7)","PA_uS(8)","HalfBR_Avg(1)","HalfBR_Avg(2)","HalfBR_Avg(3)","SoilTemp_Avg(1)","SoilTemp_Avg(2)","SoilTemp_Avg(3)"
"TS","RN","mm","","","","","","","","","uSec","uSec","uSec","uSec","uSec","uSec","uSec","uSec","mV/mV","mV/mV","mV/mV","Deg C","Deg C","Deg C"
"","","Tot","Smp","Smp","Smp","Smp","Smp","Smp","Smp","Smp","Smp","Smp","Smp","Smp","Smp","Smp","Smp","Smp","Avg","Avg","Avg","Avg","Avg","Avg"
"2013-07-31 00:15:00",38043,0,0.347,0.304,0.275,0.293,0.059,0.043,0.046,0.051,29.22,27.93,27.03,27.6,18.6,17.75,17.94,18.23,0.337,0.326,"NAN",13.41,14.41,"NAN"
"2013-07-31 00:30:00",38044,0,0.347,0.303,0.274,0.293,0.059,0.043,0.046,0.052,29.22,27.91,27.02,27.59,18.6,17.75,17.94,18.24,0.338,0.327,"NAN",13.32,14.31,"NAN"
"2013-07-31 00:45:00",38045,0,0.348,0.303,0.274,0.293,0.059,0.043,0.046,0.051,29.23,27.91,27.02,27.59,18.6,17.75,17.96,18.23,0.339,0.328,"NAN",13.24,14.22,"NAN"
"2013-07-31 01:00:00",38046,0,0.347,0.303,0.274,0.293,0.059,0.043,0.046,0.051,29.22,27.91,27.02,27.6,18.6,17.77,17.94,18.23,0.34,0.329,"NAN",13.14,14.12,"NAN"
"2013-07-31 01:15:00",38047,0,0.347,0.304,0.275,0.293,0.059,0.043,0.046,0.051,29.22,27.93,27.03,27.59,18.6,17.75,17.94,18.23,0.341,0.33,"NAN",13.05,14.03,"NAN"
"2013-07-31 01:30:00",38048,0,0.348,0.304,0.275,0.293,0.058,0.043,0.046,0.052,29.23,27.93,27.03,27.59,18.58,17.75,17.94,18.24,0.342,0.331,"NAN",12.96,13.93,"NAN"
"2013-07-31 01:45:00",38049,0,0.348,0.303,0.274,0.293,0.058,0.043,0.046,0.051,29.23,27.91,27.02,27.6,18.58,17.75,17.94,18.23,0.342,0.332,"NAN",12.88,13.85,"NAN"
"2013-07-31 02:00:00",38050,0,0.348,0.304,0.274,0.293,0.059,0.043,0.046,0.051,29.23,27.93,27.02,27.6,18.6,17.75,17.94,18.23,0.343,0.333,"NAN",12.81,13.77,"NAN"
"2013-07-31 02:15:00",38051,0,0.348,0.304,0.274,0.293,0.058,0.043,0.046,0.051,29.23,27.93,27.02,27.6,18.58,17.75,17.94,18.23,0.344,0.334,"NAN",12.75,13.7,"NAN"
"2013-07-31 02:30:00",38052,0,0.348,0.303,0.274,0.293,0.059,0.043,0.046,0.051,29.23,27.91,27.02,27.6,18.6,17.75,17.94,18.23,0.344,0.335,"NAN",12.7,13.63,"NAN"
"2013-07-31 02:45:00",38053,0,0.348,0.303,0.274,0.293,0.059,0.043,0.046,0.051,29.23,27.91,27.02,27.6,18.6,17.75,17.94,18.23,0.345,0.335,"NAN",12.66,13.58,"NAN"
"2013-07-31 03:00:00",38054,0,0.348,0.304,0.274,0.293,0.059,0.043,0.046,0.051,29.23,27.93,27.02,27.6,18.6,17.75,17.93,18.23,0.345,0.336,"NAN",12.63,13.52,"NAN"
"2013-07-31 03:15:00",38055,0,0.348,0.303,0.275,0.293,0.059,0.043,0.046,0.051,29.23,27.91,27.03,27.6,18.6,17.75,17.93,18.23,0.345,0.336,"NAN",12.6,13.49,"NAN"
"2013-07-31 03:30:00",38056,0,0.348,0.303,0.275,0.293,0.058,0.043,0.046,0.051,29.23,27.91,27.03,27.59,18.58,17.75,17.94,18.23,0.345,0.336,"NAN",12.59,13.45,"NAN"
"2013-07-31 03:45:00",38057,0,0.348,0.303,0.275,0.293,0.058,0.042,0.046,0.051,29.23,27.91,27.03,27.59,18.58,17.74,17.93,18.23,0.346,0.337,0.007,12.57,13.42,139.7
"2013-07-31 04:00:00",38058,0,0.348,0.303,0.275,0.293,0.058,0.042,0.046,0.051,29.23,27.91,27.03,27.59,18.58,17.74,17.93,18.23,0.346,0.337,0.008,12.56,13.39,136.7
"2013-07-31 04:15:00",38059,0,0.348,0.303,0.275,0.293,0.058,0.043,0.046,0.051,29.23,27.91,27.03,27.59,18.58,17.75,17.93,18.22,0.346,0.337,"NAN",12.55,13.37,"NAN"
"2013-07-31 04:30:00",38060,0,0.348,0.303,0.275,0.293,0.058,0.043,0.046,0.051,29.23,27.91,27.03,27.59,18.58,17.75,17.94,18.23,0.346,0.337,0.007,12.54,13.35,137.7
"2013-07-31 04:45:00",38061,0,0.348,0.303,0.275,0.293,0.058,0.043,0.046,0.051,29.23,27.91,27.03,27.59,18.58,17.75,17.93,18.23,0.346,0.338,0.008,12.53,13.32,135.9
"2013-07-31 05:00:00",38062,0,0.348,0.303,0.275,0.293,0.058,0.043,0.046,0.051,29.23,27.91,27.03,27.59,18.58,17.75,17.93,18.23,0.346,0.338,0.008,12.52,13.3,132.3
"2013-07-31 05:15:00",38063,0,0.348,0.303,0.274,0.293,0.058,0.043,0.046,0.051,29.24,27.91,27.02,27.59,18.58,17.75,17.93,18.23,0.346,0.338,0.009,12.51,13.29,128.8
"2013-07-31 05:30:00",38064,0,0.348,0.303,0.274,0.293,0.058,0.043,0.046,0.051,29.23,27.91,27.02,27.59,18.58,17.75,17.93,18.23,0.346,0.338,"NAN",12.5,13.27,"NAN"
"2013-07-31 05:45:00",38065,0,0.348,0.303,0.275,0.293,0.058,0.043,0.046,0.051,29.24,27.91,27.03,27.59,18.58,17.75,17.94,18.23,0.346,0.338,"NAN",12.5,13.26,"NAN"
"2013-07-31 06:00:00",38066,0,0.348,0.304,0.275,0.293,0.058,0.042,0.046,0.051,29.23,27.93,27.03,27.6,18.58,17.74,17.93,18.23,0.347,0.339,"NAN",12.49,13.25,"NAN"
"2013-07-31 06:15:00",38067,0,0.348,0.303,0.275,0.293,0.058,0.042,0.046,0.051,29.23,27.91,27.03,27.59,18.58,17.74,17.93,18.22,0.347,0.339,"NAN",12.48,13.23,"NAN"
"2013-07-31 06:30:00",38068,0,0.348,0.303,0.275,0.293,0.058,0.042,0.046,0.051,29.23,27.91,27.03,27.6,18.57,17.74,17.93,18.22,0.347,0.339,"NAN",12.47,13.22,"NAN"
"2013-07-31 06:45:00",38069,0,0.348,0.303,0.275,0.293,0.058,0.042,0.046,0.051,29.23,27.91,27.03,27.6,18.57,17.74,17.94,18.22,0.347,0.339,"NAN",12.46,13.21,"NAN"
"2013-07-31 07:00:00",38070,0,0.348,0.303,0.275,0.293,0.058,0.042,0.046,0.051,29.23,27.91,27.03,27.59,18.58,17.74,17.93,18.22,0.347,0.339,"NAN",12.46,13.19,"NAN"
"2013-07-31 07:15:00",38071,0,0.348,0.304,0.275,0.293,0.058,0.042,0.046,0.051,29.23,27.93,27.03,27.59,18.58,17.74,17.94,18.23,0.347,0.339,"NAN",12.45,13.19,"NAN"
"2013-07-31 07:30:00",38072,0,0.348,0.304,0.274,0.293,0.058,0.042,0.046,0.051,29.23,27.93,27.02,27.59,18.57,17.74,17.94,18.22,0.347,0.339,"NAN",12.44,13.18,"NAN"
"2013-07-31 07:45:00",38073,0,0.348,0.303,0.275,0.293,0.058,0.042,0.046,0.051,29.23,27.91,27.03,27.59,18.57,17.74,17.93,18.23,0.347,0.339,"NAN",12.44,13.17,"NAN"
"2013-07-31 08:00:00",38074,0,0.348,0.304,0.275,0.293,0.058,0.042,0.046,0.051,29.23,27.93,27.03,27.59,18.57,17.74,17.94,18.23,0.347,0.339,"NAN",12.43,13.16,"NAN"
"2013-07-31 08:15:00",38075,0,0.348,0.303,0.275,0.293,0.058,0.042,0.046,0.051,29.23,27.91,27.03,27.59,18.57,17.74,17.93,18.23,0.347,0.339,"NAN",12.43,13.16,"NAN"
"2013-07-31 08:30:00",38076,0,0.348,0.303,0.275,0.293,0.058,0.042,0.046,0.051,29.23,27.91,27.03,27.59,18.57,17.74,17.94,18.22,0.347,0.339,0.02,12.43,13.16,99.7
"2013-07-31 08:45:00",38077,0,0.348,0.303,0.275,0.293,0.058,0.043,0.046,0.051,29.23,27.91,27.03,27.59,18.57,17.75,17.93,18.22,0.347,0.339,"NAN",12.44,13.17,"NAN"
"2013-07-31 09:00:00",38078,0,0.348,0.303,0.275,0.293,0.058,0.042,0.046,0.051,29.23,27.91,27.03,27.59,18.58,17.74,17.94,18.22,0.347,0.339,"NAN",12.46,13.18,"NAN"
"2013-07-31 09:15:00",38079,0,0.348,0.303,0.275,0.292,0.058,0.042,0.046,0.051,29.23,27.91,27.03,27.57,18.58,17.74,17.93,18.23,0.347,0.339,"NAN",12.49,13.2,"NAN"
"2013-07-31 09:30:00",38080,0,0.348,0.303,0.275,0.293,0.058,0.043,0.046,0.051,29.23,27.91,27.03,27.59,18.58,17.75,17.94,18.23,0.346,0.338,"NAN",12.54,13.25,"NAN"
"2013-07-31 09:45:00",38081,0,0.348,0.304,0.275,0.293,0.059,0.043,0.046,0.051,29.24,27.93,27.03,27.59,18.6,17.75,17.94,18.23,0.345,0.338,"NAN",12.6,13.3,"NAN"
"2013-07-31 10:00:00",38082,0,0.348,0.303,0.274,0.292,0.058,0.043,0.046,0.052,29.24,27.91,27.02,27.57,18.58,17.75,17.94,18.24,0.345,0.337,"NAN",12.67,13.38,"NAN"
"2013-07-31 10:15:00",38083,0,0.348,0.304,0.275,0.293,0.059,0.043,0.046,0.052,29.23,27.93,27.03,27.59,18.6,17.75,17.94,18.24,0.344,0.336,"NAN",12.77,13.49,"NAN"
"2013-07-31 10:30:00",38084,0,0.348,0.304,0.274,0.293,0.059,0.043,0.046,0.051,29.23,27.93,27.02,27.59,18.6,17.75,17.96,18.23,0.342,0.335,"NAN",12.89,13.59,"NAN"
"2013-07-31 10:45:00",38085,0,0.348,0.303,0.275,0.293,0.058,0.043,0.046,0.052,29.23,27.91,27.03,27.59,18.58,17.75,17.94,18.24,0.341,0.334,"NAN",12.99,13.71,"NAN"
"2013-07-31 11:00:00",38086,0,0.348,0.304,0.275,0.292,0.059,0.043,0.046,0.051,29.23,27.93,27.03,27.57,18.6,17.75,17.96,18.23,0.34,0.332,"NAN",13.13,13.86,"NAN"
"2013-07-31 11:15:00",38087,0,0.348,0.303,0.274,0.292,0.059,0.043,0.046,0.052,29.23,27.91,27.02,27.57,18.6,17.77,17.96,18.24,0.338,0.331,"NAN",13.25,13.99,"NAN"
"2013-07-31 11:30:00",38088,0,0.347,0.304,0.275,0.293,0.059,0.043,0.046,0.052,29.22,27.93,27.03,27.59,18.6,17.77,17.94,18.24,0.337,0.329,"NAN",13.37,14.13,"NAN"
"2013-07-31 11:45:00",38089,0,0.347,0.304,0.275,0.292,0.059,0.043,0.046,0.052,29.22,27.93,27.03,27.57,18.6,17.75,17.94,18.24,0.336,0.328,0.021,13.49,14.26,99
"2013-07-31 12:00:00",38090,0,0.347,0.304,0.274,0.292,0.059,0.043,0.046,0.052,29.22,27.93,27.02,27.57,18.6,17.77,17.94,18.24,0.335,0.327,0.024,13.58,14.39,93.2
"2013-07-31 12:15:00",38091,0,0.347,0.304,0.274,0.292,0.059,0.043,0.046,0.052,29.2,27.93,27.02,27.57,18.6,17.77,17.96,18.24,0.334,0.326,0.022,13.67,14.5,97.2
"2013-07-31 12:30:00",38092,0,0.347,0.303,0.274,0.292,0.059,0.043,0.046,0.052,29.22,27.91,27.02,27.56,18.61,17.77,17.96,18.26,0.333,0.325,0.019,13.73,14.6,101.9
"2013-07-31 12:45:00",38093,0,0.347,0.304,0.274,0.292,0.059,0.043,0.046,0.052,29.2,27.93,27.02,27.57,18.61,17.77,17.96,18.26,0.333,0.323,"NAN",13.81,14.7,"NAN"
"2013-07-31 13:00:00",38094,0,0.347,0.304,0.274,0.292,0.059,0.043,0.046,0.052,29.2,27.93,27.02,27.57,18.61,17.77,17.96,18.24,0.332,0.323,0.021,13.88,14.79,97.4
"2013-07-31 13:15:00",38095,0,0.347,0.304,0.274,0.292,0.059,0.043,0.046,0.052,29.22,27.93,27.02,27.56,18.61,17.77,17.96,18.26,0.331,0.322,0.022,13.96,14.88,96.6
"2013-07-31 13:30:00",38096,0,0.347,0.304,0.274,0.292,0.059,0.043,0.047,0.052,29.2,27.93,27.02,27.56,18.62,17.78,17.97,18.24,0.33,0.321,0.023,14.03,14.97,95.5
"2013-07-31 13:45:00",38097,0,0.347,0.303,0.274,0.292,0.059,0.043,0.047,0.052,29.2,27.91,27.02,27.57,18.61,17.77,17.97,18.26,0.33,0.32,0.022,14.1,15.05,96.7
"2013-07-31 14:00:00",38098,0,0.347,0.303,0.274,0.292,0.059,0.043,0.047,0.052,29.2,27.91,27.02,27.56,18.62,17.77,17.97,18.26,0.329,0.319,0.023,14.17,15.14,95.1
"2013-07-31 14:15:00",38099,0,0.347,0.303,0.274,0.292,0.059,0.043,0.047,0.052,29.2,27.91,27.02,27.56,18.61,17.77,17.97,18.26,0.328,0.318,0.024,14.24,15.22,93.7
"2013-07-31 14:30:00",38100,0,0.347,0.303,0.274,0.292,0.059,0.043,0.047,0.052,29.2,27.91,27.02,27.56,18.61,17.77,17.97,18.26,0.327,0.317,0.027,14.31,15.3,90
"2013-07-31 14:45:00",38101,0,0.347,0.304,0.274,0.291,0.059,0.043,0.047,0.052,29.2,27.93,27.02,27.55,18.61,17.77,17.97,18.26,0.327,0.317,0.029,14.36,15.37,87.3
"2013-07-31 15:00:00",38102,0,0.347,0.304,0.274,0.292,0.059,0.043,0.047,0.052,29.2,27.93,27.02,27.56,18.62,17.78,17.97,18.26,0.327,0.316,0.029,14.4,15.42,86.9
"2013-07-31 15:15:00",38103,0,0.347,0.304,0.274,0.292,0.059,0.043,0.047,0.052,29.2,27.93,27.02,27.56,18.61,17.78,17.97,18.26,0.326,0.316,0.03,14.41,15.46,86.3
"2013-07-31 15:30:00",38104,0,0.346,0.304,0.274,0.292,0.059,0.043,0.047,0.052,29.19,27.93,27.02,27.56,18.61,17.78,17.97,18.26,0.326,0.315,0.03,14.43,15.5,86.4
"2013-07-31 15:45:00",38105,0,0.346,0.304,0.274,0.292,0.059,0.043,0.047,0.052,29.19,27.93,27,27.56,18.61,17.78,17.97,18.26,0.326,0.315,0.03,14.44,15.52,86
"2013-07-31 16:00:00",38106,0,0.346,0.303,0.274,0.292,0.059,0.043,0.047,0.052,29.19,27.91,27.02,27.56,18.62,17.78,17.97,18.26,0.326,0.315,0.03,14.44,15.53,85.9
"2013-07-31 16:15:00",38107,0,0.346,0.303,0.274,0.291,0.059,0.043,0.047,0.052,29.19,27.91,27,27.55,18.61,17.78,17.97,18.24,0.326,0.315,0.03,14.44,15.54,86.1
"2013-07-31 16:30:00",38108,0,0.346,0.303,0.274,0.291,0.059,0.043,0.047,0.052,29.17,27.91,27.02,27.55,18.61,17.78,17.97,18.26,0.326,0.315,0.03,14.43,15.54,86.2
"2013-07-31 16:45:00",38109,0,0.346,0.303,0.274,0.291,0.059,0.043,0.046,0.052,29.17,27.91,27.02,27.55,18.62,17.78,17.96,18.26,0.326,0.315,0.031,14.42,15.53,85.4
"2013-07-31 17:00:00",38110,0,0.346,0.303,0.274,0.291,0.059,0.043,0.047,0.052,29.17,27.91,27.02,27.55,18.61,17.78,17.97,18.26,0.327,0.315,0.031,14.39,15.52,84.9
"2013-07-31 17:15:00",38111,0,0.346,0.303,0.274,0.291,0.059,0.043,0.047,0.052,29.17,27.91,27,27.55,18.61,17.78,17.97,18.26,0.327,0.315,0.032,14.36,15.5,84.5
"2013-07-31 17:30:00",38112,0,0.346,0.303,0.274,0.291,0.059,0.043,0.047,0.052,29.17,27.91,27,27.55,18.61,17.77,17.97,18.24,0.327,0.316,0.031,14.33,15.48,84.8
"2013-07-31 17:45:00",38113,0,0.346,0.303,0.274,0.291,0.059,0.043,0.046,0.052,29.17,27.9,27,27.55,18.61,17.78,17.96,18.26,0.328,0.316,0.031,14.29,15.44,85
"2013-07-31 18:00:00",38114,0,0.346,0.303,0.274,0.291,0.059,0.043,0.046,0.052,29.17,27.91,27,27.55,18.61,17.77,17.96,18.24,0.328,0.316,0.032,14.24,15.4,84.5
"2013-07-31 18:15:00",38115,0,0.345,0.303,0.274,0.291,0.059,0.043,0.046,0.051,29.16,27.9,27,27.55,18.61,17.77,17.96,18.23,0.329,0.317,0.031,14.17,15.33,85.2
"2013-07-31 18:30:00",38116,0,0.345,0.303,0.274,0.291,0.059,0.043,0.046,0.051,29.16,27.9,27,27.55,18.6,17.77,17.96,18.23,0.33,0.318,0.031,14.09,15.25,85.3
"2013-07-31 18:45:00",38117,0,0.345,0.303,0.274,0.291,0.059,0.043,0.046,0.052,29.16,27.9,27,27.55,18.61,17.75,17.96,18.24,0.331,0.319,0.03,13.99,15.14,86
"2013-07-31 19:00:00",38118,0,0.345,0.302,0.274,0.291,0.059,0.043,0.046,0.051,29.16,27.89,27,27.55,18.6,17.75,17.94,18.23,0.332,0.32,0.031,13.88,15.01,85.2
"2013-07-31 19:15:00",38119,0,0.345,0.302,0.274,0.291,0.059,0.043,0.046,0.051,29.16,27.89,27,27.55,18.6,17.75,17.94,18.23,0.333,0.322,0.032,13.76,14.87,84.4
"2013-07-31 19:30:00",38120,0,0.345,0.303,0.274,0.291,0.058,0.042,0.046,0.051,29.16,27.9,27,27.55,18.58,17.74,17.94,18.23,0.334,0.323,0.031,13.63,14.72,84.7
"2013-07-31 19:45:00",38121,0,0.345,0.302,0.274,0.291,0.058,0.043,0.046,0.051,29.16,27.89,27,27.55,18.58,17.75,17.93,18.22,0.336,0.325,0.032,13.48,14.55,84.6
"2013-07-31 20:00:00",38122,0,0.345,0.302,0.274,0.291,0.058,0.042,0.046,0.051,29.16,27.89,27,27.53,18.57,17.74,17.93,18.22,0.338,0.327,0.032,13.33,14.37,84.3
"2013-07-31 20:15:00",38123,0,0.345,0.302,0.274,0.291,0.058,0.043,0.046,0.051,29.16,27.89,27,27.53,18.58,17.75,17.93,18.22,0.339,0.329,0.033,13.19,14.19,83.5
"2013-07-31 20:30:00",38124,0,0.345,0.302,0.274,0.291,0.058,0.042,0.046,0.051,29.16,27.89,27,27.55,18.57,17.74,17.93,18.22,0.341,0.331,0.033,13.04,14,83
"2013-07-31 20:45:00",38125,0,0.345,0.302,0.274,0.291,0.058,0.043,0.046,0.051,29.16,27.89,27,27.53,18.57,17.75,17.93,18.2,0.342,0.333,0.034,12.9,13.82,82.5
"2013-07-31 21:00:00",38126,0,0.345,0.302,0.274,0.291,0.058,0.042,0.046,0.051,29.16,27.89,27,27.53,18.57,17.74,17.93,18.2,0.344,0.334,0.034,12.76,13.64,81.8
"2013-07-31 21:15:00",38127,0,0.346,0.302,0.274,0.291,0.058,0.042,0.046,0.051,29.17,27.89,27,27.53,18.57,17.73,17.93,18.2,0.345,0.336,0.034,12.63,13.46,82.2
"2013-07-31 21:30:00",38128,0,0.345,0.302,0.274,0.291,0.058,0.042,0.046,0.051,29.16,27.89,27,27.55,18.57,17.74,17.92,18.2,0.346,0.338,0.035,12.5,13.28,81.2
"2013-07-31 21:45:00",38129,0,0.346,0.302,0.274,0.291,0.058,0.042,0.046,0.051,29.17,27.89,27.02,27.55,18.57,17.74,17.92,18.2,0.348,0.34,0.037,12.38,13.11,79.7
"2013-07-31 22:00:00",38130,0,0.346,0.302,0.274,0.291,0.058,0.042,0.046,0.051,29.19,27.89,27.02,27.55,18.55,17.74,17.92,18.22,0.349,0.342,0.038,12.26,12.95,78.93
"2013-07-31 22:15:00",38131,0,0.346,0.303,0.274,0.291,0.058,0.042,0.046,0.051,29.19,27.9,27.02,27.55,18.57,17.73,17.93,18.2,0.35,0.343,0.038,12.15,12.79,78.29
"2013-07-31 22:30:00",38132,0,0.346,0.302,0.274,0.291,0.058,0.042,0.046,0.051,29.19,27.89,27.02,27.55,18.55,17.74,17.93,18.2,0.351,0.345,0.039,12.05,12.64,77.58
"2013-07-31 22:45:00",38133,0,0.346,0.302,0.274,0.291,0.058,0.042,0.046,0.051,29.17,27.89,27.02,27.55,18.55,17.73,17.92,18.2,0.352,0.346,0.188,11.97,12.52,44.23
"2013-07-31 23:00:00",38134,0,0.346,0.302,0.274,0.291,0.058,0.042,0.046,0.051,29.19,27.89,27.02,27.55,18.55,17.73,17.92,18.19,0.353,0.348,0.321,11.89,12.4,14.98
"2013-07-31 23:15:00",38135,0,0.346,0.302,0.274,0.291,0.058,0.042,0.046,0.051,29.19,27.89,27.02,27.55,18.55,17.74,17.92,18.2,0.354,0.349,0.322,11.83,12.3,14.84
"2013-07-31 23:30:00",38136,0,0.346,0.302,0.274,0.291,0.058,0.042,0.046,0.051,29.19,27.89,27.02,27.55,18.55,17.73,17.92,18.19,0.354,0.35,0.323,11.78,12.2,14.7
"2013-07-31 23:45:00",38137,0,0.346,0.302,0.274,0.291,0.058,0.042,0.046,0.051,29.19,27.89,27.02,27.55,18.55,17.73,17.92,18.2,0.355,0.351,0.324,11.72,12.11,14.61
"2013-08-01 00:00:00",38138,0,0.346,0.302,0.274,0.291,0.058,0.042,0.046,0.051,29.19,27.89,27.02,27.55,18.54,17.73,17.92,18.2,0.355,0.351,0.325,11.67,12.03,14.5
"2013-08-01 00:15:00",38139,0,0.346,0.302,0.274,0.291,0.058,0.042,0.045,0.051,29.19,27.87,27.02,27.55,18.54,17.73,17.9,18.19,0.356,0.352,0.326,11.62,11.95,14.42
"2013-08-01 00:30:00",38140,0,0.346,0.302,0.274,0.291,0.058,0.042,0.045,0.051,29.19,27.89,27.02,27.55,18.54,17.73,17.9,18.19,0.356,0.353,0.327,11.58,11.89,14.33
"2013-08-01 00:45:00",38141,0,0.346,0.302,0.274,0.291,0.058,0.042,0.045,0.051,29.19,27.89,27.02,27.55,18.54,17.73,17.9,18.19,0.357,0.354,0.328,11.54,11.82,14.25
"2013-08-01 01:00:00",38142,0,0.346,0.302,0.274,0.291,0.057,0.042,0.045,0.051,29.17,27.87,27.02,27.55,18.53,17.71,17.9,18.19,0.357,0.355,0.329,11.49,11.74,14.18
"2013-08-01 01:15:00",38143,0,0.346,0.302,0.274,0.291,0.058,0.042,0.045,0.05,29.17,27.87,27.02,27.55,18.54,17.73,17.89,18.17,0.358,0.355,0.33,11.45,11.67,14.1
"2013-08-01 01:30:00",38144,0,0.346,0.302,0.274,0.291,0.057,0.042,0.045,0.051,29.17,27.87,27,27.55,18.53,17.71,17.89,18.19,0.358,0.356,0.331,11.39,11.59,13.99
"2013-08-01 01:45:00",38145,0,0.346,0.302,0.274,0.291,0.057,0.041,0.045,0.05,29.17,27.87,27,27.53,18.53,17.7,17.89,18.17,0.359,0.357,0.332,11.32,11.48,13.85
"2013-08-01 02:00:00",38146,0,0.346,0.301,0.274,0.291,0.057,0.042,0.045,0.05,29.17,27.86,27.02,27.53,18.51,17.71,17.9,18.17,0.36,0.358,0.334,11.24,11.4,13.72
"2013-08-01 02:15:00",38147,0,0.346,0.302,0.274,0.291,0.057,0.042,0.045,0.05,29.17,27.87,27,27.53,18.51,17.71,17.89,18.16,0.361,0.359,0.334,11.15,11.3,13.64
"2013-08-01 02:30:00",38148,0,0.346,0.301,0.274,0.291,0.057,0.042,0.045,0.05,29.17,27.86,27.02,27.55,18.51,17.71,17.89,18.16,0.362,0.361,0.336,11.06,11.18,13.52
"2013-08-01 02:45:00",38149,0,0.346,0.301,0.274,0.291,0.057,0.041,0.045,0.05,29.17,27.86,27.02,27.53,18.5,17.7,17.88,18.15,0.363,0.362,0.337,10.95,11.05,13.42
"2013-08-01 03:00:00",38150,0,0.346,0.301,0.274,0.291,0.057,0.041,0.045,0.05,29.17,27.86,27,27.55,18.51,17.7,17.88,18.16,0.365,0.364,0.338,10.84,10.91,13.28
"2013-08-01 03:15:00",38151,0,0.346,0.301,0.274,0.291,0.057,0.041,0.045,0.05,29.19,27.85,27,27.53,18.5,17.69,17.88,18.16,0.366,0.365,0.339,10.72,10.77,13.16
"2013-08-01 03:30:00",38152,0,0.346,0.301,0.274,0.291,0.057,0.041,0.045,0.05,29.17,27.85,27,27.53,18.5,17.69,17.88,18.15,0.367,0.367,0.341,10.59,10.62,13.03
"2013-08-01 03:45:00",38153,0,0.346,0.301,0.274,0.291,0.056,0.041,0.045,0.05,29.17,27.85,27,27.53,18.49,17.69,17.86,18.15,0.369,0.369,0.342,10.47,10.47,12.91
"2013-08-01 04:00:00",38154,0,0.346,0.301,0.274,0.291,0.056,0.041,0.045,0.05,29.19,27.85,27,27.53,18.49,17.69,17.86,18.15,0.37,0.37,0.343,10.33,10.33,12.78
"2013-08-01 04:15:00",38155,0,0.346,0.301,0.274,0.291,0.056,0.041,0.045,0.05,29.17,27.85,27,27.53,18.49,17.67,17.86,18.13,0.372,0.372,0.345,10.2,10.17,12.62
"2013-08-01 04:30:00",38156,0,0.346,0.301,0.274,0.291,0.056,0.041,0.045,0.05,29.17,27.85,27,27.53,18.49,17.69,17.86,18.13,0.373,0.374,0.347,10.07,10.01,12.44
"2013-08-01 04:45:00",38157,0,0.346,0.301,0.274,0.291,0.056,0.041,0.045,0.05,29.17,27.85,27,27.53,18.49,17.67,17.86,18.13,0.375,0.376,0.349,9.93,9.86,12.29
"2013-08-01 05:00:00",38158,0,0.346,0.301,0.274,0.291,0.056,0.041,0.044,0.05,29.19,27.85,27.02,27.53,18.47,17.69,17.85,18.13,0.376,0.377,0.351,9.8,9.69,12.11
"2013-08-01 05:15:00",38159,0,0.346,0.301,0.274,0.291,0.056,0.041,0.044,0.049,29.19,27.85,27,27.53,18.47,17.67,17.85,18.12,0.378,0.379,0.352,9.67,9.53,11.96
"2013-08-01 05:30:00",38160,0,0.346,0.301,0.274,0.291,0.056,0.041,0.044,0.049,29.17,27.83,27,27.53,18.47,17.67,17.85,18.12,0.379,0.381,0.354,9.55,9.38,11.8
"2013-08-01 05:45:00",38161,0,0.346,0.301,0.274,0.291,0.056,0.041,0.044,0.049,29.17,27.83,27.02,27.53,18.46,17.66,17.85,18.12,0.38,0.383,0.356,9.42,9.22,11.65
"2013-08-01 06:00:00",38162,0,0.346,0.301,0.274,0.291,0.056,0.041,0.044,0.049,29.19,27.85,27.02,27.53,18.47,17.67,17.84,18.12,0.382,0.384,0.357,9.3,9.07,11.49
"2013-08-01 06:15:00",38163,0,0.346,0.301,0.274,0.291,0.056,0.041,0.044,0.049,29.19,27.85,27.02,27.53,18.46,17.66,17.84,18.11,0.383,0.386,0.359,9.17,8.92,11.3
"2013-08-01 06:30:00",38164,0,0.346,0.301,0.274,0.291,0.056,0.041,0.044,0.049,29.19,27.83,27.02,27.55,18.46,17.67,17.84,18.11,0.385,0.388,0.361,9.06,8.78,11.14
"2013-08-01 06:45:00",38165,0,0.346,0.301,0.274,0.291,0.056,0.041,0.044,0.049,29.19,27.83,27.02,27.55,18.46,17.66,17.84,18.12,0.386,0.389,0.363,8.94,8.64,11
"2013-08-01 07:00:00",38166,0,0.346,0.301,0.274,0.291,0.056,0.041,0.044,0.049,29.19,27.85,27.02,27.55,18.46,17.66,17.84,18.11,0.387,0.391,0.365,8.83,8.5,10.83
"2013-08-01 07:15:00",38167,0,0.347,0.301,0.274,0.291,0.056,0.041,0.044,0.049,29.2,27.83,27.02,27.53,18.45,17.66,17.84,18.11,0.388,0.392,0.366,8.72,8.37,10.7
"2013-08-01 07:30:00",38168,0,0.347,0.301,0.274,0.291,0.056,0.041,0.044,0.049,29.2,27.85,27.02,27.53,18.46,17.66,17.84,18.12,0.39,0.394,0.367,8.61,8.23,10.63
"2013-08-01 07:45:00",38169,0,0.347,0.301,0.274,0.291,0.056,0.041,0.044,0.049,29.2,27.85,27.02,27.55,18.46,17.66,17.84,18.12,0.391,0.396,0.363,8.52,8.1,10.99
"2013-08-01 08:00:00",38170,0,0.347,0.301,0.275,0.291,0.056,0.041,0.044,0.049,29.22,27.85,27.03,27.55,18.47,17.66,17.84,18.12,0.392,0.397,0.369,8.43,7.988,10.41
"2013-08-01 08:15:00",38171,0,0.347,0.301,0.275,0.291,0.056,0.041,0.044,0.05,29.22,27.86,27.05,27.55,18.47,17.67,17.84,18.13,0.392,0.398,0.367,8.37,7.919,10.6
"2013-08-01 08:30:00",38172,0,0.347,0.301,0.275,0.292,0.056,0.041,0.044,0.049,29.22,27.86,27.03,27.56,18.47,17.67,17.85,18.12,0.393,0.398,0.385,8.33,7.9,9
"2013-08-01 08:45:00",38173,0,0.347,0.301,0.275,0.292,0.056,0.041,0.044,0.05,29.22,27.86,27.05,27.56,18.47,17.67,17.85,18.13,0.393,0.397,0.393,8.32,7.939,8.34
"2013-08-01 09:00:00",38174,0,0.348,0.302,0.275,0.292,0.056,0.041,0.045,0.05,29.23,27.87,27.05,27.56,18.47,17.67,17.86,18.13,0.393,0.396,0.379,8.35,8.03,9.53
"2013-08-01 09:15:00",38175,0,0.348,0.301,0.275,0.292,0.056,0.041,0.045,0.05,29.23,27.86,27.03,27.57,18.49,17.67,17.86,18.13,0.392,0.395,0.389,8.42,8.16,8.65
"2013-08-01 09:30:00",38176,0,0.348,0.301,0.275,0.292,0.056,0.041,0.045,0.05,29.23,27.86,27.03,27.57,18.47,17.69,17.86,18.15,0.391,0.393,0.247,8.53,8.33,41.01
"2013-08-01 09:45:00",38177,0,0.348,0.302,0.275,0.292,0.056,0.041,0.045,0.05,29.23,27.87,27.05,27.56,18.49,17.69,17.88,18.13,0.389,0.391,0.221,8.67,8.53,38.36
"2013-08-01 10:00:00",38178,0,0.348,0.302,0.275,0.292,0.056,0.041,0.045,0.05,29.23,27.87,27.05,27.57,18.49,17.69,17.88,18.13,0.387,0.388,0.035,8.85,8.74,89.5
"2013-08-01 10:15:00",38179,0,0.348,0.302,0.275,0.292,0.057,0.041,0.045,0.05,29.23,27.87,27.03,27.56,18.5,17.69,17.89,18.15,0.384,0.385,0.028,9.08,8.98,88.4
"2013-08-01 10:30:00",38180,0,0.347,0.302,0.275,0.292,0.057,0.041,0.045,0.05,29.22,27.87,27.05,27.56,18.5,17.69,17.88,18.15,0.381,0.382,0.03,9.35,9.27,86.5
"2013-08-01 10:45:00",38181,0,0.347,0.302,0.275,0.292,0.057,0.041,0.045,0.05,29.22,27.89,27.05,27.56,18.51,17.7,17.89,18.16,0.378,0.378,0.03,9.66,9.6,86.6
"2013-08-01 11:00:00",38182,0,0.348,0.302,0.275,0.292,0.057,0.041,0.045,0.05,29.23,27.87,27.05,27.56,18.53,17.7,17.9,18.17,0.374,0.374,0.03,9.97,9.97,86.1
"2013-08-01 11:15:00",38183,0,0.347,0.302,0.275,0.292,0.057,0.041,0.045,0.05,29.22,27.89,27.05,27.56,18.53,17.7,17.9,18.17,0.371,0.37,0.029,10.3,10.38,87.3
"2013-08-01 11:30:00",38184,0,0.347,0.302,0.275,0.292,0.057,0.042,0.045,0.05,29.22,27.89,27.05,27.56,18.53,17.71,17.9,18.17,0.367,0.365,0.028,10.65,10.84,88.1
"2013-08-01 11:45:00",38185,0,0.347,0.302,0.275,0.292,0.058,0.042,0.045,0.051,29.2,27.87,27.05,27.56,18.54,17.71,17.9,18.19,0.363,0.359,0.028,11.01,11.3,88.1
"2013-08-01 12:00:00",38186,0,0.347,0.302,0.275,0.292,0.058,0.042,0.046,0.051,29.22,27.89,27.05,27.56,18.54,17.71,17.92,18.19,0.358,0.354,0.029,11.4,11.78,87.8
"2013-08-01 12:15:00",38187,0,0.347,0.302,0.275,0.292,0.058,0.042,0.046,0.051,29.2,27.89,27.03,27.56,18.54,17.71,17.92,18.19,0.354,0.349,0.028,11.77,12.26,88.3
"2013-08-01 12:30:00",38188,0,0.347,0.302,0.275,0.291,0.058,0.042,0.046,0.051,29.2,27.89,27.03,27.55,18.55,17.73,17.92,18.2,0.351,0.344,0.028,12.1,12.7,88.4
"2013-08-01 12:45:00",38189,0,0.346,0.302,0.275,0.291,0.058,0.042,0.046,0.051,29.19,27.89,27.03,27.53,18.57,17.73,17.93,18.22,0.347,0.34,0.028,12.4,13.13,88.9
"2013-08-01 13:00:00",38190,0,0.347,0.302,0.275,0.291,0.058,0.042,0.046,0.051,29.2,27.89,27.03,27.55,18.57,17.74,17.93,18.22,0.344,0.335,0.028,12.72,13.56,88.9
"2013-08-01 13:15:00",38191,0,0.346,0.302,0.275,0.291,0.058,0.042,0.046,0.051,29.19,27.89,27.03,27.53,18.58,17.74,17.93,18.22,0.341,0.331,0.027,13.05,13.97,89.7
"2013-08-01 13:30:00",38192,0,0.346,0.303,0.275,0.291,0.058,0.042,0.046,0.051,29.19,27.9,27.03,27.53,18.58,17.74,17.94,18.23,0.337,0.327,0.027,13.39,14.37,89.7
"2013-08-01 13:45:00",38193,0,0.346,0.302,0.275,0.291,0.058,0.042,0.046,0.052,29.19,27.89,27.03,27.53,18.58,17.74,17.94,18.24,0.333,0.323,0.027,13.73,14.73,90.3
"2013-08-01 14:00:00",38194,0,0.346,0.302,0.275,0.291,0.059,0.043,0.046,0.052,29.17,27.89,27.03,27.53,18.6,17.75,17.96,18.24,0.33,0.319,0.026,14.08,15.09,91.3
"2013-08-01 14:15:00",38195,0,0.349,0.305,0.275,0.291,0.059,0.043,0.046,0.052,29.27,27.97,27.03,27.53,18.61,17.75,17.96,18.26,0.327,0.316,0.025,14.4,15.42,92.4
"2013-08-01 14:30:00",38196,0,0.352,0.308,0.276,0.294,0.059,0.043,0.046,0.052,29.35,28.05,27.06,27.62,18.62,17.75,17.96,18.26,0.324,0.313,0.025,14.68,15.72,92.8
"2013-08-01 14:45:00",38197,0,0.351,0.307,0.276,0.295,0.059,0.043,0.046,0.052,29.34,28.04,27.06,27.67,18.64,17.77,17.96,18.27,0.321,0.31,0.021,14.9,15.99,99.2
"2013-08-01 15:00:00",38198,0,0.351,0.307,0.276,0.296,0.059,0.043,0.046,0.052,29.34,28.04,27.06,27.7,18.64,17.77,17.96,18.27,0.32,0.308,0.016,15.07,16.24,108.4
"2013-08-01 15:15:00",38199,0,0.351,0.306,0.276,0.296,0.059,0.043,0.047,0.053,29.34,28.01,27.07,27.7,18.64,17.78,17.97,18.28,0.318,0.306,0.015,15.23,16.46,109.9
"2013-08-01 15:30:00",38200,0,0.351,0.306,0.276,0.297,0.059,0.043,0.047,0.053,29.32,28.01,27.07,27.71,18.64,17.78,17.97,18.28,0.317,0.304,0.015,15.38,16.66,109.4
"2013-08-01 15:45:00",38201,0,0.35,0.306,0.277,0.297,0.059,0.043,0.047,0.053,29.31,27.99,27.09,27.71,18.64,17.77,17.99,18.28,0.315,0.302,0.015,15.52,16.83,109.6
"2013-08-01 16:00:00",38202,0,0.35,0.305,0.277,0.297,0.06,0.043,0.047,0.053,29.31,27.98,27.09,27.71,18.65,17.78,17.97,18.28,0.314,0.301,0.015,15.66,16.99,109.9
"2013-08-01 16:15:00",38203,0,0.35,0.305,0.276,0.297,0.06,0.043,0.047,0.053,29.31,27.98,27.07,27.71,18.65,17.78,17.99,18.3,0.313,0.3,0.015,15.78,17.1,109.9
"2013-08-01 16:30:00",38204,0,0.35,0.305,0.276,0.296,0.06,0.043,0.047,0.053,29.3,27.97,27.07,27.7,18.65,17.78,17.99,18.28,0.312,0.299,0.015,15.88,17.2,110.3
"2013-08-01 16:45:00",38205,0,0.35,0.305,0.276,0.297,0.06,0.043,0.047,0.053,29.3,27.97,27.07,27.71,18.65,17.78,17.99,18.3,0.311,0.298,0.015,15.95,17.28,109.6
"2013-08-01 17:00:00",38206,0,0.35,0.305,0.276,0.297,0.06,0.043,0.047,0.053,29.3,27.95,27.07,27.71,18.65,17.78,17.99,18.3,0.31,0.297,0.017,16,17.33,105
"2013-08-01 17:15:00",38207,0,0.349,0.305,0.276,0.296,0.06,0.043,0.047,0.053,29.28,27.95,27.07,27.7,18.65,17.77,17.99,18.3,0.31,0.297,0.02,16,17.35,100.1
"2013-08-01 17:30:00",38208,0,0.349,0.304,0.276,0.296,0.059,0.043,0.047,0.053,29.28,27.94,27.07,27.68,18.64,17.78,17.99,18.28,0.311,0.297,0.018,15.98,17.34,102.8
"2013-08-01 17:45:00",38209,0,0.349,0.304,0.276,0.296,0.06,0.043,0.047,0.053,29.28,27.93,27.07,27.68,18.65,17.77,17.97,18.28,0.311,0.298,0.019,15.93,17.31,102.7
"2013-08-01 18:00:00",38210,0,0.349,0.304,0.276,0.296,0.059,0.043,0.047,0.053,29.28,27.93,27.07,27.7,18.64,17.77,17.97,18.28,0.312,0.298,0.021,15.84,17.24,98.6
"2013-08-01 18:15:00",38211,0,0.349,0.304,0.276,0.296,0.059,0.043,0.047,0.053,29.27,27.93,27.07,27.68,18.64,17.78,17.97,18.28,0.313,0.299,0.022,15.72,17.13,96.9
"2013-08-01 18:30:00",38212,0,0.349,0.304,0.276,0.296,0.059,0.043,0.047,0.053,29.27,27.93,27.07,27.68,18.64,17.77,17.97,18.28,0.315,0.301,0.022,15.57,16.99,96.2
"2013-08-01 18:45:00",38213,0,0.349,0.303,0.276,0.296,0.059,0.043,0.047,0.052,29.27,27.91,27.06,27.68,18.64,17.77,17.97,18.27,0.316,0.302,0.023,15.42,16.83,95.6
"2013-08-01 19:00:00",38214,0,0.349,0.303,0.276,0.296,0.059,0.043,0.047,0.052,29.27,27.91,27.06,27.68,18.64,17.77,17.97,18.27,0.318,0.304,0.023,15.25,16.65,95.2
"2013-08-01 19:15:00",38215,0,0.349,0.303,0.276,0.296,0.059,0.043,0.046,0.052,29.27,27.91,27.06,27.68,18.62,17.75,17.96,18.26,0.32,0.306,0.022,15.07,16.45,95.9
"2013-08-01 19:30:00",38216,0,0.349,0.303,0.276,0.296,0.059,0.043,0.046,0.052,29.27,27.9,27.07,27.68,18.62,17.77,17.96,18.27,0.322,0.308,0.022,14.88,16.23,97.3
"2013-08-01 19:45:00",38217,0,0.349,0.303,0.276,0.296,0.059,0.043,0.046,0.052,29.27,27.9,27.07,27.68,18.62,17.75,17.96,18.26,0.324,0.31,0.02,14.68,16.01,99.1
"2013-08-01 20:00:00",38218,0,0.349,0.303,0.276,0.295,0.059,0.043,0.046,0.052,29.26,27.9,27.07,27.67,18.61,17.77,17.96,18.26,0.326,0.312,0.02,14.48,15.79,100
"2013-08-01 20:15:00",38219,0,0.349,0.303,0.276,0.296,0.059,0.043,0.046,0.052,29.27,27.9,27.06,27.68,18.61,17.75,17.96,18.26,0.328,0.315,0.02,14.28,15.56,100.6
"2013-08-01 20:30:00",38220,0,0.349,0.303,0.276,0.295,0.059,0.043,0.046,0.052,29.27,27.9,27.06,27.67,18.61,17.75,17.94,18.26,0.33,0.317,0.02,14.08,15.32,100.4
"2013-08-01 20:45:00",38221,0,0.349,0.303,0.276,0.295,0.059,0.042,0.046,0.052,29.27,27.9,27.06,27.67,18.6,17.74,17.94,18.24,0.332,0.319,0.02,13.89,15.1,100
"2013-08-01 21:00:00",38222,0,0.349,0.303,0.276,0.296,0.059,0.043,0.046,0.052,29.27,27.9,27.06,27.68,18.6,17.75,17.94,18.24,0.334,0.322,0.02,13.71,14.87,100.2
"2013-08-01 21:15:00",38223,0,0.349,0.302,0.276,0.296,0.058,0.042,0.046,0.052,29.27,27.89,27.06,27.68,18.58,17.74,17.93,18.24,0.336,0.324,0.021,13.53,14.64,98.8
"2013-08-01 21:30:00",38224,0,0.349,0.302,0.276,0.296,0.058,0.042,0.046,0.051,29.27,27.89,27.06,27.68,18.58,17.74,17.93,18.23,0.337,0.326,0.021,13.35,14.42,98.3
"2013-08-01 21:45:00",38225,0,0.349,0.303,0.276,0.296,0.058,0.042,0.046,0.051,29.27,27.9,27.06,27.68,18.58,17.74,17.93,18.23,0.339,0.329,0.021,13.17,14.19,97.6
"2013-08-01 22:00:00",38226,0,0.349,0.302,0.276,0.296,0.058,0.042,0.046,0.051,29.27,27.89,27.06,27.68,18.57,17.74,17.93,18.23,0.341,0.331,0.024,12.99,13.97,93.2
"2013-08-01 22:15:00",38227,0,0.349,0.303,0.276,0.295,0.058,0.042,0.046,0.051,29.27,27.9,27.06,27.67,18.57,17.73,17.93,18.23,0.343,0.333,0.025,12.81,13.74,91.8
"2013-08-01 22:30:00",38228,0,0.349,0.302,0.276,0.296,0.058,0.042,0.046,0.051,29.27,27.89,27.06,27.68,18.55,17.73,17.92,18.22,0.345,0.336,0.026,12.64,13.52,91.1
"2013-08-01 22:45:00",38229,0,0.349,0.302,0.276,0.296,0.058,0.042,0.046,0.051,29.27,27.89,27.06,27.68,18.55,17.73,17.92,18.22,0.347,0.338,0.027,12.47,13.3,90.2
"2013-08-01 23:00:00",38230,0,0.349,0.302,0.276,0.296,0.058,0.042,0.046,0.051,29.27,27.87,27.06,27.68,18.55,17.71,17.92,18.22,0.349,0.34,0.027,12.31,13.08,90.2
"2013-08-01 23:15:00",38231,0,0.349,0.302,0.276,0.296,0.058,0.042,0.045,0.051,29.27,27.89,27.06,27.68,18.55,17.71,17.9,18.2,0.35,0.343,0.025,12.15,12.87,92.6
"2013-08-01 23:30:00",38232,0,0.349,0.302,0.276,0.296,0.058,0.042,0.045,0.051,29.27,27.89,27.07,27.68,18.55,17.71,17.9,18.2,0.352,0.345,0.025,11.99,12.65,92.8
"2013-08-01 23:45:00",38233,0,0.349,0.302,0.276,0.296,0.058,0.042,0.045,0.051,29.27,27.87,27.06,27.68,18.54,17.71,17.9,18.2,0.354,0.347,0.026,11.82,12.44,90.5
"2013-08-02 00:00:00",38234,0,0.349,0.302,0.276,0.296,0.058,0.042,0.045,0.051,29.27,27.87,27.06,27.68,18.54,17.71,17.9,18.19,0.356,0.349,0.026,11.64,12.23,90.6
"2013-08-02 00:15:00",38235,0,0.349,0.302,0.276,0.296,0.058,0.041,0.045,0.051,29.27,27.87,27.07,27.68,18.54,17.7,17.9,18.19,0.358,0.352,0.027,11.47,12.02,89.4
"2013-08-02 00:30:00",38236,0,0.349,0.302,0.276,0.296,0.057,0.041,0.045,0.051,29.28,27.89,27.07,27.68,18.53,17.7,17.89,18.19,0.359,0.354,0.029,11.32,11.82,87.5
"2013-08-02 00:45:00",38237,0,0.349,0.302,0.276,0.296,0.057,0.041,0.045,0.051,29.28,27.87,27.06,27.68,18.53,17.7,17.88,18.19,0.361,0.356,0.031,11.16,11.61,85.5
"2013-08-02 01:00:00",38238,0,0.349,0.301,0.276,0.295,0.057,0.041,0.045,0.051,29.28,27.86,27.06,27.67,18.51,17.69,17.88,18.19,0.363,0.358,0.031,11,11.4,84.8
"2013-08-02 01:15:00",38239,0,0.349,0.301,0.276,0.295,0.057,0.041,0.045,0.05,29.27,27.86,27.07,27.67,18.51,17.69,17.88,18.17,0.364,0.361,0.032,10.85,11.2,83.9
"2013-08-02 01:30:00",38240,0,0.349,0.302,0.276,0.295,0.057,0.041,0.045,0.05,29.28,27.87,27.06,27.67,18.51,17.69,17.89,18.17,0.366,0.363,0.034,10.69,11.01,82.2
"2013-08-02 01:45:00",38241,0,0.349,0.302,0.276,0.295,0.057,0.041,0.045,0.05,29.28,27.87,27.07,27.67,18.51,17.69,17.88,18.17,0.368,0.365,0.034,10.52,10.81,82.1
"2013-08-02 02:00:00",38242,0,0.349,0.301,0.276,0.296,0.057,0.041,0.045,0.05,29.28,27.86,27.07,27.68,18.51,17.69,17.88,18.17,0.37,0.367,0.035,10.36,10.62,81.5
"2013-08-02 02:15:00",38243,0,0.349,0.302,0.276,0.296,0.057,0.041,0.045,0.05,29.28,27.87,27.07,27.68,18.5,17.69,17.86,18.16,0.372,0.369,0.035,10.21,10.42,81.5
"2013-08-02 02:30:00",38244,0,0.349,0.301,0.276,0.296,0.057,0.041,0.045,0.05,29.28,27.86,27.07,27.68,18.5,17.69,17.86,18.16,0.373,0.371,0.036,10.05,10.24,80.4
"2013-08-02 02:45:00",38245,0,0.349,0.301,0.276,0.296,0.056,0.041,0.045,0.05,29.28,27.86,27.07,27.68,18.49,17.69,17.86,18.16,0.375,0.373,0.036,9.9,10.05,80.1
"2013-08-02 03:00:00",38246,0,0.349,0.301,0.276,0.296,0.057,0.041,0.045,0.05,29.28,27.86,27.07,27.68,18.5,17.67,17.86,18.15,0.376,0.375,0.037,9.77,9.88,79.12
"2013-08-02 03:15:00",38247,0,0.349,0.301,0.276,0.296,0.056,0.041,0.045,0.05,29.28,27.86,27.07,27.68,18.49,17.67,17.86,18.16,0.378,0.377,"NAN",9.64,9.72,"NAN"
"2013-08-02 03:30:00",38248,0,0.35,0.302,0.277,0.296,0.056,0.041,0.045,0.05,29.3,27.87,27.09,27.7,18.49,17.69,17.86,18.15,0.379,0.379,0.369,9.5,9.55,10.46
"2013-08-02 03:45:00",38249,0,0.35,0.302,0.277,0.296,0.056,0.041,0.045,0.05,29.3,27.87,27.09,27.7,18.49,17.67,17.86,18.15,0.381,0.381,0.371,9.39,9.39,10.27
"2013-08-02 04:00:00",38250,0,0.35,0.302,0.277,0.296,0.056,0.041,0.045,0.05,29.3,27.87,27.09,27.68,18.49,17.69,17.86,18.15,0.382,0.382,0.372,9.28,9.24,10.18
"2013-08-02 04:15:00",38251,0,0.35,0.302,0.277,0.296,0.056,0.041,0.044,0.05,29.31,27.89,27.1,27.68,18.49,17.69,17.85,18.15,0.383,0.384,0.37,9.2,9.11,10.38
"2013-08-02 04:30:00",38252,0,0.35,0.302,0.277,0.296,0.056,0.041,0.045,0.05,29.3,27.89,27.09,27.7,18.49,17.67,17.86,18.15,0.384,0.385,0.361,9.12,8.99,11.2
"2013-08-02 04:45:00",38253,0,0.35,0.302,0.277,0.296,0.056,0.041,0.045,0.05,29.31,27.87,27.1,27.7,18.49,17.67,17.86,18.15,0.385,0.387,0.358,9.05,8.89,11.46
"2013-08-02 05:00:00",38254,0,0.35,0.302,0.277,0.296,0.056,0.041,0.045,0.05,29.3,27.87,27.1,27.68,18.47,17.67,17.86,18.15,0.385,0.388,0.356,9,8.8,11.61
"2013-08-02 05:15:00",38255,0,0.35,0.302,0.277,0.296,0.056,0.041,0.044,0.05,29.31,27.87,27.1,27.68,18.47,17.66,17.85,18.13,0.386,0.388,0.357,8.96,8.72,11.55
"2013-08-02 05:30:00",38256,0,0.35,0.301,0.277,0.296,0.056,0.041,0.044,0.05,29.3,27.86,27.09,27.68,18.47,17.66,17.85,18.13,0.386,0.389,0.358,8.91,8.65,11.47
"2013-08-02 05:45:00",38257,0,0.35,0.301,0.277,0.296,0.056,0.041,0.044,0.05,29.3,27.86,27.1,27.68,18.47,17.67,17.85,18.13,0.387,0.39,0.358,8.86,8.58,11.39
"2013-08-02 06:00:00",38258,0,0.35,0.301,0.277,0.296,0.056,0.041,0.044,0.05,29.3,27.86,27.09,27.68,18.46,17.66,17.85,18.13,0.387,0.391,0.359,8.81,8.51,11.32
"2013-08-02 06:15:00",38259,0,0.35,0.301,0.277,0.296,0.056,0.041,0.044,0.049,29.31,27.86,27.09,27.7,18.46,17.66,17.85,18.12,0.388,0.392,0.361,8.76,8.44,11.2
"2013-08-02 06:30:00",38260,0,0.35,0.301,0.277,0.296,0.056,0.04,0.044,0.049,29.31,27.86,27.09,27.7,18.46,17.65,17.84,18.12,0.389,0.392,0.363,8.7,8.37,10.94
"2013-08-02 06:45:00",38261,0,0.35,0.301,0.277,0.296,0.056,0.041,0.044,0.049,29.3,27.86,27.1,27.7,18.46,17.66,17.84,18.12,0.389,0.393,0.366,8.63,8.3,10.68
"2013-08-02 07:00:00",38262,0,0.35,0.302,0.277,0.296,0.056,0.041,0.044,0.05,29.3,27.87,27.1,27.7,18.46,17.66,17.84,18.13,0.39,0.394,0.367,8.56,8.22,10.58
"2013-08-02 07:15:00",38263,0,0.35,0.302,0.277,0.296,0.056,0.041,0.044,0.05,29.31,27.87,27.09,27.7,18.46,17.66,17.84,18.13,0.391,0.395,0.368,8.49,8.14,10.54
"2013-08-02 07:30:00",38264,0,0.35,0.302,0.277,0.296,0.056,0.041,0.044,0.05,29.31,27.87,27.09,27.7,18.46,17.66,17.84,18.13,0.392,0.396,0.367,8.42,8.06,10.63
"2013-08-02 07:45:00",38265,0,0.35,0.302,0.277,0.296,0.056,0.041,0.044,0.05,29.31,27.87,27.1,27.7,18.46,17.66,17.85,18.13,0.392,0.397,0.38,8.37,7.996,9.52
"2013-08-02 08:00:00",38266,0,0.351,0.302,0.277,0.296,0.056,0.041,0.044,0.049,29.32,27.87,27.11,27.7,18.46,17.66,17.84,18.12,0.393,0.397,0.383,8.32,7.939,9.22
"2013-08-02 08:15:00",38267,0,0.35,0.302,0.277,0.296,0.056,0.041,0.044,0.049,29.31,27.89,27.11,27.7,18.46,17.66,17.84,18.12,0.393,0.398,0.324,8.29,7.898,14.62
"2013-08-02 08:30:00",38268,0,0.35,0.302,0.277,0.297,0.056,0.041,0.044,0.049,29.31,27.87,27.11,27.71,18.46,17.67,17.84,18.12,0.393,0.398,0.33,8.28,7.866,14.09
"2013-08-02 08:45:00",38269,0,0.351,0.302,0.277,0.297,0.056,0.041,0.044,0.049,29.32,27.89,27.11,27.71,18.46,17.67,17.85,18.12,0.393,0.398,0.332,8.28,7.856,13.86
"2013-08-02 09:00:00",38270,0,0.351,0.302,0.277,0.297,0.056,0.041,0.044,0.049,29.32,27.89,27.11,27.71,18.47,17.67,17.85,18.12,0.393,0.398,0.332,8.3,7.862,13.85
"2013-08-02 09:15:00",38271,0,0.351,0.302,0.277,0.297,0.056,0.041,0.044,0.05,29.34,27.89,27.11,27.72,18.47,17.66,17.85,18.13,0.393,0.398,0.34,8.33,7.892,13.14
"2013-08-02 09:30:00",38272,0,0.351,0.302,0.277,0.297,0.056,0.041,0.044,0.05,29.32,27.89,27.11,27.71,18.47,17.67,17.85,18.13,0.392,0.398,0.366,8.39,7.932,10.72
"2013-08-02 09:45:00",38273,0,0.351,0.302,0.277,0.297,0.056,0.041,0.044,0.05,29.34,27.89,27.11,27.71,18.49,17.67,17.85,18.13,0.391,0.397,0.386,8.47,8.01,8.97
"2013-08-02 10:00:00",38274,0,0.351,0.303,0.277,0.297,0.056,0.041,0.045,0.05,29.32,27.9,27.11,27.72,18.47,17.67,17.86,18.15,0.39,0.395,0.362,8.57,8.11,11.08
"2013-08-02 10:15:00",38275,0,0.351,0.303,0.277,0.297,0.056,0.041,0.045,0.05,29.32,27.9,27.11,27.72,18.49,17.67,17.88,18.15,0.388,0.394,0.346,8.72,8.25,12.58
"2013-08-02 10:30:00",38276,0,0.351,0.302,0.277,0.297,0.056,0.041,0.045,0.05,29.34,27.89,27.1,27.71,18.49,17.69,17.86,18.15,0.386,0.391,0.338,8.92,8.45,13.31
"2013-08-02 10:45:00",38277,0,0.351,0.302,0.277,0.297,0.056,0.041,0.045,0.05,29.32,27.89,27.11,27.71,18.49,17.69,17.88,18.16,0.383,0.389,0.343,9.17,8.7,12.85
"2013-08-02 11:00:00",38278,0,0.351,0.302,0.277,0.297,0.057,0.041,0.045,0.05,29.32,27.89,27.11,27.71,18.5,17.69,17.88,18.15,0.38,0.385,0.341,9.44,8.99,13.05
"2013-08-02 11:15:00",38279,0,0.35,0.302,0.277,0.297,0.057,0.041,0.045,0.05,29.31,27.89,27.1,27.71,18.5,17.69,17.88,18.16,0.377,0.382,0.336,9.69,9.31,13.53
"2013-08-02 11:30:00",38280,0,0.35,0.303,0.277,0.296,0.057,0.041,0.045,0.05,29.31,27.9,27.11,27.7,18.5,17.7,17.89,18.17,0.374,0.378,"NAN",9.96,9.63,"NAN"
"2013-08-02 11:45:00",38281,0,0.35,0.303,0.277,0.296,0.057,0.041,0.045,0.05,29.31,27.9,27.11,27.7,18.51,17.7,17.89,18.17,0.371,0.374,"NAN",10.23,9.97,"NAN"
"2013-08-02 12:00:00",38282,0,0.35,0.303,0.277,0.296,0.057,0.041,0.045,0.05,29.31,27.9,27.1,27.7,18.51,17.7,17.89,18.17,0.368,0.37,"NAN",10.5,10.31,"NAN"
"2013-08-02 12:15:00",38283,0,0.35,0.303,0.277,0.296,0.057,0.041,0.045,0.051,29.3,27.9,27.11,27.7,18.53,17.7,17.9,18.19,0.365,0.366,"NAN",10.81,10.68,"NAN"
"2013-08-02 12:30:00",38284,0,0.35,0.303,0.277,0.296,0.057,0.042,0.045,0.051,29.3,27.9,27.1,27.7,18.53,17.71,17.9,18.2,0.361,0.362,"NAN",11.11,11.06,"NAN"
"2013-08-02 12:45:00",38285,0,0.35,0.303,0.277,0.296,0.058,0.042,0.045,0.051,29.3,27.9,27.1,27.7,18.54,17.73,17.9,18.2,0.358,0.358,"NAN",11.42,11.47,"NAN"
"2013-08-02 13:00:00",38286,0,0.349,0.302,0.277,0.296,0.058,0.042,0.046,0.051,29.28,27.87,27.1,27.7,18.54,17.73,17.92,18.2,0.355,0.353,"NAN",11.74,11.88,"NAN"
"2013-08-02 13:15:00",38287,0,0.349,0.302,0.277,0.296,0.058,0.042,0.046,0.051,29.28,27.89,27.1,27.68,18.54,17.73,17.92,18.2,0.351,0.349,"NAN",12.07,12.3,"NAN"
"2013-08-02 13:30:00",38288,0,0.349,0.302,0.277,0.296,0.058,0.042,0.046,0.051,29.28,27.89,27.1,27.68,18.55,17.73,17.93,18.22,0.347,0.344,"NAN",12.41,12.72,"NAN"
"2013-08-02 13:45:00",38289,0,0.349,0.302,0.277,0.296,0.058,0.042,0.046,0.051,29.27,27.89,27.09,27.68,18.57,17.73,17.93,18.22,0.344,0.34,"NAN",12.73,13.14,"NAN"
"2013-08-02 14:00:00",38290,0,0.349,0.302,0.277,0.295,0.058,0.042,0.046,0.051,29.27,27.89,27.1,27.67,18.57,17.74,17.93,18.23,0.341,0.335,"NAN",13.05,13.56,"NAN"
"2013-08-02 14:15:00",38291,0,0.349,0.302,0.277,0.295,0.058,0.042,0.046,0.052,29.27,27.89,27.09,27.67,18.58,17.74,17.94,18.24,0.338,0.331,"NAN",13.34,13.96,"NAN"
"2013-08-02 14:30:00",38292,0,0.349,0.302,0.277,0.295,0.059,0.043,0.046,0.052,29.27,27.89,27.09,27.66,18.6,17.75,17.96,18.24,0.335,0.327,"NAN",13.6,14.34,"NAN"
"2013-08-02 14:45:00",38293,0,0.349,0.303,0.276,0.295,0.058,0.043,0.046,0.052,29.26,27.9,27.07,27.66,18.58,17.75,17.96,18.24,0.332,0.323,"NAN",13.83,14.69,"NAN"
"2013-08-02 15:00:00",38294,0,0.349,0.302,0.276,0.295,0.059,0.043,0.046,0.052,29.26,27.89,27.07,27.66,18.6,17.75,17.96,18.26,0.33,0.32,"NAN",14.05,15.03,"NAN"
"2013-08-02 15:15:00",38295,0,0.349,0.302,0.276,0.295,0.059,0.043,0.047,0.052,29.26,27.89,27.07,27.66,18.61,17.77,17.97,18.26,0.328,0.317,"NAN",14.25,15.34,"NAN"
"2013-08-02 15:30:00",38296,0,0.348,0.302,0.276,0.295,0.059,0.043,0.047,0.052,29.24,27.89,27.07,27.66,18.61,17.77,17.97,18.26,0.326,0.314,0.002,14.42,15.62,196.6
"2013-08-02 15:45:00",38297,0,0.348,0.302,0.276,0.294,0.059,0.043,0.047,0.052,29.24,27.89,27.07,27.64,18.61,17.77,17.97,18.27,0.324,0.312,"NAN",14.6,15.88,"NAN"
"2013-08-02 16:00:00",38298,0,0.348,0.302,0.276,0.294,0.059,0.043,0.047,0.052,29.24,27.89,27.07,27.64,18.61,17.78,17.99,18.27,0.323,0.309,"NAN",14.77,16.12,"NAN"
"2013-08-02 16:15:00",38299,0,0.348,0.302,0.276,0.294,0.059,0.043,0.047,0.052,29.23,27.89,27.06,27.63,18.62,17.78,17.99,18.27,0.321,0.307,"NAN",14.95,16.34,"NAN"
"2013-08-02 16:30:00",38300,0,0.348,0.302,0.276,0.294,0.059,0.043,0.047,0.053,29.23,27.89,27.07,27.64,18.64,17.78,17.99,18.28,0.319,0.305,0.002,15.1,16.55,190.7
"2013-08-02 16:45:00",38301,0,0.348,0.302,0.276,0.294,0.059,0.043,0.047,0.052,29.23,27.89,27.06,27.63,18.62,17.77,17.99,18.27,0.318,0.303,0.002,15.22,16.73,191.1
"2013-08-02 17:00:00",38302,0,0.348,0.302,0.276,0.294,0.059,0.043,0.047,0.053,29.23,27.89,27.06,27.63,18.62,17.78,17.99,18.28,0.317,0.302,0.002,15.31,16.87,189.6
"2013-08-02 17:15:00",38303,0,0.347,0.302,0.276,0.294,0.059,0.043,0.047,0.053,29.22,27.89,27.06,27.63,18.62,17.78,17.99,18.28,0.317,0.301,"NAN",15.36,16.98,"NAN"
"2013-08-02 17:30:00",38304,0,0.347,0.302,0.275,0.294,0.059,0.043,0.047,0.052,29.22,27.87,27.05,27.62,18.62,17.78,17.99,18.27,0.317,0.3,"NAN",15.38,17.06,"NAN"
"2013-08-02 17:45:00",38305,0,0.347,0.302,0.276,0.294,0.059,0.043,0.047,0.052,29.22,27.89,27.06,27.63,18.62,17.78,17.99,18.27,0.317,0.3,"NAN",15.37,17.11,"NAN"
"2013-08-02 18:00:00",38306,0,0.347,0.302,0.276,0.294,0.059,0.043,0.047,0.053,29.22,27.87,27.06,27.62,18.62,17.78,17.99,18.28,0.317,0.299,"NAN",15.34,17.12,"NAN"
"2013-08-02 18:15:00",38307,0,0.347,0.302,0.276,0.294,0.059,0.043,0.047,0.053,29.22,27.87,27.06,27.62,18.62,17.78,17.99,18.28,0.318,0.3,"NAN",15.27,17.09,"NAN"
"2013-08-02 18:30:00",38308,0,0.347,0.302,0.276,0.294,0.059,0.043,0.047,0.052,29.22,27.87,27.06,27.62,18.62,17.78,17.99,18.27,0.318,0.3,"NAN",15.19,17.04,"NAN"
"2013-08-02 18:45:00",38309,0,0.347,0.302,0.276,0.294,0.059,0.043,0.047,0.052,29.22,27.87,27.06,27.62,18.64,17.78,17.99,18.27,0.319,0.301,"NAN",15.09,16.97,"NAN"
"2013-08-02 19:00:00",38310,0,0.347,0.302,0.276,0.293,0.059,0.043,0.047,0.052,29.2,27.87,27.06,27.6,18.62,17.78,17.99,18.27,0.321,0.302,"NAN",14.98,16.88,"NAN"
"2013-08-02 19:15:00",38311,0,0.347,0.302,0.275,0.293,0.059,0.043,0.047,0.052,29.2,27.87,27.05,27.6,18.61,17.78,17.97,18.26,0.322,0.303,"NAN",14.88,16.79,"NAN"
"2013-08-02 19:30:00",38312,0,0.347,0.301,0.275,0.293,0.059,0.043,0.047,0.052,29.2,27.86,27.05,27.6,18.61,17.77,17.97,18.26,0.323,0.304,"NAN",14.78,16.68,"NAN"
"2013-08-02 19:45:00",38313,0,0.347,0.301,0.275,0.293,0.059,0.043,0.047,0.052,29.2,27.86,27.05,27.6,18.61,17.78,17.97,18.26,0.324,0.305,0.008,14.67,16.56,136.7
"2013-08-02 20:00:00",38314,0,0.347,0.301,0.275,0.293,0.059,0.043,0.047,0.052,29.2,27.86,27.05,27.6,18.61,17.77,17.97,18.26,0.325,0.306,0.008,14.54,16.42,132.5
"2013-08-02 20:15:00",38315,0,0.347,0.301,0.275,0.293,0.059,0.043,0.047,0.052,29.2,27.86,27.05,27.6,18.61,17.77,17.97,18.26,0.327,0.308,0.009,14.39,16.24,131.9
"2013-08-02 20:30:00",38316,0,0.347,0.301,0.275,0.293,0.059,0.043,0.046,0.052,29.2,27.86,27.05,27.6,18.6,17.77,17.96,18.26,0.328,0.31,0.009,14.24,16.07,129.6
"2013-08-02 20:45:00",38317,0,0.347,0.301,0.275,0.293,0.059,0.043,0.047,0.052,29.2,27.86,27.05,27.6,18.6,17.75,17.97,18.24,0.33,0.311,0.01,14.09,15.89,124.4
"2013-08-02 21:00:00",38318,0,0.347,0.301,0.275,0.293,0.059,0.043,0.046,0.052,29.2,27.85,27.05,27.6,18.6,17.77,17.96,18.24,0.331,0.313,0.01,13.94,15.7,124.3
"2013-08-02 21:15:00",38319,0,0.347,0.301,0.275,0.293,0.058,0.043,0.046,0.051,29.2,27.86,27.05,27.59,18.58,17.75,17.96,18.23,0.333,0.315,0.01,13.78,15.5,125.7
"2013-08-02 21:30:00",38320,0,0.347,0.301,0.275,0.293,0.058,0.043,0.046,0.051,29.2,27.85,27.05,27.6,18.58,17.75,17.96,18.23,0.335,0.317,"NAN",13.63,15.29,"NAN"
"2013-08-02 21:45:00",38321,0,0.347,0.301,0.275,0.293,0.058,0.042,0.046,0.051,29.2,27.83,27.05,27.6,18.57,17.74,17.96,18.23,0.336,0.32,"NAN",13.48,15.08,"NAN"
"2013-08-02 22:00:00",38322,0,0.347,0.301,0.275,0.293,0.058,0.042,0.046,0.051,29.2,27.85,27.05,27.6,18.58,17.74,17.94,18.22,0.338,0.322,0.017,13.32,14.87,104.8
"2013-08-02 22:15:00",38323,0,0.347,0.301,0.275,0.293,0.058,0.042,0.046,0.051,29.2,27.83,27.03,27.59,18.57,17.74,17.94,18.23,0.339,0.324,0.019,13.15,14.65,102
"2013-08-02 22:30:00",38324,0,0.347,0.301,0.275,0.293,0.058,0.042,0.046,0.051,29.2,27.85,27.03,27.6,18.55,17.74,17.93,18.23,0.341,0.326,0.017,13,14.44,106.2
"2013-08-02 22:45:00",38325,0,0.347,0.301,0.275,0.293,0.058,0.042,0.046,0.051,29.2,27.85,27.05,27.59,18.55,17.74,17.93,18.23,0.343,0.328,0.018,12.83,14.22,103.3
"2013-08-02 23:00:00",38326,0,0.347,0.301,0.275,0.293,0.058,0.042,0.046,0.051,29.22,27.85,27.05,27.6,18.57,17.74,17.93,18.22,0.345,0.331,0.019,12.66,14,102.3
"2013-08-02 23:15:00",38327,0,0.347,0.301,0.276,0.293,0.058,0.043,0.046,0.051,29.22,27.83,27.06,27.6,18.55,17.75,17.94,18.22,0.346,0.333,0.019,12.5,13.8,101.4
"2013-08-02 23:30:00",38328,0,0.347,0.301,0.275,0.293,0.058,0.042,0.046,0.051,29.22,27.85,27.05,27.59,18.55,17.74,17.94,18.2,0.348,0.335,0.019,12.36,13.59,101.3
"2013-08-02 23:45:00",38329,0,0.348,0.301,0.275,0.293,0.058,0.042,0.046,0.051,29.23,27.83,27.05,27.59,18.57,17.74,17.93,18.22,0.349,0.337,0.124,12.22,13.42,72.72
"2013-08-03 00:00:00",38330,0,0.347,0.301,0.275,0.293,0.058,0.042,0.046,0.051,29.22,27.85,27.05,27.59,18.55,17.73,17.93,18.22,0.351,0.338,0.335,12.1,13.25,13.55
"2013-08-03 00:15:00",38331,0,0.348,0.301,0.276,0.293,0.058,0.042,0.046,0.051,29.23,27.83,27.06,27.6,18.55,17.73,17.92,18.2,0.352,0.34,0.337,11.99,13.1,13.38
"2013-08-03 00:30:00",38332,0,0.348,0.301,0.275,0.293,0.058,0.042,0.046,0.051,29.23,27.83,27.05,27.6,18.55,17.73,17.93,18.2,0.353,0.342,0.339,11.89,12.95,13.21
"2013-08-03 00:45:00",38333,0,0.348,0.301,0.275,0.293,0.058,0.042,0.046,0.051,29.23,27.85,27.05,27.59,18.54,17.73,17.93,18.19,0.354,0.343,0.34,11.78,12.82,13.06
"2013-08-03 01:00:00",38334,0,0.347,0.301,0.276,0.293,0.057,0.042,0.046,0.051,29.22,27.83,27.06,27.6,18.53,17.71,17.92,18.19,0.355,0.345,0.342,11.69,12.68,12.91
"2013-08-03 01:15:00",38335,0,0.347,0.301,0.275,0.293,0.057,0.042,0.046,0.051,29.22,27.83,27.05,27.6,18.53,17.73,17.92,18.2,0.356,0.346,0.344,11.6,12.54,12.77
"2013-08-03 01:30:00",38336,0,0.347,0.301,0.275,0.293,0.057,0.042,0.046,0.05,29.22,27.83,27.05,27.6,18.53,17.73,17.92,18.17,0.357,0.347,0.345,11.5,12.41,12.63
"2013-08-03 01:45:00",38337,0,0.347,0.3,0.275,0.293,0.057,0.042,0.045,0.05,29.22,27.82,27.05,27.59,18.51,17.71,17.9,18.17,0.358,0.349,0.346,11.39,12.27,12.51
"2013-08-03 02:00:00",38338,0,0.347,0.301,0.275,0.293,0.057,0.042,0.045,0.05,29.22,27.83,27.05,27.6,18.51,17.71,17.9,18.17,0.359,0.351,0.348,11.3,12.12,12.37
"2013-08-03 02:15:00",38339,0,0.347,0.3,0.275,0.293,0.057,0.041,0.045,0.05,29.22,27.82,27.05,27.6,18.51,17.7,17.9,18.16,0.361,0.352,0.349,11.18,11.97,12.22
"2013-08-03 02:30:00",38340,0,0.347,0.3,0.276,0.293,0.057,0.042,0.045,0.05,29.2,27.82,27.06,27.6,18.51,17.71,17.89,18.17,0.362,0.354,0.351,11.06,11.8,12.05
"2013-08-03 02:45:00",38341,0,0.347,0.301,0.275,0.293,0.057,0.041,0.045,0.05,29.22,27.83,27.05,27.6,18.51,17.7,17.89,18.17,0.363,0.356,0.353,10.94,11.64,11.89
"2013-08-03 03:00:00",38342,0,0.347,0.3,0.276,0.293,0.057,0.041,0.045,0.05,29.22,27.82,27.06,27.6,18.51,17.7,17.9,18.17,0.365,0.358,0.355,10.82,11.47,11.73
"2013-08-03 03:15:00",38343,0,0.347,0.301,0.275,0.293,0.057,0.042,0.045,0.05,29.22,27.83,27.05,27.6,18.51,17.71,17.89,18.16,0.366,0.359,0.357,10.69,11.3,11.56
"2013-08-03 03:30:00",38344,0,0.348,0.301,0.276,0.293,0.057,0.041,0.045,0.05,29.23,27.83,27.06,27.6,18.51,17.7,17.89,18.16,0.368,0.361,0.358,10.57,11.14,11.39
"2013-08-03 03:45:00",38345,0,0.347,0.301,0.275,0.293,0.057,0.042,0.045,0.05,29.22,27.83,27.05,27.6,18.5,17.71,17.89,18.16,0.369,0.363,0.36,10.46,11,11.24
"2013-08-03 04:00:00",38346,0,0.348,0.301,0.275,0.293,0.057,0.041,0.045,0.05,29.23,27.83,27.05,27.6,18.5,17.7,17.89,18.16,0.37,0.364,0.362,10.35,10.87,11.09
"2013-08-03 04:15:00",38347,0,0.347,0.3,0.276,0.293,0.057,0.041,0.045,0.05,29.22,27.82,27.06,27.6,18.5,17.69,17.89,18.15,0.371,0.366,0.363,10.26,10.74,10.96
"2013-08-03 04:30:00",38348,0,0.348,0.3,0.275,0.293,0.056,0.041,0.045,0.05,29.23,27.8,27.05,27.6,18.49,17.7,17.88,18.15,0.372,0.367,0.365,10.17,10.62,10.82
"2013-08-03 04:45:00",38349,0,0.347,0.3,0.275,0.293,0.056,0.041,0.045,0.05,29.22,27.8,27.05,27.6,18.49,17.69,17.88,18.15,0.373,0.368,0.366,10.08,10.5,10.69
"2013-08-03 05:00:00",38350,0,0.347,0.3,0.276,0.293,0.056,0.041,0.045,0.05,29.22,27.82,27.06,27.6,18.49,17.69,17.88,18.13,0.374,0.37,0.368,9.99,10.38,10.56
"2013-08-03 05:15:00",38351,0,0.347,0.3,0.276,0.293,0.056,0.041,0.045,0.05,29.22,27.82,27.06,27.6,18.47,17.69,17.86,18.13,0.375,0.371,0.369,9.89,10.25,10.43
"2013-08-03 05:30:00",38352,0,0.348,0.3,0.276,0.293,0.056,0.041,0.045,0.05,29.23,27.8,27.06,27.6,18.47,17.69,17.86,18.13,0.376,0.373,0.371,9.78,10.11,10.3
"2013-08-03 05:45:00",38353,0,0.348,0.3,0.276,0.293,0.056,0.041,0.045,0.05,29.23,27.8,27.06,27.6,18.46,17.67,17.86,18.13,0.378,0.374,0.372,9.68,9.98,10.17
"2013-08-03 06:00:00",38354,0,0.347,0.3,0.276,0.293,0.056,0.041,0.045,0.05,29.22,27.8,27.06,27.59,18.46,17.67,17.86,18.13,0.379,0.376,0.373,9.57,9.84,10.03
"2013-08-03 06:15:00",38355,0,0.347,0.3,0.276,0.293,0.056,0.041,0.044,0.05,29.22,27.8,27.06,27.6,18.46,17.67,17.85,18.13,0.38,0.377,0.375,9.47,9.7,9.9
"2013-08-03 06:30:00",38356,0,0.347,0.3,0.276,0.293,0.056,0.041,0.044,0.049,29.22,27.8,27.06,27.6,18.45,17.67,17.85,18.12,0.381,0.379,0.377,9.35,9.55,9.76
"2013-08-03 06:45:00",38357,0,0.347,0.299,0.275,0.293,0.056,0.041,0.044,0.049,29.22,27.79,27.05,27.59,18.46,17.66,17.85,18.12,0.383,0.381,0.378,9.23,9.41,9.61
"2013-08-03 07:00:00",38358,0,0.348,0.3,0.276,0.293,0.056,0.041,0.044,0.049,29.23,27.8,27.06,27.59,18.45,17.66,17.85,18.12,0.384,0.382,0.38,9.11,9.25,9.46
"2013-08-03 07:15:00",38359,0,0.348,0.3,0.276,0.293,0.056,0.041,0.044,0.049,29.23,27.8,27.06,27.59,18.45,17.66,17.84,18.11,0.386,0.384,0.381,8.97,9.09,9.33
"2013-08-03 07:30:00",38360,0,0.348,0.3,0.276,0.293,0.056,0.041,0.044,0.049,29.23,27.8,27.06,27.6,18.46,17.66,17.85,18.12,0.387,0.386,0.349,8.85,8.92,12.36
"2013-08-03 07:45:00",38361,0,0.348,0.3,0.276,0.293,0.056,0.041,0.045,0.049,29.24,27.82,27.06,27.6,18.46,17.67,17.86,18.12,0.388,0.388,0.38,8.72,8.77,9.47
"2013-08-03 08:00:00",38362,0,0.349,0.3,0.276,0.293,0.056,0.041,0.045,0.05,29.26,27.82,27.07,27.6,18.47,17.67,17.86,18.13,0.39,0.389,0.381,8.61,8.63,9.4
"2013-08-03 08:15:00",38363,0,0.349,0.301,0.276,0.294,0.056,0.041,0.045,0.05,29.26,27.83,27.07,27.62,18.49,17.69,17.86,18.15,0.391,0.39,0.384,8.53,8.56,9.15
"2013-08-03 08:30:00",38364,0,0.349,0.301,0.277,0.294,0.056,0.041,0.045,0.05,29.26,27.83,27.09,27.62,18.47,17.69,17.88,18.15,0.391,0.39,0.337,8.51,8.57,16.49
"2013-08-03 08:45:00",38365,0,0.349,0.301,0.276,0.294,0.056,0.041,0.045,0.05,29.27,27.83,27.07,27.62,18.49,17.69,17.88,18.15,0.39,0.389,0.269,8.55,8.66,34.93
"2013-08-03 09:00:00",38366,0,0.349,0.301,0.277,0.294,0.056,0.041,0.045,0.05,29.26,27.83,27.09,27.62,18.49,17.69,17.88,18.15,0.389,0.387,"NAN",8.64,8.84,"NAN"
"2013-08-03 09:15:00",38367,0,0.349,0.301,0.277,0.294,0.056,0.041,0.045,0.05,29.26,27.83,27.09,27.62,18.49,17.7,17.89,18.15,0.388,0.384,"NAN",8.77,9.09,"NAN"
"2013-08-03 09:30:00",38368,0,0.349,0.301,0.277,0.294,0.057,0.041,0.045,0.05,29.27,27.83,27.09,27.62,18.5,17.7,17.89,18.15,0.386,0.381,"NAN",8.96,9.37,"NAN"
"2013-08-03 09:45:00",38369,0,0.349,0.301,0.276,0.294,0.057,0.041,0.045,0.05,29.26,27.85,27.07,27.62,18.5,17.7,17.9,18.16,0.383,0.378,"NAN",9.17,9.67,"NAN"
"2013-08-03 10:00:00",38370,0,0.349,0.301,0.276,0.294,0.057,0.041,0.045,0.05,29.26,27.83,27.07,27.62,18.5,17.7,17.9,18.16,0.38,0.374,"NAN",9.43,9.98,"NAN"
"2013-08-03 10:15:00",38371,0,0.348,0.3,0.276,0.294,0.057,0.041,0.045,0.05,29.24,27.82,27.07,27.62,18.5,17.7,17.9,18.16,0.377,0.37,"NAN",9.73,10.31,"NAN"
"2013-08-03 10:30:00",38372,0,0.349,0.301,0.276,0.294,0.057,0.041,0.045,0.05,29.26,27.83,27.07,27.62,18.51,17.7,17.9,18.16,0.373,0.366,"NAN",10.05,10.67,"NAN"
"2013-08-03 10:45:00",38373,0,0.349,0.301,0.276,0.294,0.057,0.042,0.045,0.05,29.26,27.83,27.07,27.62,18.51,17.71,17.9,18.17,0.37,0.362,0.007,10.36,11.03,143
"2013-08-03 11:00:00",38374,0,0.348,0.301,0.276,0.293,0.057,0.042,0.045,0.051,29.24,27.83,27.07,27.6,18.53,17.71,17.9,18.19,0.366,0.358,"NAN",10.66,11.41,"NAN"
"2013-08-03 11:15:00",38375,0,0.348,0.301,0.276,0.293,0.057,0.042,0.046,0.051,29.24,27.83,27.07,27.6,18.53,17.73,17.92,18.2,0.363,0.354,"NAN",10.98,11.82,"NAN"
"2013-08-03 11:30:00",38376,0,0.348,0.301,0.276,0.293,0.058,0.042,0.046,0.051,29.24,27.85,27.07,27.6,18.54,17.73,17.92,18.2,0.359,0.349,"NAN",11.32,12.24,"NAN"
"2013-08-03 11:45:00",38377,0,0.348,0.301,0.276,0.293,0.058,0.042,0.046,0.051,29.24,27.85,27.07,27.59,18.54,17.73,17.93,18.2,0.356,0.345,0.001,11.66,12.68,260.4
"2013-08-03 12:00:00",38378,0,0.348,0.301,0.276,0.293,0.058,0.042,0.046,0.051,29.24,27.85,27.06,27.59,18.55,17.73,17.93,18.22,0.352,0.34,0.001,12,13.12,268.6
"2013-08-03 12:15:00",38379,0,0.348,0.301,0.276,0.293,0.058,0.042,0.046,0.051,29.23,27.85,27.07,27.6,18.57,17.73,17.93,18.22,0.348,0.335,0.001,12.34,13.56,278.2
"2013-08-03 12:30:00",38380,0,0.348,0.301,0.276,0.293,0.058,0.042,0.046,0.051,29.23,27.85,27.07,27.59,18.57,17.73,17.93,18.23,0.345,0.331,0,12.65,13.96,308.4
"2013-08-03 12:45:00",38381,0,0.347,0.301,0.276,0.293,0.058,0.043,0.046,0.051,29.22,27.85,27.06,27.59,18.58,17.75,17.93,18.23,0.342,0.327,0,12.94,14.35,320.4
"2013-08-03 13:00:00",38382,0,0.347,0.301,0.276,0.292,0.058,0.043,0.046,0.051,29.22,27.83,27.06,27.57,18.58,17.75,17.94,18.23,0.339,0.323,0,13.23,14.74,300
"2013-08-03 13:15:00",38383,0,0.347,0.301,0.276,0.293,0.058,0.043,0.046,0.051,29.22,27.83,27.06,27.59,18.58,17.75,17.94,18.23,0.336,0.319,0,13.51,15.11,288.3
"2013-08-03 13:30:00",38384,0,0.347,0.301,0.276,0.292,0.059,0.043,0.046,0.052,29.2,27.85,27.06,27.57,18.6,17.75,17.96,18.24,0.333,0.316,0.001,13.79,15.47,286.6
"2013-08-03 13:45:00",38385,0,0.347,0.301,0.275,0.292,0.059,0.043,0.046,0.052,29.22,27.85,27.05,27.57,18.61,17.75,17.96,18.26,0.33,0.312,0.001,14.09,15.8,267
"2013-08-03 14:00:00",38386,0,0.347,0.301,0.276,0.292,0.059,0.043,0.046,0.052,29.2,27.85,27.06,27.56,18.61,17.75,17.96,18.26,0.327,0.309,0.001,14.39,16.12,256
"2013-08-03 14:15:00",38387,0,0.347,0.301,0.275,0.292,0.059,0.043,0.047,0.052,29.2,27.83,27.05,27.56,18.61,17.77,17.97,18.27,0.324,0.306,0.001,14.65,16.42,247
"2013-08-03 14:30:00",38388,0,0.346,0.301,0.276,0.292,0.059,0.043,0.047,0.052,29.19,27.83,27.06,27.56,18.62,17.77,17.97,18.27,0.322,0.304,0.001,14.86,16.69,272.5
"2013-08-03 14:45:00",38389,0,0.346,0.301,0.276,0.292,0.059,0.043,0.047,0.052,29.19,27.83,27.06,27.56,18.64,17.77,17.97,18.27,0.32,0.301,0,15.03,16.93,359.6
"2013-08-03 15:00:00",38390,0,0.346,0.301,0.275,0.292,0.059,0.043,0.047,0.052,29.19,27.83,27.05,27.56,18.62,17.78,17.99,18.27,0.319,0.299,0,15.18,17.15,434.9
"2013-08-03 15:15:00",38391,0,0.346,0.301,0.275,0.291,0.059,0.043,0.047,0.052,29.19,27.83,27.05,27.55,18.64,17.78,17.99,18.27,0.317,0.297,0,15.32,17.35,435.8
"2013-08-03 15:30:00",38392,0,0.346,0.301,0.275,0.291,0.059,0.043,0.047,0.052,29.17,27.83,27.03,27.55,18.64,17.78,17.99,18.27,0.316,0.296,0,15.44,17.52,438.4
"2013-08-03 15:45:00",38393,0,0.346,0.3,0.275,0.291,0.059,0.043,0.047,0.053,29.17,27.82,27.05,27.55,18.64,17.78,17.99,18.28,0.315,0.294,0,15.55,17.66,439.1
"2013-08-03 16:00:00",38394,0,0.346,0.301,0.275,0.291,0.06,0.043,0.047,0.053,29.17,27.83,27.03,27.55,18.65,17.78,17.99,18.3,0.314,0.293,0,15.65,17.77,439
"2013-08-03 16:15:00",38395,0,0.346,0.3,0.275,0.291,0.06,0.043,0.047,0.053,29.17,27.82,27.03,27.53,18.65,17.8,18,18.28,0.313,0.292,0,15.73,17.86,440.3
"2013-08-03 16:30:00",38396,0,0.345,0.3,0.275,0.291,0.06,0.043,0.047,0.053,29.16,27.82,27.03,27.53,18.65,17.78,18,18.3,0.312,0.292,0,15.79,17.94,434.7
"2013-08-03 16:45:00",38397,0,0.345,0.3,0.275,0.291,0.059,0.043,0.047,0.053,29.16,27.82,27.03,27.53,18.64,17.78,18,18.3,0.312,0.291,0,15.82,17.97,382.2
"2013-08-03 17:00:00",38398,0,0.345,0.3,0.275,0.291,0.059,0.043,0.047,0.053,29.16,27.82,27.03,27.53,18.64,17.8,18,18.3,0.312,0.291,0,15.82,17.99,342.3
"2013-08-03 17:15:00",38399,0,0.345,0.3,0.275,0.29,0.059,0.043,0.047,0.053,29.16,27.82,27.03,27.52,18.64,17.8,18,18.28,0.312,0.291,"NAN",15.79,17.98,"NAN"
"2013-08-03 17:30:00",38400,0,0.345,0.3,0.275,0.29,0.059,0.043,0.047,0.053,29.16,27.82,27.03,27.52,18.64,17.8,18,18.3,0.313,0.292,0.002,15.73,17.94,206.5
"2013-08-03 17:45:00",38401,0,0.345,0.3,0.275,0.29,0.06,0.043,0.047,0.053,29.16,27.8,27.03,27.52,18.65,17.78,18,18.3,0.314,0.292,0.002,15.64,17.86,190
"2013-08-03 18:00:00",38402,0,0.345,0.3,0.274,0.29,0.059,0.043,0.047,0.053,29.16,27.8,27.02,27.52,18.64,17.8,18,18.28,0.315,0.293,"NAN",15.53,17.77,"NAN"
"2013-08-03 18:15:00",38403,0,0.345,0.3,0.274,0.29,0.059,0.043,0.047,0.053,29.15,27.8,27.02,27.52,18.64,17.8,18,18.28,0.316,0.294,0.002,15.4,17.66,191.6
"2013-08-03 18:30:00",38404,0,0.345,0.3,0.275,0.29,0.059,0.043,0.047,0.052,29.15,27.8,27.03,27.51,18.64,17.78,17.99,18.27,0.318,0.296,"NAN",15.26,17.52,"NAN"
"2013-08-03 18:45:00",38405,0,0.345,0.3,0.274,0.29,0.059,0.043,0.047,0.053,29.15,27.82,27.02,27.52,18.64,17.78,17.99,18.28,0.319,0.297,0.003,15.12,17.37,175.6
"2013-08-03 19:00:00",38406,0,0.345,0.3,0.274,0.29,0.059,0.043,0.047,0.052,29.15,27.8,27.02,27.52,18.64,17.78,17.99,18.27,0.321,0.298,"NAN",14.97,17.22,"NAN"
"2013-08-03 19:15:00",38407,0,0.345,0.299,0.274,0.29,0.059,0.043,0.047,0.052,29.15,27.79,27.02,27.51,18.62,17.78,17.99,18.27,0.322,0.3,"NAN",14.82,17.07,"NAN"
"2013-08-03 19:30:00",38408,0,0.345,0.3,0.274,0.29,0.059,0.043,0.047,0.052,29.15,27.8,27.02,27.51,18.62,17.78,17.99,18.27,0.324,0.301,"NAN",14.68,16.91,"NAN"
"2013-08-03 19:45:00",38409,0,0.345,0.299,0.274,0.29,0.059,0.043,0.047,0.052,29.16,27.79,27.02,27.51,18.62,17.78,17.99,18.27,0.325,0.303,0.005,14.54,16.74,157.6
"2013-08-03 20:00:00",38410,0,0.345,0.3,0.274,0.29,0.059,0.043,0.047,0.052,29.15,27.8,27.02,27.51,18.62,17.78,17.99,18.26,0.327,0.305,0.005,14.39,16.57,151.5
"2013-08-03 20:15:00",38411,0,0.345,0.3,0.274,0.29,0.059,0.043,0.047,0.052,29.15,27.8,27.02,27.51,18.62,17.77,17.99,18.26,0.328,0.306,0.007,14.24,16.41,142.5
"2013-08-03 20:30:00",38412,0,0.345,0.299,0.274,0.29,0.059,0.043,0.047,0.052,29.15,27.79,27.02,27.51,18.61,17.78,17.97,18.26,0.33,0.308,0.007,14.1,16.23,139.4
"2013-08-03 20:45:00",38413,0,0.345,0.299,0.274,0.29,0.059,0.043,0.047,0.052,29.15,27.79,27.02,27.51,18.61,17.77,17.97,18.26,0.331,0.31,0.008,13.95,16.06,132.2
"2013-08-03 21:00:00",38414,0,0.345,0.299,0.274,0.29,0.059,0.043,0.047,0.052,29.15,27.79,27.02,27.51,18.61,17.77,17.97,18.26,0.333,0.312,0.009,13.81,15.88,129.5
"2013-08-03 21:15:00",38415,0,0.345,0.299,0.274,0.29,0.059,0.043,0.046,0.052,29.15,27.79,27.02,27.49,18.61,17.77,17.96,18.26,0.334,0.313,0.01,13.67,15.71,127.2
"2013-08-03 21:30:00",38416,0,0.345,0.299,0.274,0.29,0.059,0.043,0.046,0.052,29.15,27.78,27.02,27.49,18.6,17.77,17.96,18.24,0.336,0.315,0.01,13.53,15.54,127.1
"2013-08-03 21:45:00",38417,0,0.345,0.299,0.274,0.29,0.058,0.043,0.046,0.052,29.15,27.78,27.02,27.49,18.58,17.75,17.96,18.24,0.337,0.317,0.009,13.4,15.38,129.2
"2013-08-03 22:00:00",38418,0,0.344,0.299,0.274,0.29,0.058,0.043,0.046,0.052,29.13,27.78,27.02,27.49,18.58,17.75,17.94,18.24,0.338,0.318,0.009,13.27,15.2,129.7
"2013-08-03 22:15:00",38419,0,0.345,0.299,0.274,0.29,0.058,0.043,0.046,0.051,29.15,27.78,27.02,27.51,18.58,17.75,17.96,18.23,0.34,0.32,"NAN",13.13,15.02,"NAN"
"2013-08-03 22:30:00",38420,0,0.345,0.299,0.274,0.29,0.058,0.043,0.046,0.051,29.15,27.78,27.02,27.49,18.58,17.75,17.94,18.23,0.341,0.322,"NAN",12.99,14.81,"NAN"
"2013-08-03 22:45:00",38421,0,0.345,0.299,0.274,0.29,0.058,0.043,0.046,0.051,29.15,27.78,27.02,27.51,18.57,17.75,17.94,18.23,0.343,0.324,"NAN",12.84,14.6,"NAN"
"2013-08-03 23:00:00",38422,0,0.345,0.299,0.274,0.29,0.058,0.043,0.046,0.051,29.15,27.78,27.02,27.51,18.58,17.75,17.94,18.23,0.344,0.327,"NAN",12.7,14.39,"NAN"
"2013-08-03 23:15:00",38423,0,0.345,0.298,0.274,0.29,0.058,0.043,0.046,0.051,29.15,27.76,27.02,27.49,18.57,17.75,17.93,18.22,0.346,0.329,"NAN",12.55,14.18,"NAN"
"2013-08-03 23:30:00",38424,0,0.345,0.298,0.274,0.29,0.058,0.043,0.046,0.051,29.16,27.76,27.02,27.49,18.57,17.75,17.94,18.22,0.347,0.331,"NAN",12.43,13.99,"NAN"
"2013-08-03 23:45:00",38425,0,0.345,0.299,0.274,0.29,0.058,0.042,0.046,0.051,29.15,27.78,27.02,27.49,18.55,17.74,17.94,18.22,0.349,0.333,"NAN",12.31,13.8,"NAN"
"2013-08-04 00:00:00",38426,0,0.345,0.298,0.274,0.29,0.058,0.042,0.046,0.051,29.15,27.76,27.02,27.51,18.55,17.74,17.94,18.23,0.35,0.335,"NAN",12.18,13.63,"NAN"
"2013-08-04 00:15:00",38427,0,0.345,0.299,0.274,0.29,0.058,0.042,0.046,0.051,29.16,27.78,27.02,27.49,18.57,17.74,17.93,18.22,0.351,0.336,"NAN",12.08,13.46,"NAN"
"2013-08-04 00:30:00",38428,0,0.345,0.298,0.275,0.29,0.058,0.042,0.046,0.051,29.16,27.76,27.03,27.49,18.55,17.74,17.93,18.2,0.352,0.338,"NAN",11.98,13.32,"NAN"
"2013-08-04 00:45:00",38429,0,0.345,0.298,0.274,0.29,0.058,0.042,0.046,0.051,29.16,27.76,27.02,27.49,18.55,17.74,17.93,18.22,0.353,0.339,"NAN",11.89,13.19,"NAN"
"2013-08-04 01:00:00",38430,0,0.345,0.299,0.274,0.29,0.058,0.042,0.046,0.051,29.15,27.78,27.02,27.49,18.55,17.74,17.93,18.2,0.354,0.34,0.017,11.82,13.06,104.8
"2013-08-04 01:15:00",38431,0,0.345,0.298,0.275,0.29,0.058,0.042,0.046,0.051,29.16,27.76,27.03,27.49,18.54,17.73,17.92,18.2,0.355,0.342,0.024,11.74,12.94,94.4
"2013-08-04 01:30:00",38432,0,0.345,0.298,0.274,0.29,0.058,0.042,0.046,0.051,29.15,27.76,27.02,27.49,18.54,17.73,17.93,18.2,0.355,0.343,0.029,11.67,12.83,87.6
"2013-08-04 01:45:00",38433,0,0.345,0.298,0.274,0.29,0.058,0.042,0.046,0.051,29.15,27.76,27.02,27.49,18.54,17.73,17.93,18.2,0.356,0.344,0.03,11.6,12.72,85.9
"2013-08-04 02:00:00",38434,0,0.345,0.298,0.274,0.29,0.057,0.042,0.046,0.051,29.16,27.76,27.02,27.49,18.53,17.73,17.92,18.2,0.357,0.345,0.029,11.54,12.61,87.2
"2013-08-04 02:15:00",38435,0,0.345,0.298,0.274,0.29,0.057,0.042,0.046,0.051,29.15,27.76,27.02,27.49,18.53,17.73,17.92,18.19,0.358,0.346,0.029,11.47,12.49,87.4
"2013-08-04 02:30:00",38436,0,0.345,0.298,0.275,0.29,0.058,0.042,0.046,0.051,29.16,27.75,27.03,27.51,18.54,17.73,17.93,18.2,0.359,0.348,0.03,11.39,12.38,86.6
"2013-08-04 02:45:00",38437,0,0.345,0.298,0.275,0.29,0.058,0.042,0.046,0.051,29.16,27.76,27.03,27.51,18.54,17.74,17.92,18.2,0.359,0.349,0.029,11.31,12.27,86.8
"2013-08-04 03:00:00",38438,0,0.345,0.298,0.275,0.29,0.058,0.042,0.046,0.051,29.16,27.75,27.03,27.51,18.54,17.73,17.93,18.2,0.36,0.35,"NAN",11.25,12.17,"NAN"
"2013-08-04 03:15:00",38439,0,0.345,0.298,0.275,0.29,0.058,0.042,0.046,0.051,29.16,27.75,27.03,27.51,18.54,17.73,17.92,18.2,0.361,0.351,0.349,11.2,12.1,12.29
"2013-08-04 03:30:00",38440,0,0.345,0.298,0.275,0.29,0.057,0.042,0.046,0.051,29.16,27.75,27.03,27.51,18.53,17.73,17.92,18.19,0.361,0.351,0.349,11.17,12.05,12.22
"2013-08-04 03:45:00",38441,0,0.345,0.298,0.275,0.29,0.058,0.042,0.046,0.051,29.16,27.75,27.03,27.49,18.54,17.73,17.92,18.19,0.361,0.352,0.35,11.15,12.01,12.16
"2013-08-04 04:00:00",38442,0,0.345,0.298,0.275,0.29,0.057,0.042,0.046,0.051,29.16,27.75,27.03,27.49,18.53,17.73,17.92,18.19,0.361,0.352,0.351,11.14,11.99,12.12
"2013-08-04 04:15:00",38443,0,0.345,0.298,0.274,0.29,0.057,0.042,0.046,0.051,29.16,27.75,27.02,27.49,18.53,17.73,17.92,18.19,0.361,0.352,0.351,11.13,11.97,12.09
"2013-08-04 04:30:00",38444,0,0.345,0.298,0.275,0.29,0.057,0.042,0.046,0.051,29.15,27.75,27.03,27.49,18.53,17.71,17.92,18.19,0.361,0.352,0.351,11.12,11.96,12.07
"2013-08-04 04:45:00",38445,0,0.345,0.298,0.274,0.29,0.057,0.042,0.045,0.051,29.16,27.75,27.02,27.49,18.53,17.71,17.9,18.19,0.362,0.352,0.351,11.11,11.94,12.08
"2013-08-04 05:00:00",38446,0,0.345,0.297,0.274,0.29,0.057,0.042,0.046,0.051,29.16,27.74,27.02,27.49,18.51,17.71,17.92,18.19,0.362,0.353,0.35,11.09,11.92,12.16
"2013-08-04 05:15:00",38447,0,0.345,0.297,0.274,0.29,0.057,0.042,0.045,0.05,29.16,27.74,27.02,27.49,18.51,17.71,17.9,18.17,0.362,0.353,0.346,11.06,11.89,12.56
"2013-08-04 05:30:00",38448,0,0.345,0.298,0.274,0.29,0.057,0.042,0.045,0.05,29.15,27.75,27.02,27.49,18.51,17.71,17.9,18.17,0.362,0.354,0.122,11.02,11.84,51.4
"2013-08-04 05:45:00",38449,0,0.345,0.297,0.274,0.29,0.057,0.041,0.045,0.05,29.15,27.74,27.02,27.49,18.51,17.7,17.89,18.17,0.363,0.354,0.045,10.97,11.77,74.5
"2013-08-04 06:00:00",38450,0,0.345,0.297,0.274,0.29,0.057,0.041,0.045,0.05,29.15,27.74,27.02,27.49,18.5,17.7,17.9,18.17,0.364,0.355,0.032,10.91,11.68,83.8
"2013-08-04 06:15:00",38451,0,0.345,0.297,0.275,0.29,0.057,0.042,0.045,0.05,29.15,27.72,27.03,27.49,18.5,17.71,17.9,18.16,0.364,0.356,0.029,10.84,11.59,87.3
"2013-08-04 06:30:00",38452,0,0.345,0.297,0.275,0.29,0.057,0.041,0.045,0.05,29.15,27.72,27.03,27.49,18.5,17.7,17.89,18.17,0.365,0.357,0.027,10.76,11.49,89.8
"2013-08-04 06:45:00",38453,0,0.345,0.297,0.275,0.29,0.057,0.041,0.045,0.05,29.16,27.74,27.03,27.49,18.5,17.7,17.9,18.17,0.366,0.359,0.025,10.68,11.37,92
"2013-08-04 07:00:00",38454,0,0.345,0.297,0.275,0.29,0.057,0.041,0.045,0.05,29.16,27.74,27.03,27.49,18.5,17.7,17.89,18.17,0.367,0.36,0.032,10.59,11.25,84.5
"2013-08-04 07:15:00",38455,0,0.345,0.298,0.275,0.29,0.057,0.041,0.045,0.05,29.16,27.75,27.03,27.49,18.5,17.7,17.89,18.17,0.368,0.361,0.035,10.51,11.13,81.1
"2013-08-04 07:30:00",38456,0,0.345,0.297,0.275,0.29,0.057,0.041,0.045,0.05,29.16,27.74,27.03,27.49,18.5,17.7,17.89,18.16,0.369,0.363,0.04,10.43,11.02,77.1
"2013-08-04 07:45:00",38457,0,0.345,0.297,0.275,0.29,0.057,0.041,0.045,0.05,29.16,27.74,27.05,27.49,18.5,17.7,17.9,18.16,0.37,0.364,0.046,10.38,10.93,72.84
"2013-08-04 08:00:00",38458,0,0.346,0.298,0.275,0.29,0.057,0.041,0.045,0.05,29.17,27.75,27.05,27.49,18.5,17.7,17.89,18.17,0.37,0.364,0.048,10.33,10.85,71.1
"2013-08-04 08:15:00",38459,0,0.346,0.298,0.275,0.29,0.057,0.042,0.045,0.05,29.17,27.75,27.03,27.49,18.51,17.71,17.9,18.17,0.37,0.365,0.026,10.3,10.81,105.9
"2013-08-04 08:30:00",38460,0,0.346,0.298,0.275,0.29,0.057,0.042,0.045,0.05,29.17,27.76,27.03,27.49,18.51,17.71,17.9,18.17,0.37,0.365,0.252,10.31,10.82,48.77
"2013-08-04 08:45:00",38461,0,0.346,0.298,0.275,0.29,0.057,0.042,0.046,0.05,29.17,27.76,27.05,27.49,18.51,17.71,17.92,18.17,0.37,0.364,0.358,10.36,10.9,11.47
"2013-08-04 09:00:00",38462,0,0.346,0.298,0.275,0.29,0.057,0.042,0.045,0.05,29.17,27.75,27.05,27.49,18.51,17.71,17.9,18.17,0.369,0.363,0.357,10.44,11.01,11.48
"2013-08-04 09:15:00",38463,0,0.346,0.298,0.275,0.29,0.057,0.042,0.046,0.051,29.17,27.76,27.03,27.49,18.53,17.71,17.92,18.19,0.368,0.361,0.356,10.54,11.14,11.63
"2013-08-04 09:30:00",38464,0,0.346,0.298,0.275,0.29,0.057,0.042,0.046,0.051,29.17,27.76,27.05,27.49,18.53,17.73,17.92,18.19,0.367,0.36,"NAN",10.66,11.28,"NAN"
"2013-08-04 09:45:00",38465,0,0.346,0.298,0.275,0.29,0.057,0.042,0.046,0.051,29.17,27.76,27.05,27.51,18.53,17.73,17.92,18.2,0.365,0.358,0.001,10.81,11.44,275.9
"2013-08-04 10:00:00",38466,0,0.346,0.298,0.275,0.29,0.058,0.042,0.046,0.051,29.17,27.75,27.05,27.49,18.54,17.73,17.92,18.19,0.363,0.356,0.001,11.01,11.65,275.3
"2013-08-04 10:15:00",38467,0,0.345,0.298,0.275,0.29,0.058,0.042,0.046,0.051,29.16,27.75,27.05,27.49,18.54,17.73,17.92,18.2,0.36,0.353,0.001,11.26,11.91,278.3
"2013-08-04 10:30:00",38468,0,0.345,0.298,0.275,0.29,0.058,0.042,0.046,0.051,29.16,27.76,27.03,27.51,18.54,17.74,17.93,18.2,0.357,0.35,"NAN",11.56,12.2,"NAN"
"2013-08-04 10:45:00",38469,0,0.345,0.298,0.275,0.29,0.058,0.042,0.046,0.051,29.16,27.76,27.03,27.49,18.54,17.74,17.93,18.2,0.353,0.346,"NAN",11.86,12.53,"NAN"
"2013-08-04 11:00:00",38470,0,0.345,0.298,0.275,0.29,0.058,0.042,0.046,0.051,29.16,27.75,27.03,27.49,18.55,17.74,17.94,18.22,0.35,0.342,0.001,12.16,12.88,269.1
"2013-08-04 11:15:00",38471,0,0.345,0.297,0.275,0.29,0.058,0.043,0.046,0.051,29.16,27.74,27.03,27.49,18.57,17.75,17.94,18.23,0.347,0.338,0.001,12.47,13.26,275.6
"2013-08-04 11:30:00",38472,0,0.345,0.298,0.275,0.29,0.058,0.043,0.046,0.051,29.16,27.75,27.03,27.49,18.57,17.75,17.94,18.23,0.343,0.334,0.001,12.8,13.66,282.2
"2013-08-04 11:45:00",38473,0,0.345,0.297,0.275,0.289,0.058,0.043,0.046,0.052,29.15,27.74,27.03,27.48,18.57,17.75,17.94,18.24,0.34,0.33,0,13.11,14.06,293.3
"2013-08-04 12:00:00",38474,0,0.345,0.297,0.275,0.289,0.058,0.043,0.046,0.052,29.15,27.74,27.03,27.48,18.58,17.75,17.96,18.24,0.336,0.326,0,13.44,14.46,304
"2013-08-04 12:15:00",38475,0,0.345,0.297,0.274,0.289,0.058,0.043,0.046,0.052,29.15,27.74,27.02,27.48,18.58,17.77,17.96,18.24,0.333,0.322,0,13.76,14.86,303.7
"2013-08-04 12:30:00",38476,0,0.344,0.298,0.274,0.289,0.059,0.043,0.047,0.052,29.13,27.75,27.02,27.48,18.6,17.77,17.97,18.26,0.33,0.318,0,14.04,15.24,327
"2013-08-04 12:45:00",38477,0,0.344,0.297,0.274,0.289,0.059,0.043,0.046,0.052,29.13,27.74,27.02,27.47,18.6,17.77,17.96,18.26,0.328,0.314,0,14.29,15.59,324.5
"2013-08-04 13:00:00",38478,0,0.344,0.297,0.274,0.289,0.059,0.043,0.047,0.052,29.13,27.74,27.02,27.47,18.6,17.77,17.97,18.26,0.325,0.311,0,14.54,15.94,338.1
"2013-08-04 13:15:00",38479,0,0.344,0.297,0.274,0.288,0.059,0.043,0.047,0.052,29.13,27.74,27.02,27.45,18.61,17.78,17.97,18.27,0.322,0.308,0,14.8,16.27,342.8
"2013-08-04 13:30:00",38480,0,0.344,0.297,0.274,0.289,0.059,0.043,0.047,0.052,29.13,27.74,27.02,27.47,18.61,17.78,17.99,18.27,0.32,0.305,0,15.05,16.57,345
"2013-08-04 13:45:00",38481,0,0.344,0.297,0.274,0.288,0.059,0.043,0.047,0.052,29.13,27.74,27.02,27.45,18.62,17.78,17.99,18.27,0.317,0.302,0,15.3,16.86,344.1
"2013-08-04 14:00:00",38482,0,0.343,0.297,0.274,0.288,0.059,0.043,0.047,0.053,29.11,27.74,27.02,27.45,18.64,17.78,17.99,18.28,0.315,0.299,0,15.54,17.13,341.5
"2013-08-04 14:15:00",38483,0,0.343,0.297,0.274,0.288,0.059,0.043,0.047,0.053,29.11,27.74,27.02,27.45,18.62,17.8,18,18.28,0.313,0.297,0,15.76,17.38,324.6
"2013-08-04 14:30:00",38484,0,0.342,0.298,0.274,0.288,0.059,0.043,0.047,0.053,29.08,27.75,27.02,27.44,18.64,17.78,18,18.28,0.311,0.295,0,15.93,17.6,359
"2013-08-04 14:45:00",38485,0,0.342,0.297,0.274,0.288,0.059,0.043,0.047,0.053,29.07,27.74,27,27.44,18.64,17.8,18,18.3,0.31,0.293,0,16.07,17.79,383.5
"2013-08-04 15:00:00",38486,0,0.342,0.297,0.274,0.288,0.059,0.043,0.047,0.053,29.07,27.72,27,27.44,18.64,17.78,18,18.3,0.309,0.291,0,16.19,17.97,380.5
"2013-08-04 15:15:00",38487,0,0.342,0.297,0.274,0.287,0.06,0.043,0.047,0.053,29.05,27.72,27,27.43,18.65,17.8,18.01,18.3,0.308,0.29,0,16.28,18.12,389.2
"2013-08-04 15:30:00",38488,0,0.342,0.297,0.274,0.288,0.06,0.043,0.047,0.053,29.05,27.72,27,27.44,18.65,17.8,18.01,18.3,0.307,0.289,0.001,16.34,18.23,314.3
"2013-08-04 15:45:00",38489,0,0.341,0.297,0.274,0.287,0.059,0.043,0.047,0.053,29.04,27.74,27,27.43,18.64,17.78,18,18.3,0.307,0.288,0.004,16.38,18.31,176
"2013-08-04 16:00:00",38490,0,0.341,0.297,0.274,0.287,0.06,0.043,0.047,0.053,29.04,27.72,27,27.43,18.65,17.78,18,18.3,0.307,0.288,0.002,16.38,18.35,205.7
"2013-08-04 16:15:00",38491,0,0.342,0.297,0.274,0.287,0.06,0.043,0.047,0.053,29.05,27.74,27,27.43,18.65,17.8,18.01,18.3,0.307,0.288,"NAN",16.34,18.34,"NAN"
"2013-08-04 16:30:00",38492,0,0.341,0.297,0.274,0.287,0.06,0.043,0.047,0.053,29.04,27.72,26.99,27.43,18.65,17.8,18.01,18.28,0.308,0.288,0.004,16.28,18.31,161.1
"2013-08-04 16:45:00",38493,0,0.342,0.297,0.274,0.287,0.06,0.043,0.047,0.053,29.05,27.72,27,27.41,18.65,17.8,18.01,18.3,0.308,0.289,0.001,16.2,18.26,327
"2013-08-04 17:00:00",38494,0,0.341,0.297,0.274,0.287,0.059,0.043,0.047,0.053,29.04,27.72,26.99,27.41,18.64,17.8,18,18.28,0.309,0.289,0,16.12,18.2,370.1
"2013-08-04 17:15:00",38495,0,0.341,0.297,0.274,0.287,0.06,0.043,0.047,0.053,29.03,27.71,26.99,27.41,18.65,17.8,18,18.3,0.31,0.29,"NAN",16.03,18.12,"NAN"
"2013-08-04 17:30:00",38496,0,0.341,0.297,0.273,0.287,0.059,0.043,0.047,0.053,29.03,27.71,26.98,27.41,18.64,17.8,18.01,18.3,0.311,0.291,0.001,15.92,18.02,263.2
"2013-08-04 17:45:00",38497,0,0.341,0.296,0.274,0.287,0.059,0.043,0.047,0.053,29.03,27.7,26.99,27.41,18.64,17.8,18,18.3,0.312,0.292,"NAN",15.81,17.91,"NAN"
"2013-08-04 18:00:00",38498,0,0.341,0.297,0.274,0.287,0.059,0.043,0.047,0.052,29.03,27.71,26.99,27.41,18.64,17.8,18.01,18.27,0.314,0.293,"NAN",15.66,17.77,"NAN"
"2013-08-04 18:15:00",38499,0,0.341,0.296,0.274,0.287,0.059,0.043,0.047,0.053,29.03,27.7,26.99,27.4,18.64,17.78,18,18.28,0.315,0.295,"NAN",15.49,17.61,"NAN"
"2013-08-04 18:30:00",38500,0,0.341,0.296,0.274,0.287,0.059,0.043,0.047,0.053,29.03,27.7,26.99,27.41,18.64,17.8,18,18.28,0.317,0.296,0.002,15.32,17.44,199.5
"2013-08-04 18:45:00",38501,0,0.341,0.296,0.274,0.287,0.059,0.043,0.047,0.052,29.03,27.7,26.99,27.4,18.62,17.78,18,18.27,0.319,0.298,"NAN",15.15,17.27,"NAN"
"2013-08-04 19:00:00",38502,0,0.341,0.296,0.274,0.287,0.059,0.043,0.047,0.052,29.03,27.7,26.99,27.4,18.62,17.78,17.99,18.27,0.321,0.3,"NAN",14.98,17.08,"NAN"
"2013-08-04 19:15:00",38503,0,0.341,0.296,0.274,0.287,0.059,0.043,0.047,0.052,29.03,27.68,26.99,27.4,18.62,17.78,17.99,18.26,0.322,0.302,0.002,14.81,16.9,188.4
"2013-08-04 19:30:00",38504,0,0.34,0.296,0.273,0.286,0.059,0.043,0.047,0.052,29.01,27.7,26.98,27.38,18.61,17.78,17.97,18.26,0.324,0.303,0.002,14.64,16.72,190.2
"2013-08-04 19:45:00",38505,0,0.34,0.296,0.274,0.287,0.059,0.043,0.047,0.052,29.01,27.68,26.99,27.4,18.61,17.77,17.97,18.26,0.326,0.305,"NAN",14.48,16.53,"NAN"
"2013-08-04 20:00:00",38506,0,0.341,0.296,0.274,0.287,0.059,0.043,0.047,0.052,29.03,27.7,26.99,27.4,18.61,17.77,17.97,18.26,0.327,0.307,"NAN",14.32,16.33,"NAN"
"2013-08-04 20:15:00",38507,0,0.34,0.295,0.274,0.287,0.059,0.043,0.047,0.052,29.01,27.67,26.99,27.4,18.6,17.77,17.97,18.26,0.329,0.309,"NAN",14.16,16.13,"NAN"
"2013-08-04 20:30:00",38508,0,0.34,0.295,0.274,0.286,0.059,0.043,0.047,0.052,29.01,27.67,26.99,27.38,18.6,17.77,17.97,18.24,0.331,0.311,"NAN",14,15.92,"NAN"
"2013-08-04 20:45:00",38509,0,0.34,0.295,0.273,0.286,0.058,0.043,0.047,0.052,29.01,27.67,26.98,27.38,18.58,17.75,17.97,18.24,0.332,0.313,"NAN",13.83,15.71,"NAN"
"2013-08-04 21:00:00",38510,0,0.34,0.295,0.273,0.286,0.058,0.043,0.046,0.052,29,27.67,26.98,27.38,18.58,17.75,17.96,18.24,0.334,0.315,"NAN",13.66,15.49,"NAN"
"2013-08-04 21:15:00",38511,0,0.34,0.295,0.273,0.287,0.058,0.043,0.046,0.051,29.01,27.67,26.98,27.4,18.58,17.75,17.96,18.23,0.336,0.318,0.001,13.49,15.27,238.5
"2013-08-04 21:30:00",38512,0,0.34,0.295,0.274,0.287,0.058,0.043,0.046,0.051,29.01,27.67,26.99,27.4,18.58,17.75,17.94,18.23,0.338,0.32,"NAN",13.32,15.05,"NAN"
"2013-08-04 21:45:00",38513,0,0.34,0.295,0.273,0.286,0.058,0.042,0.046,0.051,29.01,27.66,26.98,27.38,18.57,17.74,17.94,18.22,0.34,0.322,0.257,13.13,14.83,21.83
"2013-08-04 22:00:00",38514,0,0.34,0.295,0.274,0.286,0.058,0.043,0.046,0.051,29,27.67,26.99,27.38,18.57,17.75,17.94,18.22,0.342,0.324,0.264,12.96,14.6,21.03
"2013-08-04 22:15:00",38515,0,0.34,0.295,0.274,0.287,0.058,0.043,0.046,0.051,29.01,27.66,26.99,27.4,18.55,17.75,17.94,18.22,0.344,0.327,0.263,12.78,14.37,21.07
"2013-08-04 22:30:00",38516,0,0.34,0.295,0.273,0.286,0.058,0.042,0.046,0.051,29.01,27.66,26.98,27.38,18.55,17.74,17.93,18.2,0.345,0.329,0.267,12.6,14.14,20.66
"2013-08-04 22:45:00",38517,0,0.34,0.295,0.274,0.287,0.058,0.042,0.046,0.051,29,27.66,26.99,27.4,18.55,17.74,17.94,18.2,0.347,0.332,0.267,12.43,13.91,20.67
"2013-08-04 23:00:00",38518,0,0.34,0.295,0.274,0.286,0.058,0.042,0.046,0.051,29.01,27.66,26.99,27.38,18.54,17.73,17.94,18.2,0.349,0.334,0.275,12.27,13.67,19.71
"2013-08-04 23:15:00",38519,0,0.34,0.295,0.274,0.286,0.058,0.042,0.046,0.051,29.01,27.66,26.99,27.38,18.54,17.74,17.92,18.19,0.351,0.336,0.281,12.11,13.44,19.09
"2013-08-04 23:30:00",38520,0,0.34,0.295,0.274,0.286,0.057,0.042,0.046,0.051,29.01,27.66,26.99,27.38,18.53,17.73,17.93,18.19,0.352,0.339,0.284,11.96,13.22,18.78
"2013-08-04 23:45:00",38521,0,0.34,0.295,0.274,0.286,0.058,0.042,0.046,0.051,29.01,27.66,26.99,27.38,18.54,17.74,17.92,18.19,0.354,0.341,0.284,11.82,12.99,18.72
"2013-08-05 00:00:00",38522,0,0.34,0.295,0.274,0.287,0.057,0.042,0.046,0.051,29.01,27.66,26.99,27.4,18.53,17.73,17.92,18.19,0.355,0.343,0.28,11.68,12.79,19.21
"2013-08-05 00:15:00",38523,0,0.34,0.295,0.274,0.286,0.057,0.042,0.046,0.051,29.01,27.66,27,27.38,18.53,17.73,17.93,18.19,0.357,0.346,0.288,11.55,12.59,18.35
"2013-08-05 00:30:00",38524,0,0.34,0.295,0.274,0.287,0.058,0.042,0.046,0.051,29.01,27.66,26.99,27.4,18.54,17.73,17.92,18.19,0.358,0.347,0.291,11.43,12.41,17.95
"2013-08-05 00:45:00",38525,0,0.34,0.295,0.274,0.287,0.057,0.042,0.046,0.051,29.01,27.66,26.99,27.4,18.53,17.73,17.92,18.19,0.359,0.349,0.293,11.33,12.24,17.77
"2013-08-05 01:00:00",38526,0,0.341,0.295,0.274,0.287,0.057,0.042,0.046,0.05,29.03,27.66,27,27.4,18.53,17.73,17.92,18.17,0.36,0.351,0.295,11.25,12.11,17.6
"2013-08-05 01:15:00",38527,0,0.34,0.295,0.274,0.287,0.057,0.042,0.046,0.051,29.01,27.66,27,27.4,18.53,17.73,17.92,18.19,0.361,0.352,0.297,11.17,11.98,17.42
"2013-08-05 01:30:00",38528,0,0.341,0.295,0.274,0.287,0.057,0.042,0.046,0.05,29.03,27.66,26.99,27.4,18.53,17.73,17.92,18.17,0.362,0.353,0.297,11.1,11.86,17.33
"2013-08-05 01:45:00",38529,0,0.341,0.294,0.274,0.287,0.057,0.042,0.046,0.051,29.03,27.64,26.99,27.4,18.51,17.73,17.92,18.19,0.362,0.354,0.292,11.04,11.76,17.95
"2013-08-05 02:00:00",38530,0,0.34,0.295,0.274,0.287,0.057,0.042,0.045,0.05,29.01,27.66,27,27.4,18.51,17.71,17.9,18.17,0.363,0.356,0.272,10.99,11.66,20.07
"2013-08-05 02:15:00",38531,0,0.341,0.295,0.274,0.287,0.057,0.042,0.045,0.05,29.03,27.66,26.99,27.4,18.51,17.73,17.9,18.17,0.363,0.356,0.273,10.94,11.58,19.91
"2013-08-05 02:30:00",38532,0,0.341,0.294,0.274,0.286,0.057,0.042,0.045,0.05,29.03,27.64,27,27.38,18.51,17.71,17.9,18.17,0.364,0.357,0.278,10.89,11.51,19.43
"2013-08-05 02:45:00",38533,0,0.34,0.294,0.274,0.286,0.057,0.042,0.045,0.05,29.01,27.64,26.99,27.38,18.5,17.71,17.9,18.17,0.364,0.358,0.284,10.85,11.44,18.76
"2013-08-05 03:00:00",38534,0,0.34,0.294,0.274,0.286,0.057,0.041,0.045,0.05,29.01,27.64,26.99,27.38,18.5,17.7,17.89,18.16,0.365,0.359,0.299,10.8,11.38,17.12
"2013-08-05 03:15:00",38535,0,0.34,0.294,0.274,0.286,0.056,0.041,0.045,0.05,29.01,27.63,27,27.38,18.49,17.7,17.89,18.16,0.366,0.359,0.305,10.74,11.31,16.57
"2013-08-05 03:30:00",38536,0,0.34,0.294,0.274,0.287,0.056,0.041,0.045,0.05,29.01,27.63,26.99,27.4,18.49,17.7,17.89,18.16,0.367,0.36,0.306,10.65,11.22,16.43
"2013-08-05 03:45:00",38537,0,0.34,0.294,0.274,0.286,0.056,0.041,0.045,0.05,29.01,27.63,26.99,27.38,18.49,17.69,17.88,18.16,0.368,0.362,0.307,10.56,11.11,16.33
"2013-08-05 04:00:00",38538,0,0.34,0.294,0.274,0.287,0.056,0.041,0.045,0.05,29.01,27.63,27,27.4,18.49,17.7,17.89,18.15,0.369,0.363,0.308,10.46,10.98,16.25
"2013-08-05 04:15:00",38539,0,0.34,0.294,0.274,0.286,0.056,0.041,0.045,0.05,29,27.64,26.99,27.38,18.49,17.7,17.89,18.15,0.37,0.364,0.309,10.35,10.85,16.18
"2013-08-05 04:30:00",38540,0,0.34,0.294,0.274,0.287,0.056,0.041,0.045,0.05,29.01,27.63,26.99,27.4,18.49,17.7,17.88,18.15,0.371,0.366,0.31,10.24,10.72,16.02
"2013-08-05 04:45:00",38541,0,0.34,0.294,0.274,0.287,0.056,0.041,0.045,0.05,29,27.63,27,27.4,18.47,17.69,17.89,18.15,0.372,0.367,0.31,10.14,10.59,16.02
"2013-08-05 05:00:00",38542,0,0.34,0.294,0.274,0.286,0.056,0.041,0.045,0.05,29.01,27.63,27,27.38,18.47,17.7,17.88,18.13,0.373,0.369,0.312,10.05,10.47,15.87
"2013-08-05 05:15:00",38543,0,0.34,0.294,0.274,0.286,0.056,0.041,0.045,0.05,29,27.62,27,27.38,18.47,17.69,17.88,18.13,0.374,0.37,0.316,9.97,10.35,15.44
"2013-08-05 05:30:00",38544,0,0.34,0.294,0.274,0.286,0.056,0.041,0.045,0.05,29.01,27.62,27,27.38,18.47,17.69,17.88,18.13,0.375,0.371,0.319,9.88,10.24,15.09
"2013-08-05 05:45:00",38545,0,0.34,0.294,0.274,0.286,0.056,0.041,0.045,0.05,29.01,27.62,27,27.38,18.46,17.67,17.86,18.13,0.376,0.372,0.323,9.79,10.13,14.77
"2013-08-05 06:00:00",38546,0,0.34,0.294,0.274,0.286,0.056,0.041,0.045,0.049,29.01,27.63,27,27.37,18.46,17.67,17.88,18.12,0.377,0.374,0.324,9.7,10.01,14.61
"2013-08-05 06:15:00",38547,0,0.34,0.294,0.274,0.286,0.056,0.041,0.045,0.049,29.01,27.62,27,27.37,18.46,17.67,17.86,18.12,0.378,0.375,0.326,9.6,9.89,14.43
"2013-08-05 06:30:00",38548,0,0.34,0.294,0.274,0.286,0.056,0.041,0.045,0.049,29.01,27.62,27,27.38,18.46,17.67,17.86,18.12,0.38,0.377,0.325,9.5,9.76,14.53
"2013-08-05 06:45:00",38549,0,0.34,0.294,0.274,0.286,0.056,0.041,0.045,0.049,29.01,27.62,26.99,27.38,18.45,17.67,17.86,18.12,0.381,0.378,0.324,9.39,9.62,14.6
"2013-08-05 07:00:00",38550,0,0.34,0.294,0.274,0.286,0.056,0.041,0.045,0.049,29.01,27.62,26.99,27.38,18.45,17.67,17.86,18.12,0.382,0.38,0.322,9.27,9.48,14.81
"2013-08-05 07:15:00",38551,0,0.34,0.293,0.274,0.286,0.056,0.041,0.044,0.049,29.01,27.6,27,27.38,18.46,17.67,17.85,18.12,0.383,0.381,0.324,9.16,9.34,14.68
"2013-08-05 07:30:00",38552,0,0.34,0.294,0.274,0.286,0.056,0.041,0.045,0.049,29.01,27.62,27,27.38,18.46,17.67,17.86,18.12,0.385,0.383,0.302,9.06,9.21,16.9
"2013-08-05 07:45:00",38553,0,0.341,0.294,0.274,0.286,0.056,0.041,0.045,0.05,29.03,27.62,27,27.38,18.46,17.69,17.86,18.13,0.386,0.384,0.288,8.96,9.08,18.31
"2013-08-05 08:00:00",38554,0,0.341,0.294,0.274,0.287,0.056,0.041,0.045,0.05,29.04,27.63,27,27.4,18.47,17.69,17.86,18.13,0.387,0.386,0.303,8.88,8.97,16.8
"2013-08-05 08:15:00",38555,0,0.341,0.294,0.274,0.287,0.056,0.041,0.045,0.05,29.04,27.63,27.02,27.4,18.47,17.69,17.88,18.15,0.387,0.386,0.329,8.83,8.93,14.13
"2013-08-05 08:30:00",38556,0,0.341,0.294,0.274,0.287,0.056,0.041,0.045,0.05,29.04,27.64,27.02,27.4,18.49,17.69,17.88,18.15,0.387,0.386,0.337,8.83,8.97,13.4
"2013-08-05 08:45:00",38557,0,0.341,0.294,0.274,0.287,0.056,0.041,0.045,0.05,29.04,27.63,27.02,27.4,18.47,17.7,17.88,18.15,0.386,0.384,0.332,8.89,9.09,13.9
"2013-08-05 09:00:00",38558,0,0.341,0.294,0.274,0.287,0.056,0.041,0.045,0.05,29.04,27.63,27.02,27.4,18.49,17.69,17.88,18.15,0.385,0.382,0.231,9,9.3,93.2
"2013-08-05 09:15:00",38559,0,0.341,0.294,0.274,0.287,0.056,0.041,0.045,0.05,29.04,27.64,27.02,27.4,18.49,17.7,17.89,18.15,0.383,0.379,0,9.15,9.56,341.4
"2013-08-05 09:30:00",38560,0,0.341,0.294,0.274,0.287,0.056,0.041,0.045,0.05,29.04,27.64,27.02,27.4,18.49,17.7,17.89,18.15,0.381,0.376,0,9.35,9.84,332.3
"2013-08-05 09:45:00",38561,0,0.341,0.294,0.274,0.287,0.057,0.041,0.045,0.05,29.04,27.64,27.02,27.4,18.5,17.7,17.9,18.16,0.379,0.372,0,9.58,10.16,330.4
"2013-08-05 10:00:00",38562,0,0.341,0.294,0.274,0.287,0.057,0.041,0.045,0.05,29.04,27.64,27.02,27.4,18.51,17.7,17.9,18.17,0.376,0.369,0,9.84,10.48,336.1
"2013-08-05 10:15:00",38563,0,0.341,0.294,0.274,0.287,0.057,0.041,0.045,0.05,29.04,27.64,27.02,27.4,18.51,17.7,17.9,18.17,0.372,0.365,0,10.14,10.83,347.6
"2013-08-05 10:30:00",38564,0,0.341,0.295,0.274,0.287,0.057,0.042,0.045,0.051,29.04,27.66,27.02,27.4,18.51,17.71,17.9,18.19,0.368,0.361,0,10.49,11.19,346.4
"2013-08-05 10:45:00",38565,0,0.341,0.294,0.274,0.287,0.057,0.042,0.046,0.051,29.04,27.64,27.02,27.4,18.51,17.71,17.92,18.19,0.364,0.356,0,10.84,11.58,311.3
"2013-08-05 11:00:00",38566,0,0.341,0.294,0.274,0.286,0.057,0.042,0.046,0.051,29.03,27.64,27.02,27.38,18.53,17.71,17.92,18.19,0.361,0.352,0.001,11.19,11.99,282.3
"2013-08-05 11:15:00",38567,0,0.341,0.294,0.274,0.286,0.058,0.042,0.046,0.051,29.03,27.63,27.02,27.38,18.54,17.71,17.92,18.2,0.357,0.347,0.001,11.55,12.42,258
"2013-08-05 11:30:00",38568,0,0.341,0.294,0.274,0.286,0.058,0.042,0.046,0.051,29.03,27.63,27.02,27.38,18.54,17.74,17.92,18.2,0.353,0.342,0.001,11.94,12.88,271.2
"2013-08-05 11:45:00",38569,0,0.341,0.294,0.274,0.286,0.058,0.042,0.046,0.051,29.03,27.63,27.02,27.38,18.55,17.74,17.93,18.22,0.348,0.338,0.001,12.31,13.32,272.4
"2013-08-05 12:00:00",38570,0,0.34,0.294,0.274,0.286,0.058,0.042,0.046,0.051,29.01,27.63,27,27.37,18.55,17.74,17.93,18.22,0.344,0.333,0.001,12.69,13.79,283.6
"2013-08-05 12:15:00",38571,0,0.34,0.294,0.274,0.286,0.058,0.042,0.046,0.051,29.01,27.64,27,27.37,18.57,17.74,17.94,18.23,0.34,0.328,0,13.06,14.24,289.8
"2013-08-05 12:30:00",38572,0,0.34,0.294,0.274,0.286,0.058,0.042,0.046,0.051,29,27.63,27,27.37,18.57,17.74,17.94,18.23,0.337,0.324,0,13.4,14.65,289.4
"2013-08-05 12:45:00",38573,0,0.34,0.294,0.274,0.286,0.058,0.042,0.046,0.052,29,27.63,27,27.37,18.58,17.74,17.96,18.24,0.334,0.32,0.001,13.7,15.04,276.6
"2013-08-05 13:00:00",38574,0,0.34,0.294,0.274,0.286,0.058,0.043,0.046,0.052,29,27.64,27,27.37,18.58,17.75,17.96,18.24,0.331,0.316,0.001,14.01,15.41,269.7
"2013-08-05 13:15:00",38575,0,0.34,0.294,0.274,0.285,0.059,0.043,0.046,0.052,29,27.64,27,27.36,18.6,17.77,17.96,18.24,0.327,0.313,0.001,14.32,15.77,269.1
"2013-08-05 13:30:00",38576,0,0.34,0.294,0.274,0.285,0.059,0.043,0.046,0.052,29,27.64,27,27.36,18.61,17.77,17.96,18.26,0.324,0.309,0.001,14.62,16.1,266.5
"2013-08-05 13:45:00",38577,0,0.339,0.294,0.274,0.285,0.059,0.043,0.047,0.052,28.98,27.63,26.99,27.34,18.6,17.77,17.97,18.26,0.321,0.306,0.001,14.92,16.41,268.1
"2013-08-05 14:00:00",38578,0,0.34,0.294,0.274,0.285,0.059,0.043,0.047,0.052,29,27.64,26.99,27.34,18.61,17.77,17.97,18.26,0.318,0.303,0.001,15.23,16.7,268.7
"2013-08-05 14:15:00",38579,0,0.34,0.297,0.274,0.284,0.059,0.043,0.047,0.052,29.01,27.71,26.99,27.33,18.62,17.77,17.99,18.27,0.315,0.301,0.001,15.52,16.98,275.5
"2013-08-05 14:30:00",38580,0,0.344,0.301,0.274,0.286,0.059,0.043,0.047,0.052,29.12,27.83,27,27.37,18.64,17.77,17.97,18.27,0.312,0.298,0,15.79,17.23,291.5
"2013-08-05 14:45:00",38581,0,0.345,0.302,0.274,0.287,0.059,0.043,0.047,0.053,29.15,27.87,27.02,27.4,18.64,17.77,17.99,18.28,0.311,0.296,0,15.97,17.46,353.2
"2013-08-05 15:00:00",38582,0,0.345,0.302,0.275,0.287,0.059,0.043,0.047,0.053,29.15,27.87,27.03,27.41,18.64,17.78,17.99,18.28,0.309,0.294,0,16.12,17.67,372.6
"2013-08-05 15:15:00",38583,0,0.345,0.302,0.275,0.287,0.06,0.043,0.047,0.053,29.16,27.87,27.03,27.43,18.65,17.78,17.99,18.28,0.308,0.292,0,16.25,17.86,379.1
"2013-08-05 15:30:00",38584,0,0.345,0.302,0.275,0.288,0.06,0.043,0.047,0.053,29.15,27.89,27.03,27.44,18.65,17.8,18,18.3,0.307,0.291,0,16.35,18.03,375.5
"2013-08-05 15:45:00",38585,0,0.345,0.302,0.275,0.288,0.06,0.043,0.047,0.053,29.16,27.87,27.03,27.45,18.65,17.8,18,18.28,0.306,0.289,0,16.45,18.18,388.5
"2013-08-05 16:00:00",38586,0,0.345,0.302,0.275,0.288,0.06,0.043,0.047,0.053,29.15,27.89,27.03,27.45,18.65,17.8,18,18.3,0.305,0.288,0,16.53,18.29,388.8
"2013-08-05 16:15:00",38587,0,0.345,0.302,0.275,0.288,0.06,0.043,0.047,0.053,29.15,27.87,27.03,27.45,18.65,17.8,18,18.3,0.305,0.287,0,16.59,18.39,385.8
"2013-08-05 16:30:00",38588,0,0.345,0.302,0.275,0.288,0.06,0.043,0.047,0.053,29.15,27.89,27.03,27.45,18.65,17.8,18.01,18.3,0.304,0.287,0,16.63,18.46,375.5
"2013-08-05 16:45:00",38589,0,0.345,0.302,0.275,0.289,0.06,0.043,0.047,0.053,29.15,27.87,27.05,27.47,18.65,17.8,18.01,18.3,0.304,0.286,0,16.65,18.51,356.9
"2013-08-05 17:00:00",38590,0,0.344,0.302,0.275,0.288,0.06,0.043,0.047,0.053,29.13,27.87,27.05,27.45,18.65,17.8,18,18.3,0.304,0.286,0,16.63,18.53,304.8
"2013-08-05 17:15:00",38591,0,0.344,0.302,0.275,0.288,0.06,0.043,0.047,0.053,29.13,27.89,27.03,27.45,18.65,17.8,18,18.28,0.305,0.286,0,16.59,18.52,330.3
"2013-08-05 17:30:00",38592,0,0.344,0.302,0.275,0.288,0.059,0.043,0.047,0.053,29.13,27.87,27.03,27.45,18.64,17.8,18.01,18.3,0.305,0.286,0,16.52,18.49,306
"2013-08-05 17:45:00",38593,0,0.344,0.302,0.275,0.288,0.059,0.043,0.047,0.053,29.12,27.87,27.03,27.45,18.64,17.8,18,18.3,0.306,0.287,0,16.43,18.43,287.3
"2013-08-05 18:00:00",38594,0,0.344,0.302,0.275,0.288,0.059,0.043,0.047,0.053,29.13,27.87,27.05,27.45,18.64,17.8,18,18.28,0.307,0.288,"NAN",16.31,18.34,"NAN"
"2013-08-05 18:15:00",38595,0,0.344,0.302,0.275,0.288,0.059,0.043,0.047,0.053,29.13,27.87,27.05,27.45,18.64,17.8,18,18.28,0.309,0.289,"NAN",16.16,18.22,"NAN"
"2013-08-05 18:30:00",38596,0,0.344,0.302,0.275,0.288,0.059,0.043,0.047,0.053,29.12,27.87,27.05,27.45,18.64,17.8,18,18.28,0.31,0.29,"NAN",16,18.07,"NAN"
"2013-08-05 18:45:00",38597,0,0.344,0.302,0.275,0.288,0.059,0.043,0.047,0.052,29.12,27.87,27.03,27.45,18.64,17.78,17.99,18.27,0.312,0.292,"NAN",15.83,17.91,"NAN"
"2013-08-05 19:00:00",38598,0,0.343,0.302,0.275,0.288,0.059,0.043,0.047,0.053,29.11,27.87,27.05,27.45,18.62,17.8,17.99,18.28,0.314,0.294,0.001,15.65,17.73,271
"2013-08-05 19:15:00",38599,0,0.343,0.301,0.275,0.288,0.059,0.043,0.047,0.052,29.11,27.86,27.05,27.44,18.62,17.78,17.99,18.27,0.316,0.295,"NAN",15.47,17.55,"NAN"
"2013-08-05 19:30:00",38600,0,0.343,0.301,0.275,0.288,0.059,0.043,0.047,0.052,29.11,27.86,27.05,27.44,18.62,17.78,17.99,18.27,0.318,0.297,"NAN",15.28,17.35,"NAN"
"2013-08-05 19:45:00",38601,0,0.343,0.301,0.275,0.288,0.059,0.043,0.047,0.052,29.11,27.86,27.05,27.44,18.61,17.78,17.97,18.26,0.319,0.299,"NAN",15.09,17.14,"NAN"
"2013-08-05 20:00:00",38602,0,0.343,0.301,0.275,0.288,0.059,0.043,0.047,0.052,29.11,27.85,27.05,27.44,18.6,17.77,17.97,18.26,0.321,0.301,"NAN",14.9,16.92,"NAN"
"2013-08-05 20:15:00",38603,0,0.343,0.301,0.275,0.288,0.059,0.043,0.047,0.052,29.11,27.86,27.05,27.44,18.6,17.77,17.97,18.24,0.323,0.304,"NAN",14.71,16.68,"NAN"
"2013-08-05 20:30:00",38604,0,0.343,0.301,0.275,0.288,0.058,0.043,0.046,0.052,29.11,27.86,27.05,27.44,18.58,17.75,17.96,18.24,0.325,0.306,"NAN",14.51,16.44,"NAN"
"2013-08-05 20:45:00",38605,0,0.343,0.301,0.275,0.288,0.058,0.043,0.046,0.052,29.11,27.85,27.05,27.44,18.58,17.77,17.96,18.24,0.327,0.309,"NAN",14.31,16.19,"NAN"
"2013-08-05 21:00:00",38606,0,0.343,0.301,0.275,0.288,0.058,0.043,0.046,0.052,29.11,27.85,27.03,27.44,18.58,17.75,17.94,18.24,0.329,0.311,"NAN",14.11,15.93,"NAN"
"2013-08-05 21:15:00",38607,0,0.343,0.301,0.275,0.288,0.058,0.043,0.046,0.051,29.11,27.85,27.05,27.44,18.57,17.75,17.94,18.23,0.332,0.314,0.253,13.91,15.66,22.23
"2013-08-05 21:30:00",38608,0,0.344,0.301,0.275,0.288,0.058,0.043,0.046,0.051,29.12,27.85,27.05,27.44,18.57,17.75,17.94,18.23,0.334,0.316,0.266,13.71,15.39,20.72
"2013-08-05 21:45:00",38609,0,0.343,0.301,0.276,0.288,0.058,0.043,0.046,0.051,29.11,27.85,27.06,27.44,18.57,17.75,17.94,18.22,0.336,0.319,0.269,13.49,15.11,20.42
"2013-08-05 22:00:00",38610,0,0.344,0.301,0.275,0.288,0.058,0.043,0.046,0.051,29.12,27.85,27.05,27.45,18.55,17.75,17.93,18.22,0.338,0.322,0.271,13.29,14.83,20.17
"2013-08-05 22:15:00",38611,0,0.344,0.301,0.276,0.288,0.058,0.042,0.046,0.051,29.12,27.85,27.06,27.44,18.57,17.74,17.93,18.22,0.34,0.325,0.275,13.09,14.55,19.75
"2013-08-05 22:30:00",38612,0,0.344,0.301,0.276,0.288,0.058,0.042,0.046,0.051,29.12,27.86,27.06,27.45,18.55,17.74,17.94,18.22,0.342,0.328,0.278,12.89,14.28,19.43
"2013-08-05 22:45:00",38613,0,0.344,0.301,0.276,0.289,0.058,0.042,0.046,0.051,29.12,27.86,27.06,27.47,18.55,17.74,17.94,18.22,0.344,0.33,0.247,12.7,14.02,23.01
"2013-08-05 23:00:00",38614,0,0.344,0.301,0.276,0.289,0.058,0.042,0.046,0.051,29.12,27.86,27.06,27.47,18.55,17.74,17.94,18.22,0.346,0.333,0.26,12.53,13.77,21.45
"2013-08-05 23:15:00",38615,0,0.344,0.301,0.276,0.288,0.058,0.042,0.046,0.051,29.12,27.85,27.06,27.45,18.55,17.74,17.93,18.22,0.348,0.335,0.247,12.38,13.55,23.05
"2013-08-05 23:30:00",38616,0,0.344,0.301,0.276,0.289,0.058,0.042,0.046,0.051,29.12,27.86,27.07,27.47,18.55,17.74,17.93,18.22,0.349,0.337,0.227,12.26,13.36,25.48
"2013-08-05 23:45:00",38617,0,0.344,0.301,0.276,0.289,0.058,0.042,0.046,0.051,29.12,27.86,27.07,27.47,18.54,17.74,17.93,18.22,0.35,0.339,0.237,12.16,13.19,24.22
