"TOA5","ROS_4","CR1000","33752","CR1000.Std.19","CPU:ROS04.ROS09.29.6.2012.CR1","44527","ROS04Table15min"
"TIMESTAMP","RECORD","Rain_mm_Tot","VW(1)","VW(2)","VW(3)","VW(4)","VW(5)","VW(6)","VW(7)","VW(8)","PA_uS(1)","PA_uS(2)","PA_uS(3)","PA_uS(4)","PA_uS(5)","PA_uS(6)","PA_uS(7)","PA_uS(8)","HalfBR_Avg(1)","HalfBR_Avg(2)","HalfBR_Avg(3)","SoilTemp_Avg(1)","SoilTemp_Avg(2)","SoilTemp_Avg(3)"
"TS","RN","mm","","","","","","","","","uSec","uSec","uSec","uSec","uSec","uSec","uSec","uSec","mV/mV","mV/mV","mV/mV","Deg C","Deg C","Deg C"
"","","Tot","Smp","Smp","Smp","Smp","Smp","Smp","Smp","Smp","Smp","Smp","Smp","Smp","Smp","Smp","Smp","Smp","Avg","Avg","Avg","Avg","Avg","Avg"
"2013-07-31 00:15:00",38042,0,0.317,0.254,-0.005,-0.007,0.037,0.052,0.044,-0.004,28.32,26.35,14.87,14.76,17.47,18.27,17.85,14.95,0.336,0.323,0.322,13.5,14.71,14.88
"2013-07-31 00:30:00",38043,0,0.317,0.253,-0.005,-0.007,0.037,0.052,0.044,-0.004,28.32,26.34,14.87,14.76,17.47,18.27,17.85,14.95,0.337,0.324,0.322,13.4,14.62,14.8
"2013-07-31 00:45:00",38044,0,0.317,0.254,-0.005,-0.007,0.037,0.052,0.044,-0.004,28.32,26.35,14.87,14.76,17.47,18.27,17.84,14.95,0.338,0.325,0.323,13.28,14.53,14.71
"2013-07-31 01:00:00",38045,0,0.317,0.253,-0.005,-0.007,0.037,0.052,0.044,-0.004,28.32,26.34,14.87,14.76,17.47,18.27,17.85,14.95,0.339,0.326,0.324,13.17,14.44,14.62
"2013-07-31 01:15:00",38046,0,0.317,0.253,-0.005,-0.007,0.037,0.052,0.044,-0.004,28.32,26.34,14.88,14.76,17.47,18.27,17.85,14.96,0.34,0.327,0.325,13.07,14.34,14.52
"2013-07-31 01:30:00",38047,0,0.317,0.253,-0.005,-0.007,0.037,0.052,0.044,-0.004,28.32,26.34,14.87,14.76,17.47,18.27,17.85,14.95,0.341,0.328,0.326,12.98,14.25,14.43
"2013-07-31 01:45:00",38048,0,0.317,0.253,-0.005,-0.007,0.037,0.052,0.044,-0.004,28.32,26.34,14.88,14.76,17.47,18.27,17.85,14.95,0.342,0.329,0.327,12.9,14.15,14.33
"2013-07-31 02:00:00",38049,0,0.317,0.253,-0.005,-0.007,0.037,0.052,0.044,-0.004,28.33,26.34,14.88,14.77,17.47,18.27,17.85,14.95,0.343,0.33,0.328,12.84,14.06,14.24
"2013-07-31 02:15:00",38050,0,0.317,0.253,-0.005,-0.007,0.037,0.052,0.044,-0.004,28.32,26.33,14.88,14.76,17.47,18.27,17.84,14.96,0.343,0.331,0.329,12.78,13.98,14.15
"2013-07-31 02:30:00",38051,0,0.317,0.253,-0.005,-0.007,0.037,0.052,0.044,-0.004,28.32,26.34,14.88,14.76,17.47,18.27,17.85,14.95,0.344,0.332,0.33,12.73,13.9,14.07
"2013-07-31 02:45:00",38052,0,0.317,0.253,-0.005,-0.007,0.037,0.052,0.044,-0.004,28.32,26.34,14.88,14.77,17.47,18.27,17.84,14.95,0.344,0.332,0.331,12.7,13.83,14
"2013-07-31 03:00:00",38053,0,0.317,0.253,-0.005,-0.007,0.037,0.052,0.044,-0.004,28.32,26.33,14.88,14.76,17.47,18.26,17.85,14.95,0.345,0.333,0.331,12.68,13.77,13.93
"2013-07-31 03:15:00",38054,0,0.317,0.253,-0.005,-0.007,0.037,0.052,0.044,-0.004,28.32,26.33,14.88,14.76,17.47,18.26,17.84,14.95,0.345,0.334,0.332,12.66,13.71,13.87
"2013-07-31 03:30:00",38055,0,0.317,0.253,-0.005,-0.007,0.037,0.052,0.044,-0.004,28.33,26.33,14.88,14.76,17.47,18.26,17.84,14.95,0.345,0.334,0.333,12.64,13.67,13.82
"2013-07-31 03:45:00",38056,0,0.317,0.253,-0.005,-0.007,0.037,0.052,0.044,-0.004,28.33,26.34,14.88,14.76,17.47,18.26,17.84,14.93,0.345,0.335,0.333,12.63,13.62,13.77
"2013-07-31 04:00:00",38057,0,0.317,0.253,-0.005,-0.007,0.037,0.052,0.044,-0.004,28.32,26.34,14.87,14.77,17.47,18.27,17.84,14.93,0.345,0.335,0.333,12.62,13.59,13.73
"2013-07-31 04:15:00",38058,0,0.317,0.253,-0.005,-0.007,0.037,0.052,0.044,-0.004,28.32,26.33,14.87,14.76,17.47,18.26,17.84,14.93,0.345,0.335,0.334,12.61,13.55,13.69
"2013-07-31 04:30:00",38059,0,0.317,0.253,-0.005,-0.007,0.037,0.052,0.044,-0.004,28.32,26.33,14.88,14.76,17.46,18.26,17.84,14.93,0.345,0.336,0.334,12.6,13.52,13.66
"2013-07-31 04:45:00",38060,0,0.317,0.253,-0.005,-0.007,0.037,0.052,0.044,-0.004,28.32,26.33,14.87,14.76,17.47,18.27,17.85,14.95,0.345,0.336,0.335,12.59,13.5,13.62
"2013-07-31 05:00:00",38061,0,0.317,0.253,-0.005,-0.007,0.037,0.052,0.044,-0.004,28.32,26.33,14.87,14.76,17.46,18.26,17.84,14.93,0.346,0.336,0.335,12.58,13.47,13.6
"2013-07-31 05:15:00",38062,0,0.317,0.253,-0.005,-0.007,0.037,0.052,0.044,-0.004,28.32,26.33,14.87,14.76,17.46,18.26,17.85,14.95,0.346,0.336,0.335,12.57,13.45,13.57
"2013-07-31 05:30:00",38063,0,0.317,0.253,-0.005,-0.007,0.037,0.052,0.044,-0.004,28.32,26.33,14.88,14.76,17.46,18.26,17.84,14.95,0.346,0.337,0.335,12.56,13.42,13.55
"2013-07-31 05:45:00",38064,0,0.317,0.253,-0.005,-0.007,0.037,0.052,0.044,-0.004,28.32,26.33,14.87,14.76,17.46,18.26,17.85,14.95,0.346,0.337,0.336,12.55,13.4,13.52
"2013-07-31 06:00:00",38065,0,0.317,0.253,-0.005,-0.007,0.037,0.052,0.044,-0.004,28.33,26.31,14.88,14.76,17.46,18.26,17.84,14.93,0.346,0.337,0.336,12.54,13.38,13.5
"2013-07-31 06:15:00",38066,0,0.317,0.253,-0.005,-0.007,0.037,0.052,0.044,-0.004,28.32,26.33,14.87,14.76,17.46,18.26,17.84,14.93,0.346,0.337,0.336,12.53,13.36,13.47
"2013-07-31 06:30:00",38067,0,0.317,0.253,-0.005,-0.007,0.037,0.052,0.044,-0.004,28.33,26.33,14.88,14.77,17.46,18.26,17.84,14.93,0.346,0.337,0.336,12.52,13.35,13.46
"2013-07-31 06:45:00",38068,0,0.317,0.253,-0.005,-0.007,0.037,0.052,0.044,-0.004,28.33,26.33,14.87,14.76,17.46,18.26,17.84,14.93,0.346,0.338,0.336,12.51,13.33,13.44
"2013-07-31 07:00:00",38069,0,0.317,0.253,-0.005,-0.007,0.037,0.052,0.044,-0.004,28.32,26.31,14.88,14.76,17.46,18.26,17.84,14.93,0.346,0.338,0.337,12.5,13.32,13.42
"2013-07-31 07:15:00",38070,0,0.317,0.253,-0.005,-0.007,0.037,0.052,0.044,-0.004,28.32,26.31,14.88,14.76,17.46,18.26,17.84,14.93,0.347,0.338,0.337,12.49,13.3,13.4
"2013-07-31 07:30:00",38071,0,0.317,0.253,-0.005,-0.007,0.037,0.052,0.044,-0.004,28.32,26.31,14.87,14.76,17.46,18.26,17.84,14.92,0.347,0.338,0.337,12.48,13.29,13.39
"2013-07-31 07:45:00",38072,0,0.317,0.253,-0.005,-0.007,0.037,0.052,0.044,-0.004,28.32,26.31,14.87,14.77,17.47,18.26,17.84,14.92,0.347,0.338,0.337,12.47,13.27,13.38
"2013-07-31 08:00:00",38073,0,0.317,0.253,-0.005,-0.007,0.037,0.052,0.044,-0.004,28.33,26.31,14.88,14.77,17.46,18.26,17.84,14.93,0.347,0.338,0.337,12.46,13.26,13.36
"2013-07-31 08:15:00",38074,0,0.317,0.253,-0.005,-0.007,0.037,0.052,0.044,-0.004,28.33,26.31,14.88,14.77,17.47,18.26,17.85,14.92,0.347,0.338,0.337,12.47,13.25,13.35
"2013-07-31 08:30:00",38075,0,0.317,0.253,-0.005,-0.007,0.037,0.052,0.044,-0.004,28.32,26.33,14.88,14.77,17.47,18.26,17.85,14.92,0.347,0.338,0.337,12.48,13.25,13.35
"2013-07-31 08:45:00",38076,0,0.317,0.253,-0.005,-0.007,0.037,0.052,0.044,-0.005,28.33,26.31,14.88,14.77,17.47,18.26,17.85,14.89,0.346,0.338,0.338,12.5,13.25,13.34
"2013-07-31 09:00:00",38077,0,0.317,0.253,-0.005,-0.006,0.037,0.052,0.044,-0.005,28.33,26.31,14.89,14.78,17.47,18.26,17.84,14.89,0.346,0.338,0.338,12.53,13.26,13.34
"2013-07-31 09:15:00",38078,0,0.317,0.253,-0.005,-0.007,0.037,0.052,0.044,-0.008,28.33,26.31,14.88,14.77,17.47,18.27,17.85,14.7,0.346,0.338,0.337,12.59,13.28,13.35
"2013-07-31 09:30:00",38079,0,0.317,0.253,-0.005,-0.006,0.037,0.052,0.044,-0.008,28.32,26.31,14.88,14.78,17.47,18.26,17.84,14.7,0.345,0.338,0.337,12.65,13.3,13.36
"2013-07-31 09:45:00",38080,0,0.317,0.252,-0.005,-0.006,0.038,0.052,0.045,-0.007,28.32,26.3,14.89,14.8,17.48,18.27,17.86,14.72,0.344,0.338,0.337,12.73,13.34,13.38
"2013-07-31 10:00:00",38081,0,0.317,0.253,-0.005,-0.006,0.038,0.052,0.044,-0.007,28.32,26.31,14.89,14.78,17.48,18.27,17.85,14.72,0.343,0.337,0.337,12.82,13.38,13.41
"2013-07-31 10:15:00",38082,0,0.317,0.252,-0.005,-0.006,0.037,0.052,0.044,-0.007,28.32,26.3,14.88,14.8,17.47,18.27,17.85,14.72,0.342,0.336,0.336,12.94,13.45,13.46
"2013-07-31 10:30:00",38083,0,0.317,0.253,-0.005,-0.006,0.037,0.052,0.044,-0.007,28.32,26.31,14.89,14.8,17.47,18.27,17.85,14.72,0.34,0.335,0.336,13.09,13.55,13.53
"2013-07-31 10:45:00",38084,0,0.317,0.252,-0.005,-0.006,0.037,0.053,0.044,-0.007,28.32,26.3,14.89,14.8,17.47,18.28,17.85,14.72,0.339,0.334,0.335,13.23,13.65,13.62
"2013-07-31 11:00:00",38085,0,0.317,0.253,-0.005,-0.006,0.037,0.053,0.045,-0.007,28.32,26.31,14.89,14.78,17.47,18.28,17.86,14.72,0.337,0.333,0.334,13.36,13.77,13.71
"2013-07-31 11:15:00",38086,0,0.317,0.252,-0.005,-0.006,0.037,0.053,0.045,-0.007,28.32,26.3,14.89,14.78,17.47,18.28,17.86,14.72,0.336,0.332,0.333,13.49,13.9,13.81
"2013-07-31 11:30:00",38087,0,0.316,0.253,-0.005,-0.006,0.037,0.053,0.045,-0.007,28.31,26.31,14.88,14.78,17.47,18.28,17.86,14.72,0.335,0.33,0.332,13.62,14.03,13.91
"2013-07-31 11:45:00",38088,0,0.316,0.252,-0.005,-0.007,0.037,0.052,0.045,-0.007,28.31,26.3,14.88,14.77,17.47,18.27,17.86,14.72,0.333,0.329,0.33,13.73,14.16,14.03
"2013-07-31 12:00:00",38089,0,0.316,0.252,-0.005,-0.006,0.037,0.053,0.045,-0.007,28.31,26.3,14.88,14.78,17.47,18.28,17.86,14.72,0.333,0.328,0.329,13.82,14.29,14.14
"2013-07-31 12:15:00",38090,0,0.317,0.252,-0.005,-0.006,0.038,0.053,0.045,-0.007,28.32,26.3,14.89,14.78,17.48,18.3,17.88,14.72,0.332,0.326,0.328,13.88,14.43,14.25
"2013-07-31 12:30:00",38091,0,0.317,0.252,-0.005,-0.006,0.038,0.053,0.045,-0.007,28.32,26.3,14.89,14.78,17.48,18.28,17.88,14.73,0.331,0.325,0.327,13.96,14.54,14.36
"2013-07-31 12:45:00",38092,0,0.316,0.252,-0.005,-0.006,0.038,0.053,0.045,-0.007,28.31,26.3,14.88,14.78,17.48,18.3,17.86,14.72,0.33,0.324,0.326,14.04,14.65,14.46
"2013-07-31 13:00:00",38093,0,0.316,0.252,-0.005,-0.006,0.038,0.053,0.045,-0.007,28.31,26.3,14.88,14.78,17.48,18.28,17.88,14.72,0.329,0.323,0.325,14.13,14.76,14.56
"2013-07-31 13:15:00",38094,0,0.317,0.252,-0.005,-0.006,0.038,0.053,0.045,-0.007,28.32,26.29,14.88,14.78,17.48,18.28,17.88,14.72,0.329,0.322,0.324,14.2,14.87,14.66
"2013-07-31 13:30:00",38095,0,0.316,0.252,-0.005,-0.006,0.038,0.053,0.045,-0.007,28.31,26.3,14.89,14.8,17.48,18.28,17.88,14.72,0.328,0.321,0.323,14.27,14.97,14.75
"2013-07-31 13:45:00",38096,0,0.316,0.252,-0.005,-0.006,0.038,0.053,0.045,-0.008,28.31,26.29,14.89,14.78,17.5,18.3,17.88,14.7,0.327,0.32,0.322,14.34,15.07,14.85
"2013-07-31 14:00:00",38097,0,0.316,0.252,-0.005,-0.006,0.038,0.053,0.045,-0.008,28.31,26.29,14.89,14.78,17.5,18.3,17.88,14.7,0.326,0.319,0.321,14.42,15.16,14.94
"2013-07-31 14:15:00",38098,0,0.316,0.252,-0.005,-0.006,0.038,0.053,0.045,-0.008,28.31,26.29,14.88,14.78,17.5,18.3,17.88,14.7,0.326,0.318,0.32,14.49,15.25,15.03
"2013-07-31 14:30:00",38099,0,0.316,0.252,-0.005,-0.007,0.038,0.053,0.045,-0.008,28.29,26.3,14.89,14.77,17.48,18.28,17.88,14.69,0.325,0.317,0.319,14.54,15.34,15.12
"2013-07-31 14:45:00",38100,0,0.316,0.252,-0.005,-0.006,0.038,0.053,0.045,-0.008,28.31,26.29,14.88,14.78,17.48,18.3,17.88,14.7,0.325,0.316,0.318,14.58,15.42,15.2
"2013-07-31 15:00:00",38101,0,0.316,0.252,-0.005,-0.006,0.038,0.053,0.045,-0.008,28.31,26.29,14.88,14.78,17.5,18.3,17.88,14.7,0.325,0.315,0.318,14.59,15.49,15.28
"2013-07-31 15:15:00",38102,0,0.316,0.252,-0.005,-0.006,0.038,0.053,0.045,-0.008,28.29,26.29,14.88,14.78,17.5,18.3,17.88,14.7,0.324,0.315,0.317,14.6,15.55,15.35
"2013-07-31 15:30:00",38103,0,0.316,0.252,-0.005,-0.006,0.038,0.053,0.045,-0.008,28.31,26.29,14.89,14.78,17.5,18.3,17.88,14.7,0.324,0.314,0.316,14.61,15.6,15.42
"2013-07-31 15:45:00",38104,0,0.316,0.252,-0.005,-0.007,0.038,0.053,0.045,-0.008,28.29,26.29,14.89,14.77,17.5,18.3,17.88,14.7,0.324,0.314,0.316,14.6,15.64,15.47
"2013-07-31 16:00:00",38105,0,0.316,0.251,-0.005,-0.007,0.038,0.053,0.045,-0.008,28.29,26.27,14.89,14.77,17.5,18.3,17.88,14.7,0.324,0.314,0.315,14.6,15.67,15.52
"2013-07-31 16:15:00",38106,0,0.316,0.251,-0.005,-0.007,0.038,0.053,0.045,-0.008,28.29,26.27,14.89,14.77,17.5,18.3,17.88,14.7,0.325,0.313,0.315,14.58,15.69,15.55
"2013-07-31 16:30:00",38107,0,0.316,0.251,-0.005,-0.007,0.038,0.053,0.045,-0.008,28.29,26.27,14.88,14.77,17.5,18.3,17.88,14.69,0.325,0.313,0.315,14.55,15.7,15.58
"2013-07-31 16:45:00",38108,0,0.316,0.251,-0.005,-0.007,0.038,0.053,0.045,0.002,28.29,26.27,14.89,14.77,17.5,18.28,17.86,15.33,0.325,0.313,0.314,14.52,15.71,15.6
"2013-07-31 17:00:00",38109,0,0.316,0.251,-0.005,-0.007,0.038,0.053,0.045,-0.008,28.29,26.26,14.88,14.77,17.5,18.3,17.88,14.7,0.326,0.313,0.314,14.49,15.7,15.61
"2013-07-31 17:15:00",38110,0,0.316,0.251,-0.005,-0.007,0.038,0.053,0.045,-0.008,28.29,26.27,14.88,14.77,17.48,18.3,17.88,14.69,0.326,0.313,0.314,14.45,15.69,15.61
"2013-07-31 17:30:00",38111,0,0.316,0.251,-0.005,-0.007,0.038,0.053,0.045,-0.008,28.29,26.26,14.88,14.76,17.5,18.3,17.88,14.69,0.326,0.314,0.314,14.41,15.67,15.61
"2013-07-31 17:45:00",38112,0,0.315,0.251,-0.005,-0.007,0.038,0.053,0.045,-0.008,28.28,26.26,14.87,14.76,17.48,18.28,17.88,14.69,0.327,0.314,0.314,14.36,15.65,15.61
"2013-07-31 18:00:00",38113,0,0.315,0.251,-0.005,-0.007,0.037,0.053,0.045,-0.006,28.28,26.26,14.87,14.76,17.47,18.28,17.86,14.8,0.328,0.314,0.314,14.29,15.62,15.59
"2013-07-31 18:15:00",38114,0,0.315,0.251,-0.005,-0.007,0.038,0.053,0.044,-0.008,28.28,26.25,14.85,14.74,17.48,18.28,17.85,14.68,0.329,0.315,0.315,14.2,15.57,15.57
"2013-07-31 18:30:00",38115,0,0.315,0.25,-0.005,-0.007,0.037,0.052,0.045,-0.008,28.28,26.23,14.85,14.73,17.47,18.27,17.86,14.68,0.33,0.315,0.315,14.09,15.51,15.52
"2013-07-31 18:45:00",38116,0,0.315,0.25,-0.005,-0.007,0.037,0.053,0.044,-0.008,28.28,26.23,14.85,14.73,17.47,18.28,17.85,14.66,0.331,0.316,0.316,13.95,15.42,15.46
"2013-07-31 19:00:00",38117,0,0.315,0.25,-0.005,-0.007,0.037,0.052,0.044,-0.008,28.28,26.22,14.85,14.73,17.47,18.27,17.85,14.66,0.333,0.317,0.317,13.8,15.32,15.38
"2013-07-31 19:15:00",38118,0,0.315,0.25,-0.005,-0.007,0.037,0.052,0.044,-0.008,28.28,26.22,14.85,14.73,17.46,18.27,17.84,14.66,0.334,0.318,0.318,13.64,15.19,15.28
"2013-07-31 19:30:00",38119,0,0.315,0.25,-0.005,-0.007,0.037,0.052,0.044,-0.003,28.28,26.22,14.85,14.73,17.46,18.27,17.84,15.03,0.336,0.32,0.319,13.47,15.05,15.17
"2013-07-31 19:45:00",38120,0,0.315,0.25,-0.005,-0.007,0.037,0.052,0.044,-0.008,28.28,26.22,14.85,14.73,17.46,18.27,17.84,14.65,0.338,0.322,0.32,13.3,14.88,15.03
"2013-07-31 20:00:00",38121,0,0.315,0.25,-0.006,-0.007,0.037,0.052,0.044,-0.001,28.28,26.22,14.84,14.73,17.46,18.26,17.82,15.14,0.34,0.323,0.322,13.14,14.71,14.88
"2013-07-31 20:15:00",38122,0,0.315,0.25,-0.005,-0.007,0.037,0.052,0.044,-0.008,28.28,26.22,14.85,14.72,17.44,18.26,17.82,14.68,0.341,0.325,0.323,12.97,14.52,14.72
"2013-07-31 20:30:00",38123,0,0.315,0.25,-0.006,-0.007,0.037,0.052,0.044,-0.008,28.28,26.22,14.84,14.73,17.44,18.27,17.82,14.66,0.343,0.327,0.325,12.81,14.34,14.56
"2013-07-31 20:45:00",38124,0,0.315,0.25,-0.006,-0.007,0.037,0.052,0.044,-0.008,28.28,26.22,14.84,14.73,17.46,18.26,17.82,14.68,0.345,0.329,0.327,12.65,14.14,14.39
"2013-07-31 21:00:00",38125,0,0.315,0.249,-0.006,-0.007,0.037,0.052,0.044,-0.008,28.28,26.2,14.84,14.72,17.44,18.26,17.82,14.66,0.347,0.331,0.328,12.49,13.95,14.21
"2013-07-31 21:15:00",38126,0,0.315,0.25,-0.006,-0.007,0.037,0.052,0.044,-0.008,28.28,26.22,14.84,14.72,17.44,18.24,17.82,14.68,0.348,0.333,0.33,12.34,13.75,14.03
"2013-07-31 21:30:00",38127,0,0.315,0.249,-0.006,-0.007,0.037,0.052,0.044,-0.008,28.28,26.2,14.84,14.73,17.44,18.26,17.82,14.68,0.35,0.335,0.332,12.2,13.55,13.85
"2013-07-31 21:45:00",38128,0,0.316,0.249,-0.005,-0.007,0.037,0.052,0.044,-0.008,28.29,26.2,14.85,14.73,17.44,18.24,17.82,14.68,0.351,0.337,0.334,12.06,13.36,13.67
"2013-07-31 22:00:00",38129,0,0.316,0.25,-0.005,-0.007,0.037,0.052,0.044,-0.008,28.29,26.22,14.85,14.74,17.46,18.24,17.82,14.69,0.353,0.339,0.336,11.94,13.17,13.49
"2013-07-31 22:15:00",38130,0,0.316,0.249,-0.005,-0.007,0.037,0.052,0.044,-0.008,28.29,26.2,14.85,14.74,17.46,18.26,17.81,14.69,0.354,0.341,0.338,11.83,12.99,13.32
"2013-07-31 22:30:00",38131,0,0.316,0.25,-0.005,-0.007,0.037,0.052,0.044,-0.008,28.29,26.22,14.87,14.74,17.44,18.24,17.82,14.69,0.355,0.343,0.34,11.74,12.82,13.15
"2013-07-31 22:45:00",38132,0,0.316,0.25,-0.005,-0.007,0.037,0.052,0.044,-0.008,28.31,26.22,14.87,14.74,17.44,18.24,17.81,14.68,0.355,0.345,0.341,11.66,12.66,12.99
"2013-07-31 23:00:00",38133,0,0.316,0.249,-0.005,-0.007,0.037,0.052,0.044,-0.008,28.31,26.2,14.87,14.74,17.44,18.24,17.82,14.68,0.356,0.346,0.343,11.6,12.51,12.84
"2013-07-31 23:15:00",38134,0,0.316,0.249,-0.005,-0.007,0.037,0.051,0.044,-0.008,28.31,26.2,14.87,14.74,17.44,18.23,17.81,14.69,0.357,0.348,0.344,11.55,12.38,12.71
"2013-07-31 23:30:00",38135,0,0.316,0.249,-0.005,-0.007,0.037,0.052,0.044,-0.008,28.31,26.2,14.87,14.74,17.44,18.24,17.82,14.69,0.357,0.349,0.346,11.49,12.26,12.58
"2013-07-31 23:45:00",38136,0,0.316,0.248,-0.005,-0.007,0.037,0.052,0.044,-0.008,28.29,26.18,14.85,14.74,17.44,18.24,17.82,14.69,0.358,0.35,0.347,11.44,12.14,12.47
"2013-08-01 00:00:00",38137,0,0.316,0.248,-0.005,-0.007,0.037,0.051,0.044,-0.008,28.31,26.18,14.87,14.74,17.43,18.23,17.81,14.69,0.358,0.351,0.348,11.4,12.05,12.36
"2013-08-01 00:15:00",38138,0,0.316,0.248,-0.005,-0.007,0.037,0.051,0.044,-0.008,28.31,26.18,14.87,14.74,17.43,18.23,17.81,14.69,0.359,0.352,0.349,11.35,11.95,12.26
"2013-08-01 00:30:00",38139,0,0.316,0.248,-0.005,-0.007,0.037,0.051,0.044,-0.008,28.29,26.18,14.87,14.74,17.43,18.23,17.81,14.69,0.359,0.353,0.35,11.31,11.87,12.16
"2013-08-01 00:45:00",38140,0,0.316,0.248,-0.005,-0.007,0.037,0.051,0.043,-0.008,28.31,26.16,14.85,14.73,17.43,18.23,17.8,14.69,0.36,0.354,0.351,11.27,11.79,12.08
"2013-08-01 01:00:00",38141,0,0.316,0.248,-0.005,-0.007,0.037,0.051,0.043,-0.008,28.31,26.18,14.85,14.73,17.43,18.22,17.8,14.68,0.36,0.355,0.352,11.21,11.71,11.99
"2013-08-01 01:15:00",38142,0,0.316,0.248,-0.005,-0.007,0.037,0.051,0.043,-0.008,28.29,26.16,14.85,14.72,17.43,18.23,17.8,14.66,0.361,0.356,0.353,11.15,11.63,11.91
"2013-08-01 01:30:00",38143,0,0.316,0.248,-0.006,-0.007,0.036,0.051,0.043,-0.008,28.29,26.16,14.84,14.72,17.42,18.22,17.78,14.68,0.362,0.357,0.354,11.07,11.55,11.83
"2013-08-01 01:45:00",38144,0,0.316,0.248,-0.005,-0.007,0.036,0.051,0.043,-0.007,28.29,26.15,14.85,14.72,17.42,18.2,17.78,14.76,0.363,0.358,0.355,10.97,11.47,11.75
"2013-08-01 02:00:00",38145,0,0.316,0.248,-0.005,-0.007,0.036,0.051,0.043,-0.003,28.29,26.16,14.85,14.73,17.42,18.2,17.77,14.99,0.364,0.359,0.356,10.86,11.37,11.65
"2013-08-01 02:15:00",38146,0,0.316,0.248,-0.006,-0.007,0.036,0.051,0.043,-0.003,28.29,26.15,14.84,14.72,17.4,18.19,17.77,14.99,0.366,0.36,0.357,10.74,11.27,11.56
"2013-08-01 02:30:00",38147,0,0.316,0.248,-0.006,-0.007,0.036,0.051,0.043,-0.003,28.31,26.15,14.84,14.72,17.42,18.2,17.77,15.03,0.367,0.361,0.358,10.62,11.15,11.45
"2013-08-01 02:45:00",38148,0,0.316,0.248,-0.006,-0.008,0.036,0.051,0.042,0.001,28.29,26.16,14.82,14.7,17.4,18.19,17.74,15.26,0.368,0.362,0.359,10.49,11.04,11.34
"2013-08-01 03:00:00",38149,0,0.316,0.248,-0.006,-0.008,0.036,0.05,0.042,0.001,28.29,26.15,14.82,14.7,17.4,18.17,17.74,15.27,0.37,0.364,0.36,10.35,10.91,11.21
"2013-08-01 03:15:00",38150,0,0.316,0.248,-0.006,-0.008,0.036,0.05,0.042,0.001,28.29,26.15,14.82,14.7,17.4,18.17,17.74,15.26,0.371,0.365,0.362,10.21,10.78,11.09
"2013-08-01 03:30:00",38151,0,0.315,0.248,-0.006,-0.008,0.036,0.051,0.042,0.001,28.28,26.15,14.82,14.69,17.39,18.19,17.73,15.26,0.373,0.367,0.363,10.06,10.64,10.95
"2013-08-01 03:45:00",38152,0,0.316,0.248,-0.006,-0.008,0.036,0.05,0.042,0.001,28.29,26.15,14.82,14.7,17.39,18.17,17.73,15.26,0.375,0.368,0.365,9.91,10.49,10.81
"2013-08-01 04:00:00",38153,0,0.316,0.248,-0.006,-0.008,0.036,0.05,0.042,0.001,28.29,26.15,14.82,14.69,17.39,18.17,17.73,15.26,0.377,0.37,0.366,9.76,10.33,10.67
"2013-08-01 04:15:00",38154,0,0.316,0.247,-0.006,-0.008,0.036,0.05,0.042,0,28.29,26.14,14.82,14.7,17.39,18.17,17.71,15.25,0.378,0.372,0.368,9.61,10.18,10.52
"2013-08-01 04:30:00",38155,0,0.316,0.247,-0.006,-0.008,0.036,0.05,0.042,0,28.29,26.14,14.82,14.69,17.39,18.16,17.71,15.25,0.38,0.374,0.37,9.46,10.02,10.37
"2013-08-01 04:45:00",38156,0,0.316,0.247,-0.006,-0.008,0.036,0.05,0.042,0,28.29,26.14,14.82,14.7,17.37,18.16,17.71,15.25,0.382,0.376,0.372,9.31,9.85,10.21
"2013-08-01 05:00:00",38157,0,0.316,0.247,-0.006,-0.008,0.036,0.05,0.042,0,28.31,26.14,14.82,14.69,17.37,18.16,17.71,15.25,0.383,0.377,0.373,9.17,9.69,10.05
"2013-08-01 05:15:00",38158,0,0.316,0.247,-0.006,-0.008,0.036,0.05,0.042,0.001,28.29,26.14,14.81,14.7,17.37,18.16,17.71,15.29,0.385,0.379,0.375,9.03,9.52,9.89
"2013-08-01 05:30:00",38159,66.2,0.317,0.247,-0.006,-0.008,0.035,0.05,0.041,0.001,28.32,26.14,14.81,14.7,17.35,18.16,17.67,15.3,0.386,0.381,0.377,8.89,9.36,9.73
"2013-08-01 05:45:00",38160,0,0.322,0.247,-0.006,-0.008,0.035,0.05,0.041,0.001,28.47,26.12,14.82,14.69,17.35,18.16,17.66,15.26,0.388,0.383,0.379,8.77,9.2,9.57
"2013-08-01 06:00:00",38161,0,0.323,0.247,-0.006,-0.008,0.035,0.05,0.041,0,28.5,26.14,14.81,14.7,17.35,18.16,17.67,15.25,0.389,0.385,0.381,8.64,9.04,9.41
"2013-08-01 06:15:00",38162,0,0.323,0.247,-0.006,-0.008,0.035,0.05,0.041,0,28.5,26.14,14.81,14.69,17.36,18.15,17.67,15.25,0.391,0.387,0.382,8.53,8.88,9.25
"2013-08-01 06:30:00",38163,0,0.323,0.247,-0.006,-0.008,0.035,0.05,0.041,0.001,28.5,26.14,14.81,14.69,17.35,18.15,17.66,15.27,0.392,0.388,0.384,8.41,8.73,9.1
"2013-08-01 06:45:00",38164,0,0.323,0.247,-0.006,-0.008,0.035,0.05,0.041,0.001,28.5,26.14,14.82,14.7,17.35,18.15,17.66,15.27,0.393,0.39,0.386,8.3,8.58,8.96
"2013-08-01 07:00:00",38165,0,0.322,0.247,-0.006,-0.008,0.035,0.05,0.041,0.001,28.48,26.14,14.82,14.7,17.36,18.15,17.66,15.29,0.394,0.392,0.387,8.2,8.44,8.81
"2013-08-01 07:15:00",38166,0,0.323,0.247,-0.006,-0.008,0.035,0.05,0.041,0.002,28.5,26.14,14.82,14.7,17.36,18.15,17.66,15.33,0.396,0.393,0.389,8.09,8.3,8.66
"2013-08-01 07:30:00",38167,0,0.323,0.247,-0.006,-0.007,0.035,0.05,0.041,0.002,28.5,26.14,14.82,14.72,17.36,18.15,17.66,15.34,0.397,0.395,0.391,7.997,8.16,8.51
"2013-08-01 07:45:00",38168,0,0.323,0.247,-0.006,-0.007,0.035,0.05,0.041,0.002,28.5,26.14,14.84,14.73,17.36,18.15,17.67,15.33,0.398,0.396,0.392,7.909,8.03,8.37
"2013-08-01 08:00:00",38169,0,0.323,0.247,-0.006,-0.007,0.036,0.05,0.041,0.001,28.5,26.14,14.84,14.74,17.37,18.15,17.67,15.29,0.399,0.398,0.394,7.838,7.902,8.24
"2013-08-01 08:15:00",38170,0,0.323,0.247,-0.006,-0.007,0.036,0.05,0.041,0.001,28.5,26.14,14.84,14.76,17.37,18.16,17.69,15.27,0.399,0.399,0.395,7.797,7.795,8.12
"2013-08-01 08:30:00",38171,0,0.323,0.248,-0.005,-0.007,0.036,0.05,0.041,0.001,28.5,26.15,14.85,14.76,17.37,18.15,17.7,15.26,0.399,0.4,0.397,7.812,7.719,8.02
"2013-08-01 08:45:00",38172,0,0.323,0.247,-0.005,-0.007,0.036,0.05,0.042,0,28.5,26.14,14.85,14.77,17.37,18.15,17.71,15.23,0.398,0.401,0.397,7.887,7.674,7.942
"2013-08-01 09:00:00",38173,0,0.323,0.248,-0.005,-0.007,0.036,0.05,0.042,-0.008,28.5,26.15,14.87,14.76,17.37,18.16,17.74,14.65,0.397,0.4,0.398,7.997,7.68,7.902
"2013-08-01 09:15:00",38174,0,0.323,0.248,-0.005,-0.007,0.036,0.05,0.042,-0.008,28.5,26.15,14.87,14.77,17.39,18.16,17.74,14.68,0.395,0.4,0.398,8.11,7.724,7.903
"2013-08-01 09:30:00",38175,0,0.323,0.248,-0.005,-0.006,0.036,0.05,0.042,-0.008,28.5,26.15,14.88,14.8,17.4,18.17,17.74,14.69,0.394,0.399,0.398,8.24,7.822,7.932
"2013-08-01 09:45:00",38176,0,0.322,0.248,-0.005,-0.006,0.036,0.05,0.043,-0.008,28.48,26.15,14.89,14.81,17.4,18.17,17.75,14.69,0.392,0.397,0.397,8.38,7.952,8
"2013-08-01 10:00:00",38177,0,0.323,0.248,-0.005,-0.006,0.036,0.05,0.043,-0.008,28.5,26.15,14.88,14.82,17.4,18.17,17.77,14.7,0.39,0.395,0.395,8.59,8.13,8.11
"2013-08-01 10:15:00",38178,0,0.323,0.248,-0.005,-0.006,0.036,0.05,0.043,-0.008,28.5,26.15,14.88,14.8,17.4,18.17,17.77,14.69,0.387,0.393,0.394,8.87,8.34,8.28
"2013-08-01 10:30:00",38179,0,0.323,0.248,-0.005,-0.006,0.036,0.051,0.043,-0.008,28.5,26.16,14.89,14.81,17.42,18.19,17.78,14.7,0.382,0.39,0.391,9.24,8.6,8.48
"2013-08-01 10:45:00",38180,0,0.323,0.248,-0.005,-0.006,0.036,0.051,0.043,-0.007,28.5,26.15,14.89,14.81,17.42,18.19,17.78,14.72,0.378,0.386,0.388,9.63,8.89,8.73
"2013-08-01 11:00:00",38181,0,0.322,0.248,-0.005,-0.006,0.037,0.051,0.043,-0.007,28.48,26.15,14.89,14.82,17.43,18.19,17.8,14.73,0.374,0.383,0.385,10.01,9.23,9.02
"2013-08-01 11:15:00",38182,0,0.322,0.248,-0.005,-0.006,0.037,0.051,0.043,-0.007,28.48,26.15,14.88,14.82,17.43,18.19,17.8,14.73,0.37,0.378,0.381,10.38,9.62,9.35
"2013-08-01 11:30:00",38183,0,0.322,0.248,-0.005,-0.006,0.037,0.051,0.043,-0.007,28.48,26.15,14.89,14.8,17.44,18.2,17.8,14.72,0.365,0.373,0.377,10.77,10.04,9.7
"2013-08-01 11:45:00",38184,0,0.322,0.248,-0.005,-0.006,0.037,0.051,0.044,-0.007,28.47,26.15,14.89,14.8,17.44,18.2,17.81,14.72,0.361,0.368,0.373,11.16,10.5,10.07
"2013-08-01 12:00:00",38185,0,0.322,0.248,-0.005,-0.006,0.037,0.051,0.044,-0.007,28.47,26.15,14.89,14.81,17.44,18.2,17.82,14.73,0.357,0.363,0.369,11.51,10.97,10.46
"2013-08-01 12:15:00",38186,0,0.321,0.248,-0.005,-0.006,0.037,0.051,0.044,-0.007,28.46,26.15,14.89,14.81,17.44,18.22,17.82,14.76,0.354,0.358,0.364,11.83,11.45,10.88
"2013-08-01 12:30:00",38187,0,0.321,0.248,-0.005,-0.006,0.037,0.051,0.044,-0.007,28.46,26.15,14.89,14.81,17.46,18.22,17.84,14.74,0.35,0.353,0.36,12.14,11.93,11.29
"2013-08-01 12:45:00",38188,0,0.321,0.247,-0.005,-0.006,0.037,0.051,0.044,-0.007,28.46,26.14,14.89,14.81,17.47,18.22,17.84,14.74,0.347,0.348,0.355,12.46,12.38,11.71
"2013-08-01 13:00:00",38189,0,0.321,0.248,-0.005,-0.006,0.037,0.051,0.044,-0.007,28.46,26.15,14.89,14.81,17.47,18.22,17.85,14.74,0.344,0.343,0.35,12.77,12.83,12.13
"2013-08-01 13:15:00",38190,0,0.321,0.247,-0.005,-0.006,0.037,0.051,0.044,-0.007,28.44,26.14,14.89,14.81,17.46,18.23,17.85,14.74,0.34,0.338,0.346,13.07,13.27,12.54
"2013-08-01 13:30:00",38191,0,0.321,0.248,-0.005,-0.006,0.037,0.051,0.044,-0.007,28.44,26.15,14.89,14.81,17.47,18.23,17.85,14.76,0.338,0.334,0.342,13.33,13.69,12.96
"2013-08-01 13:45:00",38192,0,0.321,0.247,-0.005,-0.006,0.037,0.052,0.045,-0.007,28.44,26.14,14.89,14.81,17.47,18.24,17.88,14.74,0.335,0.33,0.337,13.57,14.09,13.37
"2013-08-01 14:00:00",38193,0,0.321,0.247,-0.005,-0.006,0.038,0.052,0.045,-0.007,28.44,26.14,14.89,14.81,17.48,18.26,17.88,14.74,0.333,0.326,0.333,13.82,14.48,13.75
"2013-08-01 14:15:00",38194,0,0.32,0.247,-0.005,-0.006,0.038,0.052,0.045,-0.007,28.43,26.14,14.89,14.82,17.48,18.26,17.88,14.76,0.33,0.322,0.329,14.04,14.86,14.12
"2013-08-01 14:30:00",38195,0,0.32,0.247,-0.004,-0.006,0.038,0.052,0.045,-0.007,28.43,26.14,14.92,14.82,17.48,18.26,17.88,14.74,0.328,0.318,0.326,14.28,15.21,14.47
"2013-08-01 14:45:00",38196,0,0.32,0.247,-0.005,-0.006,0.038,0.052,0.045,-0.007,28.43,26.14,14.91,14.81,17.5,18.27,17.88,14.74,0.325,0.315,0.322,14.56,15.54,14.81
"2013-08-01 15:00:00",38197,0,0.32,0.247,-0.005,-0.006,0.038,0.052,0.045,-0.007,28.43,26.14,14.89,14.81,17.48,18.27,17.9,14.74,0.322,0.312,0.319,14.85,15.83,15.12
"2013-08-01 15:15:00",38198,0,0.32,0.247,-0.005,-0.006,0.038,0.053,0.045,-0.007,28.42,26.14,14.89,14.81,17.5,18.28,17.9,14.74,0.319,0.309,0.316,15.1,16.11,15.41
"2013-08-01 15:30:00",38199,0,0.32,0.247,-0.005,-0.006,0.038,0.053,0.045,-0.007,28.42,26.14,14.89,14.8,17.5,18.28,17.9,14.73,0.317,0.307,0.313,15.29,16.38,15.69
"2013-08-01 15:45:00",38200,0,0.319,0.247,-0.005,-0.006,0.038,0.053,0.046,-0.007,28.4,26.14,14.89,14.8,17.5,18.28,17.92,14.73,0.316,0.304,0.311,15.45,16.61,15.95
"2013-08-01 16:00:00",38201,0,0.319,0.247,-0.005,-0.006,0.038,0.053,0.046,-0.007,28.4,26.12,14.89,14.8,17.51,18.28,17.92,14.73,0.315,0.302,0.309,15.55,16.81,16.19
"2013-08-01 16:15:00",38202,0,0.319,0.247,-0.005,-0.006,0.038,0.053,0.046,-0.007,28.4,26.14,14.89,14.8,17.51,18.3,17.93,14.73,0.314,0.301,0.306,15.61,16.99,16.4
"2013-08-01 16:30:00",38203,0,0.319,0.247,-0.005,-0.006,0.038,0.053,0.046,-0.007,28.39,26.12,14.88,14.8,17.51,18.3,17.93,14.73,0.314,0.299,0.304,15.65,17.15,16.6
"2013-08-01 16:45:00",38204,0,0.319,0.247,-0.005,-0.006,0.038,0.053,0.046,-0.007,28.39,26.12,14.88,14.78,17.51,18.3,17.92,14.73,0.314,0.298,0.303,15.68,17.28,16.78
"2013-08-01 17:00:00",38205,0,0.319,0.246,-0.005,-0.007,0.038,0.053,0.046,-0.007,28.39,26.11,14.88,14.77,17.5,18.3,17.92,14.72,0.313,0.297,0.301,15.69,17.39,16.93
"2013-08-01 17:15:00",38206,0,0.319,0.247,-0.005,-0.007,0.038,0.053,0.046,-0.007,28.39,26.12,14.87,14.76,17.5,18.3,17.92,14.72,0.314,0.296,0.3,15.68,17.46,17.07
"2013-08-01 17:30:00",38207,0,0.319,0.246,-0.005,-0.007,0.038,0.053,0.046,-0.008,28.37,26.11,14.87,14.76,17.5,18.3,17.92,14.7,0.314,0.296,0.299,15.63,17.51,17.19
"2013-08-01 17:45:00",38208,0,0.319,0.246,-0.005,-0.007,0.038,0.053,0.045,-0.008,28.37,26.1,14.85,14.74,17.5,18.3,17.9,14.69,0.315,0.296,0.298,15.54,17.52,17.27
"2013-08-01 18:00:00",38209,0,0.318,0.246,-0.006,-0.007,0.038,0.053,0.045,-0.008,28.36,26.1,14.84,14.73,17.5,18.3,17.9,14.69,0.316,0.296,0.297,15.42,17.49,17.33
"2013-08-01 18:15:00",38210,0,0.318,0.246,-0.005,-0.007,0.038,0.053,0.045,-0.008,28.36,26.1,14.85,14.74,17.5,18.3,17.9,14.69,0.318,0.296,0.297,15.27,17.43,17.34
"2013-08-01 18:30:00",38211,0,0.318,0.246,-0.005,-0.007,0.038,0.053,0.045,-0.008,28.36,26.1,14.85,14.74,17.48,18.28,17.89,14.69,0.319,0.297,0.297,15.1,17.34,17.32
"2013-08-01 18:45:00",38212,0,0.319,0.246,-0.005,-0.007,0.038,0.053,0.045,-0.008,28.37,26.1,14.85,14.74,17.48,18.3,17.89,14.68,0.321,0.298,0.298,14.93,17.22,17.27
"2013-08-01 19:00:00",38213,0,0.318,0.246,-0.006,-0.007,0.038,0.053,0.045,-0.008,28.36,26.1,14.84,14.73,17.48,18.28,17.89,14.68,0.323,0.3,0.299,14.74,17.06,17.18
"2013-08-01 19:15:00",38214,0,0.319,0.246,-0.005,-0.007,0.038,0.053,0.045,-0.008,28.37,26.08,14.85,14.73,17.48,18.28,17.88,14.66,0.325,0.302,0.3,14.55,16.89,17.07
"2013-08-01 19:30:00",38215,0,0.318,0.246,-0.006,-0.007,0.037,0.053,0.045,-0.008,28.36,26.08,14.84,14.72,17.47,18.28,17.88,14.68,0.327,0.304,0.301,14.35,16.69,16.94
"2013-08-01 19:45:00",38216,0,0.319,0.246,-0.006,-0.007,0.037,0.052,0.045,-0.008,28.37,26.08,14.84,14.72,17.47,18.27,17.88,14.66,0.329,0.306,0.303,14.14,16.49,16.78
"2013-08-01 20:00:00",38217,0,0.318,0.245,-0.006,-0.007,0.038,0.053,0.045,-0.008,28.36,26.07,14.84,14.73,17.48,18.28,17.86,14.66,0.331,0.308,0.304,13.94,16.27,16.61
"2013-08-01 20:15:00",38218,0,0.318,0.246,-0.006,-0.007,0.037,0.052,0.044,-0.008,28.36,26.08,14.84,14.72,17.47,18.27,17.85,14.68,0.333,0.31,0.306,13.74,16.05,16.43
"2013-08-01 20:30:00",38219,0,0.318,0.245,-0.006,-0.007,0.037,0.053,0.045,-0.008,28.36,26.07,14.84,14.72,17.47,18.28,17.86,14.66,0.335,0.312,0.308,13.54,15.81,16.23
"2013-08-01 20:45:00",38220,0,0.318,0.245,-0.006,-0.007,0.037,0.052,0.044,-0.008,28.36,26.07,14.82,14.73,17.47,18.27,17.85,14.68,0.337,0.315,0.31,13.35,15.58,16.03
"2013-08-01 21:00:00",38221,0,0.318,0.245,-0.006,-0.007,0.037,0.052,0.044,-0.008,28.36,26.07,14.82,14.72,17.46,18.26,17.85,14.66,0.339,0.317,0.312,13.16,15.33,15.82
"2013-08-01 21:15:00",38222,0,0.318,0.245,-0.006,-0.007,0.037,0.052,0.044,-0.008,28.36,26.07,14.82,14.72,17.46,18.26,17.85,14.66,0.341,0.319,0.314,12.98,15.09,15.6
"2013-08-01 21:30:00",38223,0,0.318,0.245,-0.006,-0.007,0.037,0.052,0.044,-0.008,28.36,26.07,14.82,14.72,17.46,18.26,17.84,14.66,0.343,0.322,0.317,12.79,14.85,15.38
"2013-08-01 21:45:00",38224,0,0.318,0.245,-0.006,-0.008,0.037,0.052,0.044,-0.008,28.36,26.07,14.82,14.7,17.44,18.26,17.82,14.66,0.345,0.324,0.319,12.61,14.61,15.15
"2013-08-01 22:00:00",38225,0,0.318,0.245,-0.006,-0.008,0.037,0.052,0.044,-0.008,28.36,26.07,14.82,14.7,17.44,18.26,17.82,14.66,0.347,0.327,0.321,12.43,14.37,14.93
"2013-08-01 22:15:00",38226,0,0.319,0.245,-0.006,-0.007,0.037,0.052,0.044,-0.008,28.37,26.06,14.84,14.72,17.44,18.24,17.82,14.68,0.349,0.329,0.323,12.26,14.13,14.7
"2013-08-01 22:30:00",38227,0,0.318,0.245,-0.006,-0.007,0.037,0.052,0.044,-0.008,28.36,26.06,14.82,14.72,17.44,18.24,17.82,14.66,0.351,0.332,0.326,12.09,13.9,14.47
"2013-08-01 22:45:00",38228,0,0.319,0.245,-0.006,-0.008,0.037,0.052,0.044,-0.008,28.37,26.07,14.82,14.7,17.44,18.24,17.81,14.66,0.353,0.334,0.328,11.92,13.66,14.24
"2013-08-01 23:00:00",38229,0,0.319,0.245,-0.006,-0.008,0.037,0.052,0.044,-0.008,28.37,26.06,14.81,14.7,17.43,18.24,17.81,14.66,0.355,0.337,0.331,11.75,13.42,14.01
"2013-08-01 23:15:00",38230,0,0.319,0.245,-0.006,-0.008,0.037,0.051,0.043,-0.008,28.37,26.06,14.81,14.69,17.43,18.23,17.8,14.66,0.356,0.339,0.333,11.58,13.2,13.78
"2013-08-01 23:30:00",38231,0,0.319,0.245,-0.006,-0.008,0.037,0.051,0.044,-0.008,28.37,26.06,14.81,14.7,17.43,18.23,17.81,14.65,0.358,0.341,0.335,11.4,12.97,13.56
"2013-08-01 23:45:00",38232,0,0.319,0.245,-0.006,-0.008,0.037,0.051,0.043,-0.008,28.37,26.06,14.81,14.7,17.43,18.22,17.8,14.65,0.36,0.344,0.337,11.22,12.75,13.34
"2013-08-02 00:00:00",38233,0,0.319,0.244,-0.006,-0.008,0.037,0.051,0.043,-0.008,28.37,26.04,14.81,14.7,17.43,18.22,17.8,14.65,0.362,0.346,0.34,11.05,12.52,13.11
"2013-08-02 00:15:00",38234,0,0.319,0.244,-0.006,-0.008,0.036,0.051,0.043,-0.008,28.37,26.04,14.81,14.7,17.42,18.22,17.78,14.65,0.364,0.349,0.342,10.87,12.29,12.89
"2013-08-02 00:30:00",38235,0,0.318,0.244,-0.006,-0.008,0.036,0.051,0.043,-0.009,28.36,26.04,14.81,14.69,17.42,18.22,17.78,14.63,0.366,0.351,0.345,10.71,12.07,12.66
"2013-08-02 00:45:00",38236,0,0.319,0.244,-0.006,-0.008,0.036,0.051,0.043,-0.009,28.37,26.04,14.81,14.69,17.42,18.2,17.77,14.63,0.368,0.353,0.347,10.54,11.85,12.44
"2013-08-02 01:00:00",38237,0,0.319,0.244,-0.006,-0.008,0.036,0.051,0.043,-0.009,28.37,26.04,14.81,14.69,17.4,18.2,17.78,14.63,0.37,0.356,0.349,10.37,11.63,12.22
"2013-08-02 01:15:00",38238,0,0.318,0.244,-0.006,-0.008,0.036,0.051,0.043,-0.009,28.36,26.04,14.81,14.69,17.4,18.19,17.77,14.63,0.372,0.358,0.352,10.2,11.41,12
"2013-08-02 01:30:00",38239,0,0.319,0.244,-0.006,-0.008,0.036,0.051,0.043,-0.004,28.37,26.04,14.81,14.69,17.4,18.19,17.77,14.92,0.373,0.361,0.354,10.03,11.2,11.79
"2013-08-02 01:45:00",38240,0,0.319,0.244,-0.006,-0.008,0.036,0.051,0.043,-0.006,28.37,26.03,14.81,14.69,17.4,18.19,17.77,14.84,0.375,0.363,0.356,9.87,10.99,11.57
"2013-08-02 02:00:00",38241,0,0.318,0.244,-0.006,-0.008,0.036,0.051,0.043,-0.004,28.36,26.04,14.81,14.69,17.4,18.19,17.75,14.95,0.377,0.365,0.359,9.71,10.78,11.36
"2013-08-02 02:15:00",38242,0,0.319,0.244,-0.006,-0.008,0.036,0.051,0.042,-0.006,28.37,26.04,14.81,14.69,17.4,18.19,17.74,14.8,0.379,0.367,0.361,9.55,10.57,11.15
"2013-08-02 02:30:00",38243,0,0.319,0.244,-0.006,-0.008,0.036,0.05,0.042,0.001,28.37,26.03,14.8,14.69,17.4,18.17,17.71,15.3,0.381,0.37,0.363,9.4,10.37,10.94
"2013-08-02 02:45:00",38244,0,0.319,0.244,-0.006,-0.008,0.036,0.05,0.042,0.001,28.37,26.03,14.8,14.69,17.39,18.16,17.73,15.3,0.382,0.372,0.366,9.25,10.18,10.74
"2013-08-02 03:00:00",38245,0,0.319,0.244,-0.006,-0.008,0.036,0.05,0.042,0.001,28.39,26.03,14.81,14.69,17.39,18.16,17.71,15.29,0.384,0.374,0.368,9.11,9.99,10.54
"2013-08-02 03:15:00",38246,0,0.319,0.244,-0.006,-0.008,0.036,0.05,0.042,0.001,28.39,26.03,14.81,14.7,17.39,18.16,17.71,15.29,0.386,0.376,0.37,8.97,9.8,10.34
"2013-08-02 03:30:00",38247,0,0.319,0.244,-0.006,-0.008,0.036,0.05,0.042,0.001,28.39,26.03,14.81,14.7,17.4,18.17,17.73,15.3,0.387,0.378,0.372,8.85,9.62,10.15
"2013-08-02 03:45:00",38248,0,0.319,0.244,-0.006,-0.008,0.036,0.05,0.042,0.001,28.39,26.03,14.82,14.7,17.4,18.16,17.73,15.29,0.388,0.38,0.374,8.74,9.45,9.97
"2013-08-02 04:00:00",38249,0,0.319,0.244,-0.006,-0.007,0.036,0.05,0.042,0.001,28.39,26.03,14.82,14.72,17.4,18.16,17.73,15.27,0.389,0.382,0.376,8.65,9.28,9.79
"2013-08-02 04:15:00",38250,0,0.319,0.244,-0.006,-0.007,0.036,0.05,0.042,0.001,28.39,26.04,14.82,14.72,17.4,18.16,17.71,15.27,0.39,0.384,0.378,8.58,9.13,9.63
"2013-08-02 04:30:00",38251,0,0.319,0.244,-0.006,-0.007,0.036,0.05,0.042,0.001,28.4,26.03,14.82,14.73,17.39,18.16,17.73,15.3,0.391,0.385,0.38,8.52,8.99,9.47
"2013-08-02 04:45:00",38252,0,0.319,0.244,-0.006,-0.007,0.036,0.05,0.042,0.001,28.39,26.03,14.84,14.73,17.39,18.16,17.71,15.3,0.391,0.387,0.381,8.47,8.87,9.34
"2013-08-02 05:00:00",38253,0,0.319,0.244,-0.006,-0.007,0.036,0.05,0.041,0.001,28.39,26.04,14.82,14.72,17.39,18.16,17.7,15.3,0.392,0.388,0.383,8.44,8.77,9.21
"2013-08-02 05:15:00",38254,0,0.319,0.244,-0.006,-0.007,0.036,0.05,0.042,0.001,28.39,26.03,14.82,14.72,17.39,18.15,17.71,15.3,0.392,0.389,0.384,8.4,8.67,9.1
"2013-08-02 05:30:00",38255,0,0.319,0.244,-0.006,-0.008,0.036,0.05,0.042,0.001,28.4,26.03,14.82,14.7,17.39,18.13,17.71,15.29,0.393,0.39,0.385,8.35,8.58,8.99
"2013-08-02 05:45:00",38256,0,0.319,0.244,-0.006,-0.007,0.036,0.05,0.041,0.001,28.39,26.03,14.82,14.72,17.37,18.15,17.7,15.29,0.393,0.391,0.386,8.3,8.51,8.9
"2013-08-02 06:00:00",38257,0,0.319,0.244,-0.006,-0.008,0.036,0.05,0.041,0.001,28.4,26.03,14.81,14.7,17.37,18.15,17.7,15.29,0.394,0.392,0.387,8.25,8.43,8.81
"2013-08-02 06:15:00",38258,0,0.319,0.244,-0.006,-0.008,0.036,0.05,0.041,0.001,28.4,26.01,14.81,14.7,17.37,18.15,17.7,15.27,0.395,0.393,0.388,8.19,8.36,8.73
"2013-08-02 06:30:00",38259,0,0.319,0.244,-0.006,-0.008,0.036,0.05,0.041,0.001,28.39,26.03,14.81,14.7,17.37,18.13,17.69,15.26,0.395,0.393,0.389,8.12,8.29,8.65
"2013-08-02 06:45:00",38260,0,0.319,0.244,-0.006,-0.008,0.036,0.05,0.041,0.001,28.39,26.03,14.81,14.7,17.37,18.13,17.69,15.27,0.396,0.394,0.39,8.04,8.21,8.56
"2013-08-02 07:00:00",38261,0,0.319,0.244,-0.006,-0.008,0.036,0.05,0.041,0.001,28.4,26.03,14.81,14.7,17.37,18.13,17.69,15.27,0.397,0.395,0.391,7.968,8.15,8.48
"2013-08-02 07:15:00",38262,0,0.319,0.244,-0.006,-0.008,0.036,0.05,0.041,0.003,28.4,26.03,14.82,14.7,17.37,18.13,17.67,15.39,0.398,0.396,0.392,7.895,8.07,8.39
"2013-08-02 07:30:00",38263,0,0.319,0.244,-0.006,-0.007,0.036,0.05,0.041,0.002,28.4,26.03,14.82,14.72,17.37,18.13,17.7,15.33,0.399,0.397,0.393,7.838,7.996,8.31
"2013-08-02 07:45:00",38264,0,0.319,0.244,-0.006,-0.007,0.036,0.05,0.041,0.001,28.4,26.03,14.82,14.72,17.39,18.13,17.7,15.31,0.399,0.398,0.394,7.801,7.927,8.23
"2013-08-02 08:00:00",38265,0,0.319,0.244,-0.006,-0.007,0.036,0.05,0.041,0.001,28.4,26.03,14.84,14.72,17.39,18.13,17.7,15.3,0.399,0.398,0.395,7.777,7.867,8.15
"2013-08-02 08:15:00",38266,0,0.32,0.244,-0.006,-0.007,0.036,0.05,0.041,0.001,28.42,26.03,14.84,14.72,17.39,18.13,17.7,15.3,0.399,0.399,0.396,7.768,7.813,8.08
"2013-08-02 08:30:00",38267,0,0.319,0.244,-0.006,-0.007,0.036,0.05,0.042,0.001,28.4,26.03,14.84,14.73,17.39,18.15,17.71,15.29,0.399,0.399,0.396,7.778,7.772,8.03
"2013-08-02 08:45:00",38268,0,0.32,0.244,-0.005,-0.007,0.036,0.05,0.041,0.001,28.42,26.03,14.85,14.74,17.37,18.15,17.7,15.27,0.399,0.4,0.397,7.808,7.744,7.986
"2013-08-02 09:00:00",38269,0,0.32,0.244,-0.005,-0.007,0.036,0.05,0.042,0,28.43,26.04,14.85,14.76,17.39,18.13,17.71,15.25,0.398,0.4,0.397,7.855,7.731,7.952
"2013-08-02 09:15:00",38270,0,0.32,0.244,-0.005,-0.007,0.036,0.05,0.042,-0.001,28.42,26.03,14.85,14.76,17.39,18.15,17.71,15.16,0.398,0.4,0.398,7.922,7.731,7.934
"2013-08-02 09:30:00",38271,0,0.32,0.244,-0.005,-0.007,0.036,0.05,0.042,-0.008,28.42,26.03,14.87,14.76,17.39,18.16,17.74,14.69,0.396,0.4,0.397,8.03,7.761,7.936
"2013-08-02 09:45:00",38272,0,0.32,0.244,-0.005,-0.006,0.036,0.05,0.043,-0.008,28.42,26.03,14.88,14.78,17.39,18.16,17.75,14.7,0.395,0.399,0.397,8.15,7.807,7.954
"2013-08-02 10:00:00",38273,0,0.32,0.244,-0.005,-0.006,0.036,0.05,0.043,-0.007,28.43,26.03,14.87,14.8,17.4,18.16,17.77,14.72,0.393,0.398,0.397,8.31,7.883,7.993
"2013-08-02 10:15:00",38274,0,0.32,0.244,-0.005,-0.006,0.036,0.05,0.043,-0.007,28.43,26.04,14.88,14.8,17.4,18.16,17.77,14.73,0.39,0.397,0.396,8.54,7.988,8.06
"2013-08-02 10:30:00",38275,0,0.32,0.244,-0.005,-0.006,0.036,0.05,0.043,-0.007,28.43,26.04,14.88,14.8,17.4,18.17,17.77,14.72,0.387,0.395,0.395,8.87,8.14,8.16
"2013-08-02 10:45:00",38276,0,0.32,0.244,-0.005,-0.006,0.036,0.05,0.043,-0.007,28.42,26.04,14.88,14.8,17.42,18.16,17.77,14.73,0.383,0.393,0.393,9.24,8.32,8.29
"2013-08-02 11:00:00",38277,0,0.32,0.244,-0.005,-0.006,0.036,0.05,0.043,-0.007,28.42,26.04,14.88,14.78,17.42,18.17,17.78,14.72,0.379,0.39,0.391,9.57,8.55,8.48
"2013-08-02 11:15:00",38278,0,0.32,0.244,-0.005,-0.006,0.036,0.05,0.043,-0.007,28.42,26.03,14.88,14.8,17.42,18.17,17.78,14.73,0.375,0.387,0.389,9.87,8.82,8.7
"2013-08-02 11:30:00",38279,0,0.32,0.244,-0.005,-0.006,0.036,0.051,0.043,-0.007,28.42,26.03,14.89,14.8,17.42,18.19,17.78,14.73,0.372,0.384,0.386,10.16,9.12,8.94
"2013-08-02 11:45:00",38280,0,0.32,0.244,-0.005,-0.006,0.036,0.051,0.043,-0.007,28.42,26.04,14.89,14.8,17.42,18.19,17.8,14.73,0.369,0.38,0.383,10.47,9.44,9.2
"2013-08-02 12:00:00",38281,0,0.32,0.244,-0.005,-0.006,0.037,0.051,0.043,-0.007,28.42,26.04,14.89,14.81,17.43,18.19,17.8,14.76,0.365,0.376,0.38,10.78,9.77,9.48
"2013-08-02 12:15:00",38282,0,0.32,0.244,-0.005,-0.006,0.037,0.051,0.044,-0.007,28.42,26.04,14.89,14.82,17.44,18.19,17.81,14.74,0.362,0.373,0.376,11.11,10.12,9.78
"2013-08-02 12:30:00",38283,0,0.32,0.244,-0.005,-0.006,0.037,0.051,0.044,-0.007,28.42,26.04,14.91,14.81,17.43,18.2,17.82,14.76,0.358,0.368,0.373,11.45,10.49,10.1
"2013-08-02 12:45:00",38284,0,0.319,0.244,-0.005,-0.006,0.037,0.051,0.044,-0.007,28.4,26.03,14.89,14.82,17.44,18.2,17.82,14.73,0.354,0.364,0.369,11.81,10.87,10.44
"2013-08-02 13:00:00",38285,0,0.319,0.244,-0.005,-0.006,0.037,0.051,0.044,-0.007,28.4,26.04,14.88,14.81,17.44,18.22,17.82,14.74,0.35,0.36,0.365,12.15,11.26,10.81
"2013-08-02 13:15:00",38286,0,0.319,0.244,-0.005,-0.006,0.037,0.051,0.044,-0.007,28.4,26.03,14.88,14.81,17.46,18.23,17.82,14.74,0.347,0.355,0.361,12.44,11.66,11.19
"2013-08-02 13:30:00",38287,0,0.319,0.244,-0.005,-0.006,0.037,0.051,0.044,-0.007,28.4,26.03,14.89,14.81,17.46,18.22,17.85,14.73,0.344,0.351,0.356,12.69,12.07,11.58
"2013-08-02 13:45:00",38288,0,0.319,0.244,-0.005,-0.006,0.037,0.051,0.044,-0.007,28.39,26.03,14.89,14.8,17.47,18.23,17.84,14.74,0.342,0.347,0.352,12.92,12.48,11.98
"2013-08-02 14:00:00",38289,0,0.319,0.244,-0.005,-0.006,0.037,0.052,0.044,-0.007,28.39,26.03,14.89,14.81,17.46,18.24,17.85,14.72,0.34,0.342,0.348,13.15,12.89,12.38
"2013-08-02 14:15:00",38290,0,0.319,0.244,-0.005,-0.006,0.037,0.052,0.044,-0.007,28.39,26.01,14.91,14.81,17.47,18.24,17.85,14.74,0.337,0.338,0.344,13.39,13.3,12.77
"2013-08-02 14:30:00",38291,0,0.319,0.244,-0.005,-0.006,0.037,0.052,0.045,-0.007,28.37,26.01,14.91,14.81,17.47,18.24,17.86,14.73,0.334,0.334,0.34,13.65,13.69,13.15
"2013-08-02 14:45:00",38292,0,0.319,0.244,-0.005,-0.006,0.037,0.052,0.045,-0.007,28.37,26.01,14.91,14.8,17.47,18.24,17.86,14.74,0.331,0.33,0.336,13.93,14.07,13.52
"2013-08-02 15:00:00",38293,0,0.319,0.244,-0.005,-0.006,0.038,0.052,0.045,-0.007,28.37,26.01,14.89,14.8,17.48,18.26,17.86,14.74,0.329,0.326,0.332,14.2,14.42,13.89
"2013-08-02 15:15:00",38294,0,0.318,0.244,-0.005,-0.006,0.038,0.052,0.045,-0.007,28.36,26.01,14.89,14.8,17.48,18.27,17.88,14.74,0.326,0.323,0.328,14.42,14.77,14.24
"2013-08-02 15:30:00",38295,0,0.318,0.243,-0.005,-0.006,0.038,0.052,0.045,-0.007,28.36,26,14.89,14.8,17.48,18.27,17.88,14.74,0.324,0.32,0.325,14.61,15.09,14.56
"2013-08-02 15:45:00",38296,0,0.318,0.243,-0.005,-0.006,0.038,0.052,0.045,-0.007,28.36,26,14.89,14.8,17.48,18.27,17.89,14.74,0.322,0.317,0.322,14.79,15.38,14.86
"2013-08-02 16:00:00",38297,0,0.318,0.243,-0.005,-0.006,0.038,0.053,0.045,-0.007,28.36,26,14.89,14.8,17.5,18.28,17.89,14.73,0.321,0.314,0.319,14.96,15.65,15.15
"2013-08-02 16:15:00",38298,0,0.318,0.243,-0.005,-0.006,0.038,0.053,0.045,-0.007,28.36,25.99,14.89,14.8,17.5,18.28,17.9,14.74,0.319,0.311,0.316,15.09,15.91,15.42
"2013-08-02 16:30:00",38299,0,0.318,0.243,-0.005,-0.006,0.038,0.053,0.045,-0.007,28.35,25.99,14.89,14.8,17.5,18.3,17.9,14.73,0.318,0.309,0.314,15.2,16.15,15.67
"2013-08-02 16:45:00",38300,0,0.318,0.243,-0.005,-0.006,0.038,0.053,0.045,-0.007,28.35,25.99,14.88,14.8,17.5,18.28,17.9,14.73,0.317,0.307,0.311,15.29,16.37,15.91
"2013-08-02 17:00:00",38301,0,0.317,0.243,-0.005,-0.007,0.038,0.053,0.046,-0.007,28.33,25.99,14.89,14.77,17.5,18.3,17.92,14.73,0.317,0.305,0.309,15.37,16.56,16.14
"2013-08-02 17:15:00",38302,0,0.317,0.242,-0.005,-0.006,0.038,0.053,0.045,-0.007,28.33,25.97,14.88,14.78,17.5,18.3,17.9,14.72,0.316,0.303,0.307,15.41,16.73,16.34
"2013-08-02 17:30:00",38303,0,0.317,0.243,-0.005,-0.007,0.038,0.053,0.045,-0.007,28.33,25.99,14.88,14.77,17.5,18.3,17.9,14.72,0.316,0.302,0.305,15.41,16.86,16.52
"2013-08-02 17:45:00",38304,0,0.317,0.242,-0.005,-0.007,0.038,0.053,0.045,-0.008,28.33,25.97,14.87,14.76,17.5,18.3,17.9,14.7,0.317,0.301,0.304,15.38,16.95,16.68
"2013-08-02 18:00:00",38305,0,0.317,0.242,-0.005,-0.007,0.038,0.053,0.045,-0.008,28.33,25.97,14.87,14.77,17.5,18.3,17.9,14.7,0.317,0.3,0.303,15.33,17.02,16.8
"2013-08-02 18:15:00",38306,0,0.317,0.242,-0.005,-0.007,0.038,0.053,0.045,-0.008,28.33,25.97,14.87,14.77,17.5,18.3,17.89,14.7,0.318,0.3,0.302,15.26,17.05,16.89
"2013-08-02 18:30:00",38307,0,0.317,0.242,-0.005,-0.007,0.038,0.053,0.045,-0.008,28.33,25.97,14.88,14.77,17.5,18.3,17.9,14.69,0.319,0.3,0.301,15.15,17.05,16.94
"2013-08-02 18:45:00",38308,0,0.317,0.242,-0.005,-0.007,0.038,0.053,0.045,-0.008,28.33,25.97,14.88,14.76,17.5,18.3,17.9,14.7,0.32,0.3,0.301,15.05,17.02,16.96
"2013-08-02 19:00:00",38309,0,0.317,0.242,-0.005,-0.007,0.038,0.053,0.045,-0.008,28.32,25.97,14.85,14.76,17.5,18.31,17.89,14.69,0.321,0.301,0.301,14.94,16.96,16.96
"2013-08-02 19:15:00",38310,0,0.317,0.242,-0.005,-0.007,0.038,0.053,0.045,-0.008,28.32,25.96,14.85,14.74,17.48,18.3,17.88,14.69,0.322,0.302,0.301,14.84,16.89,16.94
"2013-08-02 19:30:00",38311,0,0.317,0.242,-0.005,-0.007,0.038,0.053,0.045,-0.008,28.32,25.96,14.85,14.73,17.48,18.3,17.88,14.68,0.323,0.302,0.302,14.73,16.81,16.9
"2013-08-02 19:45:00",38312,0,0.317,0.242,-0.005,-0.007,0.037,0.053,0.045,-0.008,28.32,25.96,14.85,14.74,17.47,18.28,17.88,14.68,0.324,0.303,0.302,14.6,16.71,16.84
"2013-08-02 20:00:00",38313,0,0.317,0.241,-0.005,-0.007,0.037,0.053,0.045,-0.008,28.32,25.95,14.87,14.73,17.47,18.3,17.88,14.68,0.326,0.305,0.303,14.45,16.59,16.76
"2013-08-02 20:15:00",38314,0,0.317,0.241,-0.006,-0.007,0.037,0.053,0.045,-0.008,28.32,25.95,14.84,14.73,17.47,18.28,17.86,14.66,0.328,0.306,0.304,14.28,16.45,16.66
"2013-08-02 20:30:00",38315,0,0.317,0.242,-0.006,-0.007,0.038,0.053,0.045,-0.008,28.32,25.96,14.84,14.73,17.48,18.28,17.86,14.66,0.329,0.307,0.305,14.11,16.29,16.54
"2013-08-02 20:45:00",38316,0,0.317,0.241,-0.005,-0.007,0.038,0.052,0.045,-0.008,28.32,25.95,14.85,14.72,17.48,18.27,17.86,14.66,0.331,0.309,0.306,13.95,16.12,16.4
"2013-08-02 21:00:00",38317,0,0.317,0.241,-0.005,-0.007,0.037,0.052,0.045,-0.008,28.32,25.95,14.85,14.73,17.47,18.27,17.86,14.68,0.333,0.311,0.308,13.77,15.94,16.24
"2013-08-02 21:15:00",38318,0,0.317,0.241,-0.006,-0.007,0.037,0.052,0.044,-0.008,28.32,25.95,14.84,14.72,17.47,18.27,17.85,14.66,0.335,0.313,0.31,13.61,15.75,16.08
"2013-08-02 21:30:00",38319,0,0.317,0.241,-0.006,-0.007,0.037,0.052,0.044,-0.008,28.32,25.95,14.84,14.72,17.47,18.27,17.85,14.66,0.336,0.315,0.311,13.44,15.56,15.9
"2013-08-02 21:45:00",38320,0,0.317,0.241,-0.006,-0.007,0.037,0.052,0.044,-0.008,28.32,25.95,14.84,14.72,17.46,18.27,17.84,14.65,0.338,0.317,0.313,13.26,15.35,15.72
"2013-08-02 22:00:00",38321,0,0.316,0.241,-0.006,-0.007,0.037,0.052,0.044,-0.008,28.31,25.93,14.82,14.72,17.46,18.27,17.84,14.65,0.34,0.319,0.315,13.09,15.14,15.53
"2013-08-02 22:15:00",38322,0,0.316,0.241,-0.006,-0.008,0.037,0.052,0.044,-0.008,28.31,25.93,14.84,14.7,17.46,18.26,17.84,14.65,0.342,0.321,0.317,12.91,14.93,15.33
"2013-08-02 22:30:00",38323,0,0.317,0.241,-0.006,-0.007,0.037,0.052,0.044,-0.008,28.32,25.93,14.84,14.72,17.46,18.26,17.84,14.65,0.344,0.323,0.319,12.72,14.71,15.13
"2013-08-02 22:45:00",38324,0,0.317,0.241,-0.006,-0.008,0.037,0.052,0.044,-0.008,28.32,25.93,14.82,14.7,17.46,18.26,17.82,14.65,0.346,0.326,0.321,12.53,14.49,14.92
"2013-08-02 23:00:00",38325,0,0.317,0.241,-0.006,-0.007,0.037,0.052,0.044,-0.008,28.32,25.93,14.82,14.73,17.44,18.24,17.84,14.65,0.348,0.328,0.323,12.35,14.26,14.7
"2013-08-02 23:15:00",38326,0,0.317,0.241,-0.006,-0.007,0.037,0.052,0.044,-0.008,28.32,25.93,14.84,14.72,17.46,18.24,17.84,14.66,0.35,0.33,0.326,12.17,14.03,14.48
"2013-08-02 23:30:00",38327,0,0.317,0.241,-0.006,-0.007,0.037,0.052,0.044,-0.008,28.33,25.93,14.84,14.72,17.44,18.24,17.82,14.66,0.352,0.333,0.328,12.01,13.81,14.27
"2013-08-02 23:45:00",38328,0,0.317,0.241,-0.006,-0.007,0.037,0.052,0.044,-0.008,28.33,25.93,14.84,14.73,17.44,18.24,17.82,14.66,0.353,0.335,0.33,11.87,13.59,14.05
"2013-08-03 00:00:00",38329,0,0.317,0.241,-0.006,-0.007,0.037,0.052,0.044,-0.008,28.33,25.93,14.84,14.73,17.44,18.24,17.82,14.66,0.355,0.337,0.332,11.75,13.39,13.85
"2013-08-03 00:15:00",38330,0,0.317,0.241,-0.006,-0.007,0.037,0.052,0.044,-0.008,28.33,25.93,14.84,14.72,17.44,18.24,17.81,14.68,0.356,0.339,0.334,11.64,13.2,13.65
"2013-08-03 00:30:00",38331,0,0.317,0.241,-0.005,-0.007,0.037,0.051,0.044,-0.008,28.32,25.92,14.85,14.73,17.44,18.23,17.81,14.66,0.357,0.341,0.336,11.53,13.01,13.46
"2013-08-03 00:45:00",38332,0,0.317,0.241,-0.006,-0.007,0.037,0.051,0.044,-0.008,28.33,25.92,14.84,14.72,17.44,18.23,17.81,14.66,0.358,0.343,0.338,11.43,12.84,13.29
"2013-08-03 01:00:00",38333,0,0.317,0.241,-0.006,-0.007,0.037,0.051,0.043,-0.008,28.33,25.93,14.84,14.72,17.44,18.23,17.8,14.66,0.359,0.345,0.34,11.34,12.67,13.11
"2013-08-03 01:15:00",38334,0,0.317,0.241,-0.006,-0.007,0.037,0.051,0.044,-0.008,28.32,25.92,14.84,14.72,17.43,18.22,17.81,14.65,0.36,0.346,0.342,11.24,12.52,12.95
"2013-08-03 01:30:00",38335,0,0.317,0.241,-0.006,-0.007,0.037,0.051,0.043,-0.008,28.33,25.92,14.84,14.72,17.43,18.22,17.8,14.66,0.361,0.348,0.343,11.14,12.36,12.79
"2013-08-03 01:45:00",38336,0,0.317,0.241,-0.006,-0.008,0.037,0.051,0.043,-0.008,28.32,25.92,14.82,14.7,17.43,18.22,17.8,14.65,0.362,0.35,0.345,11.03,12.21,12.64
"2013-08-03 02:00:00",38337,0,0.317,0.241,-0.006,-0.008,0.036,0.051,0.043,-0.008,28.32,25.92,14.84,14.7,17.42,18.2,17.8,14.65,0.364,0.351,0.347,10.91,12.05,12.48
"2013-08-03 02:15:00",38338,0,0.317,0.241,-0.006,-0.008,0.036,0.051,0.043,-0.008,28.33,25.92,14.82,14.7,17.42,18.22,17.78,14.65,0.365,0.353,0.348,10.77,11.9,12.32
"2013-08-03 02:30:00",38339,0,0.317,0.24,-0.006,-0.008,0.036,0.051,0.043,-0.008,28.33,25.91,14.82,14.7,17.42,18.2,17.77,14.66,0.367,0.355,0.35,10.64,11.75,12.16
"2013-08-03 02:45:00",38340,0,0.317,0.24,-0.006,-0.007,0.036,0.051,0.043,-0.008,28.33,25.91,14.82,14.72,17.4,18.2,17.77,14.65,0.368,0.356,0.352,10.5,11.58,12
"2013-08-03 03:00:00",38341,0,0.317,0.241,-0.006,-0.007,0.036,0.051,0.043,-0.008,28.33,25.92,14.84,14.72,17.42,18.2,17.78,14.66,0.37,0.358,0.353,10.36,11.43,11.85
"2013-08-03 03:15:00",38342,0,0.317,0.24,-0.006,-0.007,0.036,0.051,0.043,-0.008,28.33,25.91,14.84,14.72,17.42,18.2,17.78,14.66,0.371,0.36,0.355,10.22,11.26,11.68
"2013-08-03 03:30:00",38343,0,0.318,0.241,-0.006,-0.007,0.036,0.051,0.043,-0.008,28.35,25.92,14.84,14.72,17.42,18.2,17.77,14.66,0.373,0.362,0.357,10.09,11.1,11.51
"2013-08-03 03:45:00",38344,0,0.318,0.241,-0.006,-0.007,0.036,0.051,0.043,-0.008,28.35,25.92,14.84,14.72,17.4,18.2,17.77,14.66,0.374,0.363,0.359,9.98,10.94,11.35
"2013-08-03 04:00:00",38345,0,0.318,0.24,-0.006,-0.008,0.036,0.051,0.043,-0.008,28.35,25.91,14.84,14.7,17.4,18.19,17.77,14.66,0.375,0.365,0.361,9.87,10.79,11.19
"2013-08-03 04:15:00",38346,0,0.318,0.24,-0.006,-0.007,0.036,0.051,0.043,-0.008,28.35,25.91,14.82,14.72,17.4,18.19,17.75,14.65,0.376,0.367,0.362,9.77,10.65,11.04
"2013-08-03 04:30:00",38347,0,0.317,0.241,-0.006,-0.008,0.036,0.05,0.043,-0.009,28.33,25.92,14.82,14.7,17.4,18.17,17.75,14.63,0.378,0.368,0.364,9.68,10.51,10.9
"2013-08-03 04:45:00",38348,0,0.318,0.24,-0.006,-0.008,0.036,0.05,0.043,-0.008,28.35,25.91,14.82,14.7,17.4,18.17,17.75,14.66,0.379,0.37,0.365,9.58,10.38,10.76
"2013-08-03 05:00:00",38349,0,0.317,0.24,-0.006,-0.008,0.036,0.05,0.042,-0.008,28.33,25.91,14.82,14.7,17.39,18.17,17.74,14.65,0.38,0.371,0.367,9.48,10.24,10.62
"2013-08-03 05:15:00",38350,0,0.317,0.24,-0.006,-0.008,0.036,0.05,0.042,-0.008,28.33,25.91,14.81,14.7,17.39,18.17,17.74,14.65,0.381,0.373,0.368,9.37,10.12,10.49
"2013-08-03 05:30:00",38351,0,0.318,0.24,-0.006,-0.008,0.036,0.05,0.043,-0.008,28.35,25.91,14.82,14.69,17.39,18.17,17.75,14.65,0.382,0.374,0.37,9.26,9.99,10.36
"2013-08-03 05:45:00",38352,0,0.317,0.24,-0.006,-0.008,0.036,0.05,0.042,-0.008,28.33,25.89,14.81,14.69,17.39,18.16,17.74,14.65,0.384,0.375,0.371,9.14,9.86,10.22
"2013-08-03 06:00:00",38353,0,0.318,0.24,-0.006,-0.008,0.036,0.05,0.042,-0.008,28.35,25.89,14.81,14.68,17.37,18.16,17.74,14.65,0.385,0.377,0.373,9.02,9.72,10.09
"2013-08-03 06:15:00",38354,0,0.318,0.24,-0.006,-0.008,0.036,0.05,0.042,-0.009,28.35,25.89,14.8,14.68,17.37,18.15,17.71,14.63,0.386,0.378,0.374,8.9,9.59,9.95
"2013-08-03 06:30:00",38355,0,0.318,0.24,-0.006,-0.008,0.036,0.05,0.042,-0.009,28.35,25.89,14.8,14.68,17.37,18.15,17.73,14.63,0.388,0.38,0.376,8.78,9.45,9.82
"2013-08-03 06:45:00",38356,0,0.318,0.24,-0.006,-0.008,0.035,0.05,0.042,-0.009,28.35,25.89,14.8,14.68,17.36,18.15,17.71,14.63,0.389,0.382,0.378,8.64,9.31,9.67
"2013-08-03 07:00:00",38357,0,0.318,0.24,-0.006,-0.008,0.036,0.05,0.042,-0.009,28.35,25.89,14.8,14.68,17.37,18.13,17.71,14.62,0.391,0.383,0.379,8.49,9.17,9.53
"2013-08-03 07:15:00",38358,0,0.318,0.24,-0.006,-0.008,0.036,0.05,0.042,-0.009,28.35,25.89,14.81,14.68,17.37,18.15,17.71,14.63,0.393,0.385,0.381,8.35,9.01,9.38
"2013-08-03 07:30:00",38359,0,0.318,0.24,-0.006,-0.008,0.036,0.05,0.042,-0.008,28.35,25.89,14.82,14.69,17.37,18.15,17.71,14.65,0.394,0.387,0.383,8.2,8.86,9.23
"2013-08-03 07:45:00",38360,0,0.318,0.24,-0.006,-0.008,0.036,0.05,0.042,-0.008,28.36,25.91,14.81,14.7,17.39,18.16,17.73,14.65,0.396,0.389,0.384,8.07,8.71,9.08
"2013-08-03 08:00:00",38361,0,0.318,0.24,-0.006,-0.007,0.036,0.05,0.042,-0.008,28.36,25.89,14.84,14.74,17.4,18.16,17.74,14.69,0.397,0.39,0.386,7.985,8.57,8.92
"2013-08-03 08:15:00",38362,0,0.319,0.24,-0.005,-0.007,0.036,0.05,0.043,-0.008,28.37,25.91,14.87,14.77,17.4,18.17,17.75,14.7,0.397,0.392,0.388,7.96,8.44,8.79
"2013-08-03 08:30:00",38363,0,0.319,0.241,-0.005,-0.006,0.036,0.05,0.043,-0.008,28.39,25.92,14.85,14.78,17.4,18.17,17.77,14.7,0.397,0.393,0.389,8.02,8.36,8.68
"2013-08-03 08:45:00",38364,0,0.319,0.24,-0.005,-0.006,0.036,0.05,0.043,-0.008,28.37,25.91,14.87,14.78,17.42,18.17,17.75,14.7,0.395,0.393,0.39,8.17,8.34,8.61
"2013-08-03 09:00:00",38365,0,0.319,0.241,-0.005,-0.007,0.036,0.05,0.043,-0.007,28.37,25.92,14.88,14.77,17.42,18.17,17.77,14.72,0.392,0.392,0.39,8.38,8.38,8.59
"2013-08-03 09:15:00",38366,0,0.319,0.24,-0.005,-0.006,0.037,0.05,0.043,-0.007,28.37,25.91,14.89,14.8,17.43,18.17,17.77,14.73,0.39,0.391,0.39,8.61,8.48,8.62
"2013-08-03 09:30:00",38367,0,0.319,0.241,-0.005,-0.006,0.037,0.05,0.043,-0.007,28.37,25.92,14.89,14.81,17.43,18.17,17.78,14.74,0.387,0.389,0.388,8.85,8.64,8.71
"2013-08-03 09:45:00",38368,0,0.319,0.241,-0.005,-0.006,0.036,0.05,0.043,-0.007,28.37,25.92,14.89,14.82,17.42,18.17,17.8,14.74,0.384,0.387,0.387,9.11,8.86,8.85
"2013-08-03 10:00:00",38369,0,0.319,0.24,-0.005,-0.006,0.037,0.051,0.043,-0.007,28.37,25.91,14.88,14.81,17.43,18.19,17.78,14.72,0.38,0.384,0.385,9.41,9.12,9.04
"2013-08-03 10:15:00",38370,0,0.319,0.24,-0.005,-0.006,0.036,0.051,0.043,-0.007,28.37,25.91,14.88,14.8,17.42,18.19,17.8,14.72,0.377,0.38,0.382,9.76,9.42,9.27
"2013-08-03 10:30:00",38371,0,0.319,0.24,-0.005,-0.006,0.037,0.051,0.043,-0.007,28.37,25.91,14.89,14.81,17.43,18.19,17.8,14.72,0.372,0.377,0.379,10.12,9.76,9.55
"2013-08-03 10:45:00",38372,0,0.319,0.24,-0.005,-0.006,0.037,0.051,0.044,-0.007,28.37,25.91,14.89,14.8,17.44,18.19,17.81,14.72,0.369,0.373,0.375,10.48,10.12,9.87
"2013-08-03 11:00:00",38373,0,0.318,0.24,-0.005,-0.006,0.037,0.051,0.043,-0.007,28.36,25.91,14.89,14.81,17.44,18.19,17.8,14.74,0.365,0.368,0.372,10.83,10.5,10.2
"2013-08-03 11:15:00",38374,0,0.318,0.24,-0.005,-0.006,0.037,0.051,0.044,-0.007,28.36,25.91,14.89,14.81,17.44,18.2,17.81,14.74,0.361,0.364,0.368,11.18,10.91,10.55
"2013-08-03 11:30:00",38375,0,0.318,0.24,-0.005,-0.006,0.037,0.051,0.044,-0.007,28.36,25.91,14.89,14.81,17.44,18.2,17.82,14.73,0.357,0.359,0.364,11.56,11.33,10.91
"2013-08-03 11:45:00",38376,0,0.318,0.24,-0.005,-0.006,0.037,0.051,0.044,-0.007,28.36,25.89,14.91,14.81,17.46,18.22,17.82,14.73,0.353,0.354,0.36,11.93,11.78,11.28
"2013-08-03 12:00:00",38377,0,0.318,0.24,-0.005,-0.006,0.037,0.051,0.044,-0.007,28.36,25.89,14.91,14.81,17.46,18.22,17.84,14.74,0.349,0.349,0.355,12.27,12.24,11.67
"2013-08-03 12:15:00",38378,0,0.318,0.24,-0.005,-0.006,0.037,0.051,0.044,-0.007,28.36,25.91,14.91,14.81,17.47,18.23,17.84,14.73,0.345,0.344,0.351,12.59,12.69,12.05
"2013-08-03 12:30:00",38379,0,0.318,0.24,-0.005,-0.006,0.037,0.051,0.044,-0.007,28.35,25.91,14.91,14.8,17.47,18.22,17.84,14.73,0.342,0.34,0.347,12.92,13.14,12.44
"2013-08-03 12:45:00",38380,0,0.318,0.24,-0.005,-0.006,0.037,0.052,0.044,-0.007,28.35,25.91,14.89,14.81,17.47,18.24,17.85,14.73,0.339,0.335,0.343,13.22,13.57,12.82
"2013-08-03 13:00:00",38381,0,0.318,0.24,-0.005,-0.006,0.037,0.052,0.045,-0.007,28.35,25.89,14.89,14.81,17.47,18.24,17.86,14.73,0.336,0.331,0.339,13.5,13.99,13.21
"2013-08-03 13:15:00",38382,0,0.318,0.24,-0.005,-0.006,0.038,0.052,0.045,-0.007,28.35,25.89,14.91,14.81,17.48,18.24,17.86,14.74,0.333,0.326,0.335,13.76,14.4,13.59
"2013-08-03 13:30:00",38383,0,0.317,0.24,-0.005,-0.006,0.038,0.052,0.045,-0.007,28.33,25.89,14.89,14.81,17.48,18.26,17.86,14.73,0.331,0.323,0.331,13.99,14.79,13.97
"2013-08-03 13:45:00",38384,0,0.317,0.24,-0.005,-0.006,0.038,0.052,0.045,-0.007,28.33,25.89,14.91,14.8,17.48,18.26,17.89,14.72,0.329,0.319,0.327,14.19,15.16,14.34
"2013-08-03 14:00:00",38385,0,0.317,0.24,-0.005,-0.006,0.038,0.052,0.045,-0.007,28.33,25.89,14.89,14.8,17.5,18.27,17.88,14.73,0.326,0.315,0.324,14.41,15.52,14.69
"2013-08-03 14:15:00",38386,0,0.317,0.24,-0.004,-0.006,0.038,0.052,0.045,-0.007,28.33,25.89,14.92,14.81,17.48,18.27,17.89,14.72,0.324,0.312,0.32,14.6,15.87,15.03
"2013-08-03 14:30:00",38387,0,0.317,0.239,-0.004,-0.006,0.038,0.053,0.045,-0.007,28.32,25.88,14.92,14.82,17.5,18.28,17.89,14.73,0.322,0.308,0.317,14.81,16.2,15.35
"2013-08-03 14:45:00",38388,0,0.317,0.239,-0.004,-0.006,0.038,0.052,0.045,-0.007,28.32,25.88,14.92,14.8,17.5,18.27,17.89,14.72,0.32,0.305,0.314,15.04,16.49,15.66
"2013-08-03 15:00:00",38389,0,0.316,0.239,-0.005,-0.006,0.038,0.053,0.045,-0.007,28.31,25.88,14.91,14.81,17.5,18.28,17.9,14.72,0.318,0.303,0.311,15.28,16.77,15.94
"2013-08-03 15:15:00",38390,0,0.317,0.239,-0.005,-0.006,0.038,0.053,0.045,-0.007,28.32,25.88,14.89,14.8,17.51,18.3,17.9,14.72,0.316,0.3,0.308,15.48,17.02,16.21
"2013-08-03 15:30:00",38391,0,0.316,0.239,-0.005,-0.006,0.038,0.053,0.045,-0.008,28.31,25.87,14.91,14.78,17.51,18.28,17.9,14.7,0.314,0.298,0.306,15.62,17.25,16.46
"2013-08-03 15:45:00",38392,0,0.316,0.239,-0.005,-0.006,0.038,0.053,0.046,-0.007,28.31,25.88,14.91,14.78,17.51,18.3,17.92,14.72,0.313,0.296,0.304,15.73,17.45,16.69
"2013-08-03 16:00:00",38393,0,0.316,0.239,-0.005,-0.006,0.038,0.053,0.046,-0.007,28.31,25.87,14.91,14.8,17.5,18.31,17.92,14.72,0.312,0.295,0.302,15.79,17.62,16.9
"2013-08-03 16:15:00",38394,0,0.316,0.239,-0.005,-0.006,0.038,0.053,0.046,-0.007,28.31,25.87,14.91,14.8,17.5,18.31,17.93,14.72,0.312,0.293,0.3,15.8,17.77,17.08
"2013-08-03 16:30:00",38395,0,0.316,0.239,-0.005,-0.006,0.038,0.053,0.046,-0.007,28.29,25.85,14.89,14.78,17.51,18.31,17.92,14.72,0.312,0.292,0.298,15.81,17.89,17.24
"2013-08-03 16:45:00",38396,0,0.316,0.239,-0.005,-0.006,0.038,0.053,0.046,-0.008,28.29,25.85,14.88,14.78,17.5,18.31,17.92,14.69,0.312,0.291,0.297,15.81,17.98,17.38
"2013-08-03 17:00:00",38397,0,0.316,0.239,-0.005,-0.007,0.038,0.053,0.046,-0.008,28.29,25.87,14.89,14.77,17.5,18.31,17.92,14.7,0.312,0.291,0.296,15.79,18.05,17.5
"2013-08-03 17:15:00",38398,0,0.315,0.239,-0.005,-0.007,0.038,0.053,0.045,-0.008,28.28,25.85,14.88,14.77,17.5,18.31,17.9,14.69,0.313,0.29,0.295,15.74,18.09,17.59
"2013-08-03 17:30:00",38399,0,0.316,0.239,-0.005,-0.007,0.038,0.053,0.046,-0.008,28.29,25.85,14.88,14.77,17.5,18.31,17.92,14.7,0.314,0.29,0.294,15.66,18.09,17.66
"2013-08-03 17:45:00",38400,0,0.315,0.239,-0.005,-0.007,0.038,0.053,0.046,-0.008,28.28,25.85,14.88,14.76,17.5,18.31,17.92,14.69,0.315,0.29,0.294,15.56,18.07,17.71
"2013-08-03 18:00:00",38401,0,0.316,0.239,-0.005,-0.007,0.038,0.053,0.046,-0.008,28.29,25.85,14.87,14.76,17.5,18.31,17.92,14.69,0.316,0.291,0.294,15.44,18.01,17.73
"2013-08-03 18:15:00",38402,0,0.315,0.239,-0.005,-0.007,0.038,0.053,0.045,-0.008,28.28,25.85,14.87,14.76,17.51,18.32,17.9,14.68,0.317,0.292,0.294,15.3,17.93,17.71
"2013-08-03 18:30:00",38403,0,0.315,0.238,-0.005,-0.007,0.038,0.053,0.045,-0.008,28.28,25.84,14.87,14.76,17.51,18.31,17.9,14.68,0.319,0.293,0.294,15.16,17.83,17.67
"2013-08-03 18:45:00",38404,0,0.315,0.238,-0.005,-0.007,0.038,0.053,0.045,-0.008,28.28,25.84,14.87,14.76,17.51,18.31,17.89,14.69,0.32,0.294,0.295,15.02,17.71,17.61
"2013-08-03 19:00:00",38405,0,0.315,0.238,-0.005,-0.007,0.038,0.053,0.045,-0.008,28.28,25.84,14.87,14.76,17.5,18.31,17.89,14.68,0.322,0.295,0.296,14.88,17.58,17.53
"2013-08-03 19:15:00",38406,0,0.315,0.238,-0.005,-0.007,0.038,0.053,0.045,-0.008,28.28,25.84,14.87,14.74,17.5,18.31,17.89,14.68,0.323,0.296,0.296,14.74,17.43,17.43
"2013-08-03 19:30:00",38407,0,0.315,0.238,-0.005,-0.007,0.038,0.053,0.045,-0.008,28.28,25.82,14.88,14.76,17.5,18.31,17.89,14.68,0.325,0.298,0.297,14.59,17.28,17.32
"2013-08-03 19:45:00",38408,0,0.315,0.238,-0.005,-0.007,0.038,0.053,0.045,-0.008,28.28,25.84,14.88,14.74,17.5,18.3,17.89,14.68,0.326,0.299,0.299,14.45,17.12,17.2
"2013-08-03 20:00:00",38409,0,0.315,0.238,-0.005,-0.007,0.038,0.053,0.045,-0.008,28.28,25.82,14.88,14.76,17.5,18.3,17.89,14.68,0.328,0.301,0.3,14.3,16.96,17.07
"2013-08-03 20:15:00",38410,0,0.315,0.238,-0.005,-0.007,0.038,0.053,0.045,-0.008,28.28,25.82,14.87,14.74,17.5,18.3,17.88,14.68,0.329,0.303,0.301,14.15,16.79,16.93
"2013-08-03 20:30:00",38411,0,0.315,0.238,-0.005,-0.007,0.038,0.053,0.045,-0.008,28.28,25.82,14.87,14.74,17.48,18.3,17.88,14.68,0.331,0.304,0.303,14.01,16.62,16.78
"2013-08-03 20:45:00",38412,0,0.315,0.237,-0.005,-0.007,0.038,0.053,0.045,-0.008,28.28,25.81,14.87,14.74,17.48,18.3,17.88,14.68,0.332,0.306,0.304,13.87,16.46,16.64
"2013-08-03 21:00:00",38413,0,0.315,0.237,-0.005,-0.007,0.038,0.053,0.045,-0.008,28.28,25.81,14.87,14.74,17.48,18.3,17.86,14.68,0.333,0.308,0.306,13.73,16.28,16.49
"2013-08-03 21:15:00",38414,0,0.315,0.238,-0.005,-0.007,0.038,0.053,0.045,-0.008,28.28,25.82,14.87,14.74,17.48,18.3,17.88,14.66,0.335,0.309,0.307,13.6,16.11,16.33
"2013-08-03 21:30:00",38415,0,0.315,0.237,-0.005,-0.007,0.038,0.053,0.045,-0.008,28.28,25.81,14.85,14.73,17.48,18.28,17.86,14.66,0.336,0.311,0.309,13.46,15.93,16.17
"2013-08-03 21:45:00",38416,0,0.315,0.237,-0.006,-0.007,0.037,0.053,0.045,-0.008,28.28,25.81,14.84,14.72,17.46,18.28,17.86,14.65,0.338,0.313,0.31,13.33,15.76,16.01
"2013-08-03 22:00:00",38417,0,0.315,0.237,-0.006,-0.007,0.037,0.052,0.044,-0.008,28.27,25.81,14.84,14.72,17.47,18.27,17.85,14.65,0.339,0.315,0.312,13.19,15.58,15.85
"2013-08-03 22:15:00",38418,0,0.315,0.237,-0.006,-0.007,0.037,0.052,0.044,-0.008,28.28,25.81,14.84,14.72,17.47,18.27,17.85,14.65,0.341,0.316,0.314,13.04,15.4,15.68
"2013-08-03 22:30:00",38419,0,0.315,0.237,-0.005,-0.007,0.037,0.052,0.044,-0.008,28.28,25.81,14.85,14.72,17.46,18.27,17.85,14.65,0.342,0.318,0.315,12.88,15.21,15.5
"2013-08-03 22:45:00",38420,0,0.315,0.237,-0.005,-0.007,0.037,0.052,0.044,-0.009,28.28,25.8,14.85,14.72,17.46,18.27,17.84,14.63,0.344,0.32,0.317,12.72,15.01,15.31
"2013-08-03 23:00:00",38421,0,0.315,0.237,-0.005,-0.007,0.037,0.052,0.044,-0.008,28.28,25.81,14.85,14.73,17.46,18.26,17.84,14.65,0.346,0.322,0.319,12.56,14.8,15.11
"2013-08-03 23:15:00",38422,0,0.315,0.237,-0.005,-0.007,0.037,0.052,0.044,-0.008,28.28,25.8,14.85,14.73,17.44,18.26,17.84,14.65,0.347,0.324,0.321,12.41,14.6,14.91
"2013-08-03 23:30:00",38423,0,0.316,0.237,-0.005,-0.007,0.037,0.052,0.044,-0.008,28.29,25.8,14.85,14.73,17.46,18.27,17.84,14.65,0.349,0.327,0.323,12.26,14.39,14.71
"2013-08-03 23:45:00",38424,0,0.315,0.237,-0.005,-0.007,0.037,0.052,0.044,-0.008,28.28,25.8,14.85,14.73,17.46,18.26,17.82,14.66,0.351,0.329,0.325,12.12,14.18,14.51
"2013-08-04 00:00:00",38425,0,0.315,0.237,-0.005,-0.007,0.037,0.052,0.044,-0.008,28.28,25.8,14.87,14.74,17.46,18.26,17.84,14.66,0.352,0.331,0.327,11.99,13.98,14.31
"2013-08-04 00:15:00",38426,0,0.316,0.237,-0.005,-0.007,0.037,0.052,0.044,-0.008,28.29,25.8,14.85,14.74,17.46,18.24,17.84,14.66,0.353,0.333,0.33,11.88,13.79,14.11
"2013-08-04 00:30:00",38427,0,0.315,0.237,-0.005,-0.007,0.037,0.052,0.044,-0.008,28.28,25.8,14.85,14.73,17.46,18.26,17.84,14.66,0.354,0.335,0.331,11.79,13.6,13.93
"2013-08-04 00:45:00",38428,0,0.316,0.237,-0.005,-0.007,0.037,0.052,0.044,-0.008,28.29,25.8,14.85,14.74,17.46,18.24,17.82,14.66,0.355,0.337,0.333,11.7,13.43,13.75
"2013-08-04 01:00:00",38429,0,0.316,0.237,-0.005,-0.007,0.037,0.052,0.044,-0.008,28.29,25.8,14.85,14.73,17.44,18.24,17.82,14.66,0.356,0.338,0.335,11.62,13.27,13.59
"2013-08-04 01:15:00",38430,0,0.315,0.237,-0.005,-0.007,0.037,0.052,0.044,-0.008,28.28,25.8,14.85,14.73,17.46,18.24,17.82,14.66,0.357,0.34,0.337,11.55,13.13,13.44
"2013-08-04 01:30:00",38431,0,0.316,0.237,-0.005,-0.007,0.037,0.051,0.044,-0.008,28.29,25.8,14.85,14.74,17.44,18.23,17.81,14.66,0.358,0.341,0.338,11.48,13,13.3
"2013-08-04 01:45:00",38432,0,0.315,0.237,-0.005,-0.007,0.037,0.051,0.044,-0.008,28.28,25.8,14.85,14.72,17.44,18.23,17.81,14.66,0.358,0.342,0.339,11.41,12.87,13.17
"2013-08-04 02:00:00",38433,0,0.315,0.237,-0.005,-0.007,0.037,0.052,0.044,-0.008,28.28,25.78,14.85,14.72,17.44,18.24,17.82,14.66,0.359,0.344,0.341,11.32,12.75,13.03
"2013-08-04 02:15:00",38434,0,0.316,0.237,-0.005,-0.007,0.037,0.051,0.044,-0.008,28.29,25.78,14.85,14.73,17.44,18.23,17.81,14.66,0.36,0.345,0.342,11.23,12.63,12.91
"2013-08-04 02:30:00",38435,0,0.316,0.237,-0.005,-0.007,0.037,0.051,0.044,-0.008,28.29,25.8,14.87,14.74,17.44,18.23,17.82,14.65,0.361,0.346,0.343,11.14,12.51,12.78
"2013-08-04 02:45:00",38436,0,0.316,0.237,-0.005,-0.007,0.037,0.052,0.044,-0.008,28.29,25.78,14.87,14.74,17.44,18.24,17.82,14.66,0.362,0.348,0.345,11.06,12.4,12.66
"2013-08-04 03:00:00",38437,0,0.316,0.237,-0.005,-0.007,0.037,0.051,0.044,-0.008,28.29,25.8,14.87,14.76,17.44,18.23,17.82,14.66,0.363,0.349,0.346,10.99,12.29,12.54
"2013-08-04 03:15:00",38438,0,0.316,0.237,-0.005,-0.007,0.037,0.052,0.044,-0.008,28.29,25.78,14.87,14.76,17.44,18.24,17.82,14.68,0.363,0.35,0.347,10.95,12.19,12.43
"2013-08-04 03:30:00",38439,0,0.316,0.237,-0.005,-0.007,0.037,0.051,0.044,-0.008,28.29,25.78,14.88,14.74,17.44,18.23,17.82,14.68,0.363,0.351,0.348,10.93,12.1,12.34
"2013-08-04 03:45:00",38440,0,0.316,0.237,-0.005,-0.007,0.037,0.051,0.044,-0.008,28.29,25.78,14.87,14.76,17.44,18.23,17.81,14.68,0.364,0.351,0.349,10.93,12.04,12.26
"2013-08-04 04:00:00",38441,0,0.316,0.237,-0.005,-0.007,0.037,0.051,0.044,-0.008,28.29,25.78,14.87,14.76,17.44,18.23,17.82,14.68,0.363,0.352,0.35,10.93,11.98,12.19
"2013-08-04 04:15:00",38442,0,0.316,0.237,-0.005,-0.007,0.037,0.051,0.044,-0.008,28.29,25.78,14.87,14.74,17.43,18.23,17.81,14.68,0.363,0.352,0.35,10.94,11.95,12.14
"2013-08-04 04:30:00",38443,0,0.316,0.237,-0.005,-0.007,0.037,0.051,0.043,-0.008,28.29,25.78,14.85,14.73,17.43,18.22,17.8,14.68,0.363,0.353,0.351,10.94,11.92,12.1
"2013-08-04 04:45:00",38444,0,0.316,0.236,-0.005,-0.007,0.037,0.051,0.043,-0.008,28.29,25.77,14.85,14.74,17.43,18.22,17.8,14.68,0.364,0.353,0.351,10.93,11.9,12.07
"2013-08-04 05:00:00",38445,0,0.315,0.237,-0.005,-0.007,0.037,0.051,0.043,-0.008,28.28,25.78,14.85,14.73,17.43,18.22,17.8,14.66,0.364,0.353,0.351,10.9,11.87,12.04
"2013-08-04 05:15:00",38446,0,0.316,0.236,-0.005,-0.007,0.037,0.051,0.043,-0.008,28.29,25.77,14.85,14.73,17.43,18.2,17.8,14.66,0.364,0.354,0.352,10.86,11.84,12.01
"2013-08-04 05:30:00",38447,0,0.315,0.237,-0.006,-0.007,0.036,0.051,0.043,-0.008,28.28,25.78,14.84,14.72,17.42,18.22,17.78,14.66,0.365,0.354,0.352,10.81,11.8,11.97
"2013-08-04 05:45:00",38448,0,0.315,0.236,-0.006,-0.008,0.036,0.051,0.043,-0.008,28.28,25.77,14.84,14.7,17.42,18.2,17.78,14.66,0.366,0.355,0.353,10.74,11.75,11.92
"2013-08-04 06:00:00",38449,0,0.315,0.236,-0.006,-0.007,0.036,0.051,0.043,-0.008,28.28,25.77,14.84,14.72,17.42,18.2,17.78,14.66,0.367,0.355,0.353,10.66,11.68,11.86
"2013-08-04 06:15:00",38450,0,0.315,0.236,-0.006,-0.007,0.036,0.051,0.043,-0.008,28.28,25.76,14.84,14.72,17.42,18.2,17.78,14.65,0.368,0.356,0.354,10.56,11.61,11.79
"2013-08-04 06:30:00",38451,0,0.315,0.236,-0.006,-0.007,0.036,0.051,0.043,-0.008,28.28,25.77,14.84,14.72,17.42,18.2,17.78,14.66,0.369,0.357,0.355,10.45,11.52,11.72
"2013-08-04 06:45:00",38452,0,0.316,0.236,-0.006,-0.007,0.036,0.051,0.043,-0.008,28.29,25.77,14.84,14.72,17.42,18.2,17.78,14.66,0.37,0.358,0.356,10.35,11.43,11.63
"2013-08-04 07:00:00",38453,0,0.315,0.236,-0.005,-0.007,0.036,0.051,0.043,-0.008,28.28,25.76,14.85,14.73,17.42,18.2,17.78,14.66,0.371,0.359,0.357,10.25,11.32,11.52
"2013-08-04 07:15:00",38454,0,0.316,0.236,-0.005,-0.007,0.036,0.051,0.043,-0.008,28.29,25.77,14.85,14.73,17.42,18.2,17.78,14.68,0.372,0.36,0.358,10.16,11.22,11.42
"2013-08-04 07:30:00",38455,0,0.316,0.236,-0.005,-0.007,0.036,0.051,0.043,-0.008,28.29,25.76,14.85,14.73,17.42,18.2,17.77,14.66,0.373,0.361,0.359,10.1,11.12,11.32
"2013-08-04 07:45:00",38456,0,0.316,0.236,-0.005,-0.007,0.036,0.051,0.043,-0.008,28.29,25.77,14.85,14.74,17.42,18.19,17.77,14.68,0.373,0.362,0.36,10.04,11.02,11.22
"2013-08-04 08:00:00",38457,0,0.316,0.236,-0.005,-0.007,0.036,0.051,0.043,-0.007,28.31,25.76,14.87,14.77,17.42,18.2,17.78,14.72,0.374,0.363,0.361,9.99,10.93,11.13
"2013-08-04 08:15:00",38458,0,0.316,0.236,-0.005,-0.007,0.037,0.051,0.043,-0.007,28.29,25.77,14.88,14.77,17.43,18.2,17.8,14.72,0.374,0.364,0.362,9.97,10.85,11.04
"2013-08-04 08:30:00",38459,0,0.316,0.236,-0.005,-0.007,0.037,0.051,0.043,-0.008,28.31,25.77,14.88,14.77,17.44,18.2,17.8,14.7,0.373,0.365,0.363,10.03,10.8,10.97
"2013-08-04 08:45:00",38460,0,0.316,0.236,-0.005,-0.007,0.037,0.051,0.043,-0.008,28.29,25.77,14.88,14.77,17.43,18.2,17.8,14.7,0.372,0.365,0.364,10.16,10.78,10.92
"2013-08-04 09:00:00",38461,0,0.316,0.236,-0.005,-0.007,0.037,0.051,0.044,-0.008,28.29,25.77,14.88,14.77,17.43,18.2,17.81,14.7,0.37,0.365,0.364,10.32,10.8,10.9
"2013-08-04 09:15:00",38462,0,0.316,0.236,-0.005,-0.006,0.037,0.051,0.043,-0.007,28.29,25.77,14.89,14.78,17.44,18.22,17.8,14.74,0.369,0.364,0.364,10.48,10.85,10.92
"2013-08-04 09:30:00",38463,0,0.316,0.236,-0.005,-0.006,0.037,0.051,0.044,-0.007,28.31,25.77,14.91,14.81,17.44,18.22,17.82,14.76,0.367,0.363,0.363,10.64,10.94,10.97
"2013-08-04 09:45:00",38464,0,0.316,0.236,-0.005,-0.006,0.037,0.051,0.044,-0.007,28.31,25.77,14.91,14.81,17.44,18.22,17.81,14.74,0.365,0.362,0.362,10.84,11.05,11.04
"2013-08-04 10:00:00",38465,0,0.316,0.236,-0.005,-0.006,0.037,0.051,0.044,-0.007,28.31,25.77,14.89,14.81,17.44,18.22,17.82,14.74,0.362,0.36,0.361,11.11,11.2,11.16
"2013-08-04 10:15:00",38466,0,0.316,0.236,-0.005,-0.006,0.037,0.051,0.044,-0.007,28.29,25.77,14.89,14.8,17.44,18.22,17.82,14.73,0.358,0.358,0.359,11.44,11.4,11.31
"2013-08-04 10:30:00",38467,0,0.316,0.236,-0.005,-0.006,0.037,0.051,0.044,-0.007,28.29,25.77,14.89,14.8,17.44,18.23,17.82,14.73,0.354,0.356,0.357,11.8,11.63,11.51
"2013-08-04 10:45:00",38468,0,0.316,0.236,-0.005,-0.006,0.037,0.051,0.044,-0.007,28.29,25.77,14.91,14.8,17.46,18.23,17.84,14.73,0.35,0.353,0.355,12.14,11.91,11.75
"2013-08-04 11:00:00",38469,0,0.316,0.236,-0.005,-0.006,0.037,0.051,0.044,-0.008,28.29,25.77,14.89,14.81,17.47,18.23,17.84,14.7,0.347,0.349,0.352,12.47,12.22,12.02
"2013-08-04 11:15:00",38470,0,0.316,0.236,-0.005,-0.006,0.037,0.052,0.044,-0.007,28.29,25.77,14.89,14.8,17.46,18.24,17.85,14.72,0.343,0.346,0.349,12.79,12.56,12.3
"2013-08-04 11:30:00",38471,0,0.315,0.236,-0.005,-0.006,0.037,0.051,0.044,-0.007,28.28,25.76,14.89,14.8,17.46,18.23,17.85,14.72,0.34,0.342,0.345,13.13,12.91,12.6
"2013-08-04 11:45:00",38472,0,0.316,0.236,-0.005,-0.006,0.037,0.052,0.044,-0.007,28.29,25.76,14.91,14.81,17.46,18.24,17.85,14.72,0.336,0.338,0.342,13.45,13.3,12.9
"2013-08-04 12:00:00",38473,0,0.316,0.236,-0.005,-0.006,0.037,0.052,0.045,-0.007,28.29,25.76,14.91,14.81,17.47,18.24,17.86,14.72,0.333,0.334,0.339,13.74,13.68,13.22
"2013-08-04 12:15:00",38474,0,0.315,0.236,-0.005,-0.006,0.037,0.052,0.044,-0.007,28.28,25.76,14.91,14.8,17.47,18.26,17.85,14.72,0.33,0.33,0.335,14.02,14.07,13.54
"2013-08-04 12:30:00",38475,0,0.315,0.235,-0.005,-0.006,0.038,0.052,0.045,-0.007,28.28,25.74,14.89,14.81,17.48,18.26,17.86,14.72,0.328,0.326,0.332,14.28,14.45,13.86
"2013-08-04 12:45:00",38476,0,0.315,0.236,-0.005,-0.006,0.038,0.052,0.045,-0.007,28.27,25.76,14.89,14.81,17.48,18.26,17.88,14.72,0.325,0.322,0.329,14.54,14.81,14.17
"2013-08-04 13:00:00",38477,0,0.315,0.235,-0.005,-0.006,0.038,0.052,0.045,-0.007,28.27,25.74,14.91,14.81,17.48,18.27,17.88,14.72,0.323,0.319,0.326,14.77,15.17,14.49
"2013-08-04 13:15:00",38478,0,0.315,0.235,-0.005,-0.006,0.038,0.053,0.045,-0.007,28.27,25.74,14.91,14.8,17.5,18.28,17.89,14.72,0.321,0.315,0.322,14.97,15.51,14.8
"2013-08-04 13:30:00",38479,0,0.315,0.235,-0.005,-0.006,0.038,0.052,0.045,-0.007,28.27,25.74,14.89,14.8,17.48,18.27,17.89,14.72,0.319,0.312,0.319,15.14,15.83,15.1
"2013-08-04 13:45:00",38480,0,0.315,0.235,-0.005,-0.006,0.038,0.053,0.045,-0.007,28.27,25.74,14.91,14.81,17.5,18.28,17.9,14.72,0.317,0.309,0.316,15.3,16.13,15.39
"2013-08-04 14:00:00",38481,0,0.314,0.235,-0.005,-0.006,0.038,0.053,0.045,-0.007,28.25,25.74,14.89,14.8,17.5,18.3,17.89,14.72,0.316,0.306,0.314,15.47,16.42,15.67
"2013-08-04 14:15:00",38482,0,0.314,0.235,-0.005,-0.006,0.038,0.053,0.045,-0.008,28.25,25.74,14.91,14.81,17.5,18.3,17.89,14.7,0.314,0.303,0.311,15.63,16.71,15.94
"2013-08-04 14:30:00",38483,0,0.314,0.235,-0.005,-0.006,0.038,0.053,0.045,-0.008,28.25,25.73,14.91,14.81,17.5,18.3,17.9,14.7,0.312,0.301,0.308,15.79,16.97,16.2
"2013-08-04 14:45:00",38484,0,0.314,0.235,-0.005,-0.006,0.038,0.053,0.045,-0.008,28.25,25.73,14.91,14.8,17.51,18.31,17.9,14.7,0.311,0.299,0.306,15.96,17.2,16.44
"2013-08-04 15:00:00",38485,0,0.314,0.235,-0.005,-0.006,0.038,0.053,0.045,-0.008,28.24,25.73,14.89,14.78,17.51,18.31,17.9,14.7,0.309,0.297,0.304,16.13,17.41,16.67
"2013-08-04 15:15:00",38486,0,0.314,0.235,-0.005,-0.006,0.038,0.053,0.045,-0.008,28.24,25.73,14.89,14.78,17.51,18.31,17.9,14.68,0.308,0.295,0.302,16.24,17.61,16.88
"2013-08-04 15:30:00",38487,0,0.314,0.235,-0.005,-0.007,0.038,0.053,0.045,-0.008,28.23,25.72,14.88,14.77,17.51,18.31,17.9,14.69,0.308,0.293,0.3,16.28,17.77,17.08
"2013-08-04 15:45:00",38488,0,0.314,0.235,-0.005,-0.007,0.038,0.053,0.045,-0.008,28.24,25.72,14.89,14.77,17.5,18.31,17.9,14.69,0.308,0.292,0.298,16.28,17.9,17.25
"2013-08-04 16:00:00",38489,0,0.314,0.235,-0.005,-0.007,0.038,0.053,0.045,-0.008,28.24,25.72,14.89,14.77,17.5,18.31,17.9,14.66,0.308,0.291,0.297,16.24,18,17.39
"2013-08-04 16:15:00",38490,0,0.314,0.235,-0.005,-0.006,0.038,0.053,0.045,-0.008,28.23,25.72,14.89,14.78,17.5,18.31,17.9,14.69,0.309,0.29,0.296,16.17,18.07,17.5
"2013-08-04 16:30:00",38491,0,0.314,0.235,-0.005,-0.006,0.038,0.053,0.045,-0.008,28.23,25.72,14.89,14.78,17.51,18.32,17.9,14.69,0.309,0.29,0.295,16.09,18.11,17.58
"2013-08-04 16:45:00",38492,0,0.314,0.234,-0.005,-0.007,0.038,0.053,0.045,-0.008,28.23,25.7,14.89,14.77,17.51,18.32,17.9,14.68,0.31,0.29,0.294,16.01,18.13,17.63
"2013-08-04 17:00:00",38493,0,0.314,0.234,-0.005,-0.007,0.038,0.053,0.045,-0.008,28.23,25.7,14.88,14.77,17.5,18.31,17.9,14.68,0.311,0.29,0.294,15.92,18.11,17.67
"2013-08-04 17:15:00",38494,0,0.314,0.234,-0.005,-0.007,0.038,0.053,0.045,-0.008,28.23,25.7,14.88,14.76,17.5,18.31,17.89,14.68,0.312,0.29,0.294,15.81,18.07,17.68
"2013-08-04 17:30:00",38495,0,0.314,0.234,-0.005,-0.007,0.038,0.053,0.045,-0.008,28.23,25.69,14.87,14.76,17.5,18.31,17.89,14.66,0.313,0.291,0.294,15.7,18.02,17.67
"2013-08-04 17:45:00",38496,0,0.313,0.234,-0.005,-0.007,0.038,0.053,0.045,-0.008,28.21,25.69,14.87,14.76,17.5,18.31,17.9,14.66,0.315,0.291,0.294,15.56,17.95,17.65
"2013-08-04 18:00:00",38497,0,0.313,0.234,-0.005,-0.007,0.038,0.053,0.045,-0.008,28.21,25.69,14.88,14.77,17.51,18.31,17.89,14.66,0.317,0.292,0.295,15.38,17.86,17.6
"2013-08-04 18:15:00",38498,0,0.314,0.234,-0.005,-0.007,0.038,0.053,0.045,-0.008,28.23,25.69,14.87,14.76,17.5,18.31,17.89,14.66,0.318,0.293,0.295,15.2,17.75,17.54
"2013-08-04 18:30:00",38499,0,0.313,0.234,-0.005,-0.007,0.038,0.053,0.045,-0.008,28.21,25.69,14.88,14.76,17.5,18.31,17.89,14.66,0.32,0.295,0.296,15.02,17.62,17.45
"2013-08-04 18:45:00",38500,0,0.313,0.233,-0.005,-0.007,0.038,0.053,0.045,-0.008,28.21,25.68,14.88,14.76,17.5,18.31,17.88,14.65,0.322,0.296,0.297,14.84,17.47,17.35
"2013-08-04 19:00:00",38501,0,0.313,0.234,-0.005,-0.007,0.038,0.053,0.045,-0.008,28.21,25.69,14.87,14.74,17.5,18.31,17.88,14.66,0.324,0.298,0.298,14.66,17.31,17.23
"2013-08-04 19:15:00",38502,0,0.313,0.233,-0.005,-0.007,0.038,0.053,0.045,-0.008,28.21,25.68,14.87,14.74,17.5,18.3,17.88,14.65,0.326,0.299,0.3,14.49,17.14,17.1
"2013-08-04 19:30:00",38503,0,0.313,0.233,-0.005,-0.007,0.038,0.053,0.045,-0.009,28.2,25.68,14.85,14.73,17.48,18.3,17.86,14.63,0.327,0.301,0.301,14.33,16.97,16.96
"2013-08-04 19:45:00",38504,0,0.313,0.233,-0.005,-0.007,0.038,0.053,0.045,-0.009,28.21,25.68,14.85,14.73,17.48,18.28,17.86,14.63,0.329,0.303,0.302,14.18,16.79,16.81
"2013-08-04 20:00:00",38505,0,0.313,0.233,-0.005,-0.007,0.037,0.053,0.045,-0.008,28.2,25.66,14.85,14.73,17.47,18.28,17.86,14.65,0.331,0.304,0.304,14.01,16.6,16.65
"2013-08-04 20:15:00",38506,0,0.313,0.233,-0.006,-0.007,0.037,0.053,0.044,-0.009,28.2,25.68,14.84,14.72,17.47,18.28,17.85,14.63,0.332,0.306,0.306,13.84,16.41,16.48
"2013-08-04 20:30:00",38507,0,0.313,0.233,-0.006,-0.007,0.037,0.053,0.044,-0.009,28.21,25.66,14.84,14.72,17.47,18.28,17.85,14.63,0.334,0.308,0.307,13.66,16.21,16.31
"2013-08-04 20:45:00",38508,0,0.313,0.233,-0.005,-0.007,0.037,0.052,0.044,-0.009,28.2,25.66,14.85,14.72,17.47,18.27,17.84,14.63,0.336,0.31,0.309,13.48,16,16.12
"2013-08-04 21:00:00",38509,0,0.313,0.233,-0.006,-0.007,0.037,0.052,0.044,-0.009,28.2,25.66,14.84,14.72,17.47,18.27,17.84,14.63,0.338,0.313,0.311,13.29,15.78,15.92
"2013-08-04 21:15:00",38510,0,0.313,0.233,-0.005,-0.007,0.037,0.052,0.044,-0.009,28.2,25.65,14.85,14.72,17.46,18.27,17.82,14.62,0.34,0.315,0.313,13.09,15.55,15.71
"2013-08-04 21:30:00",38511,0,0.313,0.233,-0.006,-0.008,0.037,0.052,0.044,-0.009,28.21,25.65,14.84,14.7,17.46,18.27,17.84,14.62,0.342,0.317,0.315,12.88,15.31,15.5
"2013-08-04 21:45:00",38512,0,0.313,0.233,-0.006,-0.007,0.037,0.052,0.044,-0.009,28.2,25.66,14.84,14.72,17.44,18.27,17.82,14.62,0.345,0.32,0.318,12.68,15.07,15.28
"2013-08-04 22:00:00",38513,0,0.313,0.233,-0.006,-0.008,0.037,0.052,0.044,-0.009,28.21,25.65,14.84,14.7,17.44,18.26,17.82,14.62,0.347,0.322,0.32,12.48,14.83,15.05
"2013-08-04 22:15:00",38514,0,0.313,0.233,-0.006,-0.008,0.037,0.052,0.044,-0.009,28.2,25.65,14.84,14.7,17.44,18.26,17.81,14.62,0.349,0.325,0.322,12.28,14.57,14.82
"2013-08-04 22:30:00",38515,0,0.313,0.233,-0.006,-0.007,0.037,0.052,0.044,-0.009,28.21,25.65,14.84,14.72,17.44,18.26,17.82,14.63,0.351,0.327,0.325,12.09,14.33,14.59
"2013-08-04 22:45:00",38516,0,0.313,0.233,-0.006,-0.007,0.037,0.052,0.044,-0.009,28.21,25.65,14.84,14.72,17.44,18.24,17.82,14.62,0.353,0.33,0.327,11.91,14.08,14.35
"2013-08-04 23:00:00",38517,0,0.313,0.232,-0.006,-0.008,0.037,0.052,0.044,-0.009,28.21,25.63,14.84,14.7,17.44,18.24,17.81,14.63,0.355,0.332,0.329,11.73,13.83,14.12
"2013-08-04 23:15:00",38518,0,0.313,0.233,-0.006,-0.008,0.037,0.052,0.044,-0.009,28.21,25.65,14.84,14.7,17.43,18.24,17.81,14.63,0.357,0.335,0.332,11.57,13.59,13.88
"2013-08-04 23:30:00",38519,0,0.313,0.233,-0.006,-0.007,0.037,0.051,0.043,-0.009,28.2,25.65,14.84,14.72,17.43,18.23,17.8,14.62,0.358,0.337,0.334,11.41,13.35,13.65
"2013-08-04 23:45:00",38520,0,0.313,0.233,-0.006,-0.007,0.037,0.051,0.043,-0.009,28.21,25.65,14.84,14.73,17.44,18.23,17.8,14.63,0.36,0.34,0.337,11.26,13.12,13.43
"2013-08-05 00:00:00",38521,0,0.313,0.233,-0.006,-0.007,0.037,0.051,0.043,-0.009,28.21,25.65,14.84,14.72,17.44,18.23,17.8,14.63,0.361,0.342,0.339,11.11,12.9,13.21
"2013-08-05 00:15:00",38522,0,0.313,0.232,-0.006,-0.007,0.037,0.051,0.043,-0.009,28.21,25.63,14.84,14.73,17.43,18.23,17.8,14.63,0.363,0.344,0.341,10.99,12.68,12.99
"2013-08-05 00:30:00",38523,0,0.313,0.233,-0.006,-0.007,0.037,0.051,0.043,-0.009,28.21,25.65,14.84,14.73,17.43,18.23,17.8,14.63,0.364,0.347,0.343,10.88,12.48,12.78
"2013-08-05 00:45:00",38524,0,0.314,0.233,-0.005,-0.007,0.037,0.051,0.043,-0.009,28.23,25.65,14.85,14.73,17.43,18.23,17.8,14.63,0.365,0.349,0.345,10.78,12.29,12.59
"2013-08-05 01:00:00",38525,0,0.314,0.233,-0.005,-0.007,0.037,0.051,0.043,-0.009,28.23,25.65,14.85,14.73,17.43,18.23,17.8,14.63,0.366,0.35,0.347,10.71,12.12,12.41
"2013-08-05 01:15:00",38526,0,0.314,0.233,-0.005,-0.007,0.037,0.051,0.043,-0.009,28.23,25.65,14.85,14.73,17.43,18.22,17.8,14.63,0.367,0.352,0.349,10.64,11.96,12.25
"2013-08-05 01:30:00",38527,0,0.314,0.233,-0.005,-0.007,0.037,0.051,0.043,-0.008,28.23,25.65,14.85,14.73,17.43,18.22,17.8,14.65,0.367,0.354,0.351,10.58,11.82,12.09
"2013-08-05 01:45:00",38528,0,0.314,0.233,-0.005,-0.007,0.037,0.051,0.043,-0.008,28.23,25.65,14.85,14.74,17.43,18.22,17.8,14.65,0.368,0.355,0.352,10.53,11.69,11.95
"2013-08-05 02:00:00",38529,0,0.314,0.232,-0.005,-0.007,0.037,0.051,0.043,-0.008,28.23,25.63,14.85,14.73,17.43,18.22,17.78,14.65,0.369,0.357,0.354,10.47,11.57,11.82
"2013-08-05 02:15:00",38530,0,0.313,0.232,-0.005,-0.007,0.037,0.051,0.043,-0.008,28.21,25.63,14.85,14.73,17.43,18.22,17.78,14.65,0.369,0.358,0.355,10.43,11.46,11.71
"2013-08-05 02:30:00",38531,0,0.313,0.233,-0.005,-0.007,0.037,0.051,0.043,-0.008,28.21,25.65,14.85,14.73,17.43,18.2,17.78,14.65,0.37,0.359,0.356,10.38,11.37,11.6
"2013-08-05 02:45:00",38532,0,0.313,0.232,-0.006,-0.007,0.036,0.051,0.043,-0.009,28.21,25.63,14.84,14.72,17.42,18.2,17.78,14.63,0.37,0.36,0.357,10.34,11.28,11.5
"2013-08-05 03:00:00",38533,0,0.314,0.232,-0.006,-0.007,0.036,0.051,0.043,-0.009,28.23,25.62,14.84,14.72,17.42,18.19,17.77,14.63,0.371,0.361,0.358,10.28,11.2,11.41
"2013-08-05 03:15:00",38534,0,0.314,0.232,-0.006,-0.008,0.036,0.051,0.043,-0.009,28.23,25.62,14.82,14.7,17.4,18.19,17.77,14.63,0.372,0.361,0.359,10.2,11.12,11.33
"2013-08-05 03:30:00",38535,0,0.313,0.232,-0.006,-0.008,0.036,0.051,0.043,-0.009,28.21,25.62,14.84,14.7,17.4,18.19,17.75,14.63,0.373,0.362,0.36,10.1,11.03,11.24
"2013-08-05 03:45:00",38536,0,0.313,0.232,-0.006,-0.008,0.036,0.051,0.043,-0.009,28.21,25.62,14.82,14.7,17.4,18.19,17.75,14.62,0.374,0.363,0.361,9.99,10.94,11.15
"2013-08-05 04:00:00",38537,0,0.313,0.232,-0.006,-0.008,0.036,0.051,0.042,-0.009,28.21,25.62,14.82,14.7,17.4,18.19,17.74,14.62,0.375,0.365,0.362,9.87,10.83,11.04
"2013-08-05 04:15:00",38538,0,0.313,0.232,-0.006,-0.008,0.036,0.051,0.042,-0.009,28.21,25.62,14.82,14.7,17.4,18.19,17.74,14.62,0.377,0.366,0.364,9.74,10.72,10.93
"2013-08-05 04:30:00",38539,0,0.314,0.232,-0.006,-0.008,0.036,0.05,0.043,-0.009,28.23,25.62,14.84,14.7,17.39,18.17,17.75,14.63,0.378,0.367,0.365,9.63,10.59,10.81
"2013-08-05 04:45:00",38540,0,0.313,0.232,-0.006,-0.008,0.036,0.05,0.043,-0.009,28.21,25.62,14.82,14.7,17.39,18.17,17.75,14.63,0.379,0.369,0.366,9.51,10.46,10.69
"2013-08-05 05:00:00",38541,0,0.314,0.232,-0.006,-0.008,0.036,0.05,0.042,-0.009,28.23,25.62,14.84,14.7,17.39,18.16,17.74,14.62,0.381,0.37,0.368,9.41,10.33,10.56
"2013-08-05 05:15:00",38542,0,0.314,0.232,-0.006,-0.008,0.036,0.05,0.042,-0.009,28.23,25.62,14.84,14.7,17.39,18.17,17.74,14.63,0.382,0.372,0.369,9.31,10.2,10.43
"2013-08-05 05:30:00",38543,70.2,0.314,0.232,-0.006,-0.008,0.035,0.05,0.042,-0.009,28.23,25.62,14.81,14.69,17.36,18.17,17.71,14.62,0.383,0.373,0.371,9.2,10.07,10.3
"2013-08-05 05:45:00",38544,0.2,0.319,0.232,-0.006,-0.008,0.036,0.05,0.042,-0.007,28.37,25.62,14.8,14.69,17.37,18.17,17.73,14.76,0.384,0.375,0.372,9.1,9.94,10.18
"2013-08-05 06:00:00",38545,0,0.32,0.232,-0.006,-0.008,0.035,0.05,0.042,-0.009,28.42,25.62,14.8,14.69,17.36,18.16,17.73,14.61,0.385,0.376,0.373,8.99,9.81,10.05
"2013-08-05 06:15:00",38546,0,0.32,0.231,-0.006,-0.008,0.035,0.05,0.042,-0.009,28.43,25.61,14.8,14.68,17.36,18.17,17.73,14.59,0.387,0.378,0.375,8.88,9.67,9.92
"2013-08-05 06:30:00",38547,0,0.32,0.231,-0.006,-0.008,0.035,0.05,0.042,-0.009,28.43,25.61,14.8,14.68,17.36,18.16,17.71,14.59,0.388,0.379,0.376,8.77,9.52,9.79
"2013-08-05 06:45:00",38548,0,0.321,0.231,-0.006,-0.008,0.035,0.05,0.042,-0.009,28.44,25.61,14.8,14.68,17.36,18.15,17.71,14.58,0.389,0.381,0.378,8.67,9.36,9.65
"2013-08-05 07:00:00",38549,0,0.321,0.231,-0.006,-0.008,0.035,0.05,0.042,-0.009,28.44,25.61,14.8,14.69,17.36,18.16,17.71,14.59,0.39,0.383,0.379,8.55,9.2,9.51
"2013-08-05 07:15:00",38550,0,0.321,0.231,-0.006,-0.008,0.035,0.05,0.042,-0.009,28.44,25.61,14.8,14.68,17.36,18.15,17.71,14.59,0.392,0.385,0.381,8.45,9.04,9.37
"2013-08-05 07:30:00",38551,0,0.321,0.231,-0.006,-0.008,0.036,0.05,0.042,-0.009,28.46,25.61,14.81,14.69,17.37,18.16,17.73,14.62,0.393,0.387,0.383,8.34,8.88,9.23
"2013-08-05 07:45:00",38552,0,0.321,0.232,-0.006,-0.008,0.036,0.05,0.042,-0.009,28.46,25.62,14.81,14.7,17.37,18.16,17.73,14.62,0.394,0.388,0.384,8.25,8.72,9.09
"2013-08-05 08:00:00",38553,0,0.321,0.231,-0.006,-0.007,0.036,0.05,0.042,-0.009,28.46,25.61,14.82,14.73,17.39,18.17,17.74,14.63,0.394,0.39,0.386,8.21,8.58,8.96
"2013-08-05 08:15:00",38554,0,0.322,0.232,-0.006,-0.007,0.036,0.05,0.043,-0.008,28.47,25.62,14.84,14.76,17.4,18.17,17.75,14.65,0.394,0.391,0.387,8.2,8.46,8.85
"2013-08-05 08:30:00",38555,0,0.322,0.232,-0.005,-0.007,0.036,0.05,0.043,-0.008,28.47,25.62,14.85,14.77,17.4,18.17,17.75,14.65,0.394,0.392,0.388,8.28,8.39,8.76
"2013-08-05 08:45:00",38556,0,0.321,0.232,-0.005,-0.007,0.036,0.05,0.043,-0.008,28.46,25.63,14.85,14.77,17.4,18.16,17.75,14.65,0.392,0.392,0.388,8.44,8.38,8.72
"2013-08-05 09:00:00",38557,0,0.321,0.232,-0.005,-0.007,0.036,0.05,0.043,-0.008,28.46,25.62,14.85,14.77,17.4,18.17,17.77,14.69,0.389,0.392,0.388,8.65,8.42,8.72
"2013-08-05 09:15:00",38558,0,0.321,0.232,-0.005,-0.006,0.036,0.05,0.043,-0.008,28.46,25.62,14.88,14.78,17.42,18.17,17.77,14.7,0.387,0.391,0.388,8.87,8.53,8.77
"2013-08-05 09:30:00",38559,0,0.321,0.232,-0.005,-0.006,0.036,0.05,0.043,-0.008,28.46,25.62,14.88,14.8,17.42,18.17,17.77,14.7,0.384,0.389,0.387,9.09,8.69,8.86
"2013-08-05 09:45:00",38560,0,0.321,0.232,-0.005,-0.006,0.036,0.05,0.043,-0.007,28.46,25.62,14.88,14.81,17.42,18.17,17.77,14.72,0.381,0.386,0.385,9.33,8.9,9
"2013-08-05 10:00:00",38561,0,"NAN","NAN","NAN","NAN","NAN","NAN","NAN","NAN","NAN","NAN","NAN","NAN","NAN","NAN","NAN","NAN",-0.425,-0.436,-0.447,"NAN","NAN","NAN"
"2013-08-05 10:15:00",38562,0,"NAN","NAN","NAN","NAN","NAN","NAN","NAN","NAN","NAN","NAN","NAN","NAN","NAN","NAN","NAN","NAN",-0.589,-0.599,-0.608,"NAN","NAN","NAN"
"2013-08-05 10:30:00",38563,0,"NAN","NAN","NAN","NAN","NAN","NAN","NAN","NAN","NAN","NAN","NAN","NAN","NAN","NAN","NAN","NAN",-0.585,-0.595,-0.604,"NAN","NAN","NAN"
"2013-08-05 10:45:00",38564,0,"NAN","NAN","NAN","NAN","NAN","NAN","NAN","NAN","NAN","NAN","NAN","NAN","NAN","NAN","NAN","NAN",-0.595,-0.605,-0.614,"NAN","NAN","NAN"
"2013-08-05 11:00:00",38565,0,"NAN","NAN","NAN","NAN","NAN","NAN","NAN","NAN","NAN","NAN","NAN","NAN","NAN","NAN","NAN","NAN",-0.597,-0.606,-0.615,"NAN","NAN","NAN"
"2013-08-05 11:15:00",38566,0,"NAN","NAN","NAN","NAN","NAN","NAN","NAN","NAN","NAN","NAN","NAN","NAN","NAN","NAN","NAN","NAN",-0.597,-0.607,-0.616,"NAN","NAN","NAN"
"2013-08-05 11:30:00",38567,0,"NAN","NAN","NAN","NAN","NAN","NAN","NAN","NAN","NAN","NAN","NAN","NAN","NAN","NAN","NAN","NAN",-0.602,-0.611,-0.62,"NAN","NAN","NAN"
"2013-08-05 11:45:00",38568,0,"NAN","NAN","NAN","NAN","NAN","NAN","NAN","NAN","NAN","NAN","NAN","NAN","NAN","NAN","NAN","NAN",-0.605,-0.614,-0.623,"NAN","NAN","NAN"
"2013-08-05 12:00:00",38569,0,"NAN","NAN","NAN","NAN","NAN","NAN","NAN","NAN","NAN","NAN","NAN","NAN","NAN","NAN","NAN","NAN",-0.604,-0.614,-0.623,"NAN","NAN","NAN"
"2013-08-05 12:15:00",38570,0,"NAN","NAN","NAN","NAN","NAN","NAN","NAN","NAN","NAN","NAN","NAN","NAN","NAN","NAN","NAN","NAN",-0.602,-0.611,-0.62,"NAN","NAN","NAN"
"2013-08-05 12:30:00",38571,0,"NAN","NAN","NAN","NAN","NAN","NAN","NAN","NAN","NAN","NAN","NAN","NAN","NAN","NAN","NAN","NAN",-0.605,-0.614,-0.623,"NAN","NAN","NAN"
"2013-08-05 12:45:00",38572,0,"NAN","NAN","NAN","NAN","NAN","NAN","NAN","NAN","NAN","NAN","NAN","NAN","NAN","NAN","NAN","NAN",-0.596,-0.606,-0.615,"NAN","NAN","NAN"
"2013-08-05 13:00:00",38573,0,"NAN","NAN","NAN","NAN","NAN","NAN","NAN","NAN","NAN","NAN","NAN","NAN","NAN","NAN","NAN","NAN",-0.605,-0.614,-0.623,"NAN","NAN","NAN"
"2013-08-05 13:15:00",38574,0,"NAN","NAN","NAN","NAN","NAN","NAN","NAN","NAN","NAN","NAN","NAN","NAN","NAN","NAN","NAN","NAN",-0.631,-0.64,-0.648,"NAN","NAN","NAN"
"2013-08-05 13:30:00",38575,0,"NAN","NAN","NAN","NAN","NAN",0.052,"NAN","NAN","NAN","NAN","NAN","NAN","NAN",18.24,"NAN","NAN",-0.023,0.322,0.329,"NAN",14.87,14.16
"2013-08-05 13:45:00",38576,0,"NAN","NAN","NAN","NAN","NAN",0.052,"NAN","NAN","NAN","NAN","NAN","NAN","NAN",18.24,"NAN","NAN",-0.001,0.318,0.326,"NAN",15.21,14.49
"2013-08-05 14:00:00",38577,0,"NAN","NAN","NAN","NAN","NAN",0.052,"NAN","NAN","NAN","NAN","NAN","NAN","NAN",18.26,"NAN","NAN",-0.001,0.315,0.322,"NAN",15.55,14.83
"2013-08-05 14:15:00",38578,0,"NAN","NAN","NAN","NAN","NAN",0.052,"NAN","NAN","NAN","NAN","NAN","NAN","NAN",18.26,"NAN","NAN",-0.002,0.311,0.319,"NAN",15.89,15.15
"2013-08-05 14:30:00",38579,0,"NAN","NAN","NAN","NAN","NAN",0.052,"NAN","NAN","NAN","NAN","NAN","NAN","NAN",18.27,"NAN","NAN",-0.002,0.308,0.316,"NAN",16.21,15.47
"2013-08-05 14:45:00",38580,0,"NAN","NAN","NAN","NAN","NAN",0.052,"NAN","NAN","NAN","NAN","NAN","NAN","NAN",18.27,"NAN","NAN",-0.002,0.305,0.313,"NAN",16.49,15.77
"2013-08-05 15:00:00",38581,0,"NAN","NAN","NAN","NAN","NAN",0.053,"NAN","NAN","NAN","NAN","NAN","NAN","NAN",18.28,"NAN","NAN","NAN",0.303,0.31,"NAN",16.77,16.06
"2013-08-05 15:15:00",38582,0,"NAN","NAN","NAN","NAN","NAN",0.053,"NAN","NAN","NAN","NAN","NAN","NAN","NAN",18.28,"NAN","NAN",-0.001,0.3,0.307,"NAN",17.02,16.34
"2013-08-05 15:30:00",38583,0,"NAN","NAN","NAN","NAN","NAN",0.052,"NAN","NAN","NAN","NAN","NAN","NAN","NAN",18.27,"NAN","NAN","NAN",0.298,0.304,"NAN",17.26,16.6
"2013-08-05 15:45:00",38584,0,"NAN","NAN","NAN","NAN","NAN",0.053,"NAN","NAN","NAN","NAN","NAN","NAN","NAN",18.28,"NAN","NAN",0,0.296,0.302,"NAN",17.46,16.84
"2013-08-05 16:00:00",38585,0,"NAN","NAN","NAN","NAN","NAN",0.053,"NAN","NAN","NAN","NAN","NAN","NAN","NAN",18.28,"NAN","NAN","NAN",0.294,0.3,"NAN",17.64,17.06
"2013-08-05 16:15:00",38586,0,"NAN","NAN","NAN","NAN","NAN",0.053,"NAN","NAN","NAN","NAN","NAN","NAN","NAN",18.28,"NAN","NAN","NAN",0.293,0.298,"NAN",17.8,17.25
"2013-08-05 16:30:00",38587,0,"NAN","NAN","NAN","NAN","NAN",0.053,"NAN","NAN","NAN","NAN","NAN","NAN","NAN",18.3,"NAN","NAN","NAN",0.292,0.296,"NAN",17.94,17.43
"2013-08-05 16:45:00",38588,0,"NAN","NAN","NAN","NAN","NAN",0.053,"NAN","NAN","NAN","NAN","NAN","NAN","NAN",18.3,"NAN","NAN","NAN",0.291,0.295,"NAN",18.04,17.58
"2013-08-05 17:00:00",38589,0,"NAN","NAN","NAN","NAN","NAN",0.053,"NAN","NAN","NAN","NAN","NAN","NAN","NAN",18.3,"NAN","NAN","NAN",0.29,0.294,"NAN",18.13,17.72
"2013-08-05 17:15:00",38590,0,"NAN","NAN","NAN","NAN","NAN",0.053,"NAN","NAN","NAN","NAN","NAN","NAN","NAN",18.3,"NAN","NAN","NAN",0.289,0.293,"NAN",18.18,17.83
"2013-08-05 17:30:00",38591,0,"NAN","NAN","NAN","NAN","NAN",0.053,"NAN","NAN","NAN","NAN","NAN","NAN","NAN",18.3,"NAN","NAN",-0.001,0.289,0.292,"NAN",18.21,17.92
"2013-08-05 17:45:00",38592,0,"NAN","NAN","NAN","NAN","NAN",0.053,"NAN","NAN","NAN","NAN","NAN","NAN","NAN",18.3,"NAN","NAN","NAN",0.289,0.291,"NAN",18.2,17.98
"2013-08-05 18:00:00",38593,0,"NAN","NAN","NAN","NAN","NAN",0.053,"NAN","NAN","NAN","NAN","NAN","NAN","NAN",18.3,"NAN","NAN","NAN",0.289,0.291,"NAN",18.18,18.02
"2013-08-05 18:15:00",38594,0,"NAN","NAN","NAN","NAN","NAN",0.053,"NAN","NAN","NAN","NAN","NAN","NAN","NAN",18.3,"NAN","NAN",-0.001,0.29,0.291,"NAN",18.12,18.03
"2013-08-05 18:30:00",38595,0,"NAN","NAN","NAN","NAN","NAN",0.053,"NAN","NAN","NAN","NAN","NAN","NAN","NAN",18.3,"NAN","NAN",-0.002,0.291,0.291,"NAN",18.03,18
"2013-08-05 18:45:00",38596,0,"NAN","NAN","NAN","NAN","NAN",0.053,"NAN","NAN","NAN","NAN","NAN","NAN","NAN",18.28,"NAN","NAN",-0.004,0.292,0.292,"NAN",17.92,17.95
"2013-08-05 19:00:00",38597,0,"NAN","NAN","NAN","NAN","NAN",0.053,"NAN","NAN","NAN","NAN","NAN","NAN","NAN",18.28,"NAN","NAN",-0.004,0.293,0.292,"NAN",17.78,17.87
"2013-08-05 19:15:00",38598,0,"NAN","NAN","NAN","NAN","NAN",0.053,"NAN","NAN","NAN","NAN","NAN","NAN","NAN",18.28,"NAN","NAN",-0.003,0.295,0.293,"NAN",17.63,17.77
"2013-08-05 19:30:00",38599,0,"NAN","NAN","NAN","NAN","NAN",0.053,"NAN","NAN","NAN","NAN","NAN","NAN","NAN",18.28,"NAN","NAN",-0.003,0.296,0.294,"NAN",17.46,17.64
"2013-08-05 19:45:00",38600,0,"NAN","NAN","NAN","NAN","NAN",0.053,"NAN","NAN","NAN","NAN","NAN","NAN","NAN",18.28,"NAN","NAN",-0.002,0.298,0.296,"NAN",17.28,17.51
"2013-08-05 20:00:00",38601,0,"NAN","NAN","NAN","NAN","NAN",0.052,"NAN","NAN","NAN","NAN","NAN","NAN","NAN",18.27,"NAN","NAN",-0.003,0.3,0.297,"NAN",17.08,17.35
"2013-08-05 20:15:00",38602,0,"NAN","NAN","NAN","NAN","NAN",0.052,"NAN","NAN","NAN","NAN","NAN","NAN","NAN",18.27,"NAN","NAN",-0.003,0.302,0.299,"NAN",16.87,17.17
"2013-08-05 20:30:00",38603,0,"NAN","NAN","NAN","NAN","NAN",0.052,"NAN","NAN","NAN","NAN","NAN","NAN","NAN",18.26,"NAN","NAN",-0.002,0.304,0.301,"NAN",16.64,16.98
"2013-08-05 20:45:00",38604,0,"NAN","NAN","NAN","NAN","NAN",0.052,"NAN","NAN","NAN","NAN","NAN","NAN","NAN",18.26,"NAN","NAN",-0.003,0.306,0.303,"NAN",16.4,16.77
"2013-08-05 21:00:00",38605,0,"NAN","NAN","NAN","NAN","NAN",0.052,"NAN","NAN","NAN","NAN","NAN","NAN","NAN",18.26,"NAN","NAN",-0.003,0.309,0.305,"NAN",16.15,16.55
"2013-08-05 21:15:00",38606,0,"NAN","NAN","NAN","NAN","NAN",0.052,"NAN","NAN","NAN","NAN","NAN","NAN","NAN",18.26,"NAN","NAN",-0.002,0.311,0.307,"NAN",15.89,16.32
"2013-08-05 21:30:00",38607,0,"NAN","NAN","NAN","NAN","NAN",0.052,"NAN","NAN","NAN","NAN","NAN","NAN","NAN",18.26,"NAN","NAN",-0.002,0.314,0.31,"NAN",15.61,16.07
"2013-08-05 21:45:00",38608,0,"NAN","NAN","NAN","NAN","NAN",0.052,"NAN","NAN","NAN","NAN","NAN","NAN","NAN",18.26,"NAN","NAN",-0.004,0.317,0.312,"NAN",15.33,15.82
"2013-08-05 22:00:00",38609,0,"NAN","NAN","NAN","NAN","NAN",0.051,"NAN","NAN","NAN","NAN","NAN","NAN","NAN",18.23,"NAN","NAN",-0.003,0.32,0.315,"NAN",15.05,15.56
"2013-08-05 22:15:00",38610,0,"NAN","NAN","NAN","NAN","NAN",0.051,"NAN","NAN","NAN","NAN","NAN","NAN","NAN",18.23,"NAN","NAN",-0.002,0.323,0.317,"NAN",14.76,15.29
"2013-08-05 22:30:00",38611,0,"NAN","NAN","NAN","NAN","NAN",0.052,"NAN","NAN","NAN","NAN","NAN","NAN","NAN",18.24,"NAN","NAN",-0.002,0.326,0.32,"NAN",14.48,15.02
"2013-08-05 22:45:00",38612,0,"NAN","NAN","NAN","NAN","NAN",0.052,"NAN","NAN","NAN","NAN","NAN","NAN","NAN",18.24,"NAN","NAN","NAN",0.328,0.323,"NAN",14.21,14.76
"2013-08-05 23:00:00",38613,0,"NAN","NAN","NAN","NAN","NAN",0.052,"NAN","NAN","NAN","NAN","NAN","NAN","NAN",18.24,"NAN","NAN","NAN",0.331,0.326,"NAN",13.95,14.5
"2013-08-05 23:15:00",38614,0,"NAN","NAN","NAN","NAN","NAN",0.051,"NAN","NAN","NAN","NAN","NAN","NAN","NAN",18.23,"NAN","NAN","NAN",0.334,0.328,"NAN",13.71,14.25
"2013-08-05 23:30:00",38615,0,"NAN","NAN","NAN","NAN","NAN",0.051,"NAN","NAN","NAN","NAN","NAN","NAN","NAN",18.23,"NAN","NAN",0,0.336,0.33,"NAN",13.49,14.02
"2013-08-05 23:45:00",38616,0,"NAN","NAN","NAN","NAN","NAN",0.051,"NAN","NAN","NAN","NAN","NAN","NAN","NAN",18.22,"NAN","NAN","NAN",0.338,0.333,"NAN",13.28,13.81
"2013-08-06 00:00:00",38617,0,"NAN","NAN","NAN","NAN","NAN",0.051,"NAN","NAN","NAN","NAN","NAN","NAN","NAN",18.23,"NAN","NAN",-0.001,0.34,0.335,"NAN",13.1,13.61
