"TOA5","ROS_5","CR1000","33756","CR1000.Std.19","CPU:ROS05.ROS11.29.6.2012.CR1","55334","ROS05Table15min"
"TIMESTAMP","RECORD","Rain_mm_Tot","VW(1)","VW(2)","VW(3)","VW(4)","VW(5)","VW(6)","VW(7)","VW(8)","PA_uS(1)","PA_uS(2)","PA_uS(3)","PA_uS(4)","PA_uS(5)","PA_uS(6)","PA_uS(7)","PA_uS(8)","HalfBR_Avg(1)","HalfBR_Avg(2)","HalfBR_Avg(3)","SoilTemp_Avg(1)","SoilTemp_Avg(2)","SoilTemp_Avg(3)"
"TS","RN","mm","","","","","","","","","uSec","uSec","uSec","uSec","uSec","uSec","uSec","uSec","mV/mV","mV/mV","mV/mV","Deg C","Deg C","Deg C"
"","","Tot","Smp","Smp","Smp","Smp","Smp","Smp","Smp","Smp","Smp","Smp","Smp","Smp","Smp","Smp","Smp","Smp","Avg","Avg","Avg","Avg","Avg","Avg"
"2013-07-31 00:15:00",37712,0,0.296,0.141,0.307,-0.005,-0.008,0.064,-0.005,-0.005,27.68,22.3,28.02,14.87,14.69,18.88,14.88,14.87,0.362,0.356,0.358,11.03,11.62,11.45
"2013-07-31 00:30:00",37713,0,0.296,0.14,0.306,-0.005,-0.008,0.064,-0.005,-0.005,27.68,22.24,27.99,14.87,14.69,18.87,14.88,14.87,0.363,0.358,0.361,10.96,11.43,11.2
"2013-07-31 00:45:00",37714,0,0.296,0.14,0.304,-0.004,-0.008,0.064,-0.005,-0.005,27.68,22.24,27.94,14.93,14.66,18.87,14.89,14.88,0.362,0.359,0.36,11.06,11.31,11.25
"2013-07-31 01:00:00",37715,0,0.296,0.14,0.304,-0.005,-0.007,0.064,-0.005,-0.005,27.68,22.24,27.94,14.91,14.74,18.85,14.89,14.88,0.359,0.357,0.358,11.37,11.53,11.43
"2013-07-31 01:15:00",37716,0,0.296,0.14,0.304,-0.005,-0.008,0.064,-0.005,-0.005,27.68,22.23,27.94,14.89,14.66,18.85,14.91,14.88,0.355,0.354,0.356,11.74,11.79,11.57
"2013-07-31 01:30:00",37717,0,0.296,0.14,0.304,-0.004,-0.008,0.064,-0.005,-0.005,27.68,22.23,27.94,14.92,14.66,18.87,14.91,14.88,0.355,0.354,0.354,11.71,11.81,11.81
"2013-07-31 01:45:00",37718,0,0.295,0.141,0.307,-0.005,-0.008,0.064,-0.005,-0.005,27.67,22.3,28.02,14.88,14.69,18.85,14.89,14.87,0.354,0.352,0.353,11.84,11.98,11.9
"2013-07-31 02:00:00",37719,0,0.296,0.14,0.304,-0.005,-0.008,0.064,-0.005,-0.005,27.68,22.23,27.93,14.87,14.68,18.85,14.88,14.88,0.353,0.352,0.351,11.89,11.99,12.1
"2013-07-31 02:15:00",37720,0,0.296,0.139,0.304,-0.005,-0.008,0.064,-0.005,-0.005,27.68,22.22,27.94,14.89,14.68,18.85,14.88,14.87,0.35,0.35,0.349,12.13,12.19,12.25
"2013-07-31 02:30:00",37721,0,0.297,0.139,0.305,-0.005,-0.008,0.064,-0.005,-0.005,27.71,22.22,27.95,14.88,14.68,18.85,14.88,14.87,0.348,0.349,0.349,12.39,12.29,12.28
"2013-07-31 02:45:00",37722,0,0.297,0.139,0.304,-0.005,-0.008,0.063,-0.005,-0.005,27.71,22.22,27.93,14.89,14.68,18.84,14.88,14.87,0.346,0.348,0.347,12.56,12.35,12.43
"2013-07-31 03:00:00",37723,0,0.299,0.139,0.305,-0.005,-0.008,0.063,-0.005,-0.005,27.78,22.2,27.95,14.88,14.69,18.8,14.88,14.87,0.347,0.347,0.347,12.45,12.41,12.43
"2013-07-31 03:15:00",37724,0,0.296,0.139,0.304,-0.005,-0.008,0.063,-0.005,-0.005,27.68,22.2,27.94,14.88,14.68,18.84,14.88,14.87,0.346,0.347,0.346,12.53,12.45,12.54
"2013-07-31 03:30:00",37725,0,0.297,0.139,0.303,-0.005,-0.008,0.064,-0.005,-0.005,27.71,22.2,27.91,14.91,14.68,18.85,14.88,14.87,0.347,0.346,0.345,12.43,12.52,12.66
"2013-07-31 03:45:00",37726,0,0.296,0.139,0.304,-0.005,-0.008,0.065,-0.004,-0.005,27.68,22.2,27.93,14.88,14.68,18.91,14.93,14.88,0.349,0.348,0.346,12.23,12.37,12.52
"2013-07-31 04:00:00",37727,0,0.297,0.139,0.305,-0.005,-0.008,0.063,-0.005,-0.005,27.71,22.2,27.95,14.87,14.68,18.84,14.88,14.87,0.35,0.35,0.348,12.2,12.18,12.4
"2013-07-31 04:15:00",37728,0,0.296,0.139,0.304,-0.005,-0.008,0.064,-0.005,-0.004,27.68,22.19,27.94,14.89,14.68,18.85,14.88,14.95,0.35,0.349,0.347,12.16,12.29,12.41
"2013-07-31 04:30:00",37729,0,0.297,0.139,0.305,-0.005,-0.008,0.063,-0.005,-0.005,27.71,22.19,27.95,14.87,14.68,18.84,14.88,14.87,0.349,0.347,0.348,12.23,12.42,12.32
"2013-07-31 04:45:00",37730,0,0.296,0.139,0.304,-0.005,-0.008,0.064,-0.005,-0.005,27.68,22.19,27.94,14.89,14.68,18.85,14.88,14.88,0.349,0.349,0.348,12.22,12.27,12.36
"2013-07-31 05:00:00",37731,0,0.296,0.141,0.307,-0.005,-0.008,0.064,-0.005,-0.005,27.68,22.27,28.04,14.88,14.69,18.85,14.89,14.87,0.349,0.347,0.347,12.28,12.46,12.41
"2013-07-31 05:15:00",37732,0,0.296,0.138,0.304,-0.005,-0.008,0.063,-0.005,-0.005,27.68,22.18,27.94,14.89,14.68,18.84,14.88,14.88,0.35,0.348,0.347,12.19,12.33,12.42
"2013-07-31 05:30:00",37733,0,0.296,0.139,0.304,-0.005,-0.008,0.065,-0.004,-0.005,27.68,22.19,27.94,14.88,14.68,18.89,14.92,14.88,0.349,0.348,0.347,12.25,12.37,12.45
"2013-07-31 05:45:00",37734,0,0.297,0.139,0.304,-0.005,-0.008,0.063,-0.005,-0.005,27.71,22.19,27.94,14.88,14.68,18.84,14.88,14.87,0.349,0.347,0.347,12.25,12.49,12.48
"2013-07-31 06:00:00",37735,0,0.295,0.139,0.304,-0.005,-0.008,0.063,-0.005,-0.005,27.66,22.2,27.94,14.89,14.68,18.84,14.88,14.88,0.351,0.349,0.347,12.11,12.3,12.46
"2013-07-31 06:15:00",37736,0,0.299,0.138,0.305,-0.005,-0.008,0.062,-0.005,-0.005,27.79,22.18,27.95,14.89,14.69,18.79,14.88,14.87,0.349,0.348,0.348,12.24,12.37,12.38
"2013-07-31 06:30:00",37737,0,0.296,0.14,0.307,-0.005,-0.008,0.064,-0.005,-0.005,27.68,22.23,28.04,14.87,14.7,18.85,14.89,14.88,0.351,0.35,0.347,12.04,12.18,12.44
"2013-07-31 06:45:00",37738,0,0.296,0.139,0.305,-0.005,-0.008,0.063,-0.005,-0.005,27.68,22.22,27.98,14.87,14.69,18.84,14.88,14.88,0.348,0.348,0.349,12.35,12.34,12.29
"2013-07-31 07:00:00",37739,0,0.296,0.138,0.304,-0.005,-0.008,0.063,-0.005,-0.004,27.68,22.16,27.94,14.88,14.68,18.84,14.88,14.95,0.348,0.349,0.347,12.39,12.22,12.46
"2013-07-31 07:15:00",37740,0,0.296,0.138,0.304,-0.005,-0.008,0.063,-0.005,-0.004,27.68,22.16,27.94,14.89,14.68,18.84,14.88,14.97,0.348,0.348,0.347,12.36,12.36,12.48
"2013-07-31 07:30:00",37741,0,0.296,0.138,0.304,-0.004,-0.008,0.064,-0.005,-0.005,27.68,22.16,27.94,14.92,14.68,18.85,14.91,14.88,0.345,0.346,0.344,12.6,12.56,12.72
"2013-07-31 07:45:00",37742,0,0.296,0.138,0.304,-0.005,-0.008,0.063,-0.005,-0.005,27.7,22.16,27.94,14.88,14.68,18.84,14.88,14.88,0.342,0.345,0.344,12.89,12.62,12.7
"2013-07-31 08:00:00",37743,0,0.299,0.138,0.305,-0.005,-0.008,0.063,-0.005,-0.005,27.78,22.15,27.95,14.88,14.69,18.8,14.88,14.88,0.34,0.343,0.343,13.13,12.83,12.86
"2013-07-31 08:15:00",37744,0,0.296,0.138,0.304,-0.005,-0.008,0.065,-0.004,-0.005,27.68,22.15,27.94,14.87,14.68,18.92,14.95,14.88,0.34,0.342,0.343,13.15,12.9,12.79
"2013-07-31 08:30:00",37745,0,0.298,0.138,0.305,-0.005,-0.008,0.063,-0.005,-0.005,27.76,22.16,27.95,14.89,14.68,18.84,14.88,14.88,0.335,0.34,0.339,13.59,13.08,13.19
"2013-07-31 08:45:00",37746,0,0.296,0.138,0.305,-0.005,-0.008,0.064,-0.005,-0.005,27.7,22.15,27.95,14.87,14.69,18.85,14.88,14.88,0.321,0.334,0.331,14.98,13.68,14
"2013-07-31 09:00:00",37747,0,0.296,0.137,0.304,-0.005,-0.008,0.064,-0.005,-0.004,27.68,22.14,27.94,14.91,14.68,18.85,14.89,14.95,0.32,0.329,0.328,15.05,14.17,14.26
"2013-07-31 09:15:00",37748,0,0.296,0.137,0.304,-0.004,-0.007,0.063,-0.005,-0.005,27.68,22.14,27.94,14.92,14.73,18.84,14.89,14.89,0.312,0.326,0.325,15.86,14.47,14.54
"2013-07-31 09:30:00",37749,0,0.295,0.137,0.304,-0.005,-0.008,0.064,-0.005,-0.005,27.67,22.14,27.94,14.91,14.69,18.85,14.88,14.88,0.299,0.319,0.316,17.19,15.18,15.41
"2013-07-31 09:45:00",37750,0,0.296,0.136,0.304,-0.004,-0.008,0.064,-0.005,-0.005,27.7,22.09,27.94,14.92,14.7,18.85,14.89,14.89,0.252,0.311,0.306,22.45,15.92,16.46
"2013-07-31 10:00:00",37751,0,0.296,0.137,0.304,-0.004,-0.007,0.064,-0.004,-0.005,27.68,22.11,27.93,14.93,14.74,18.85,14.92,14.89,0.279,0.31,0.308,19.3,16.06,16.24
"2013-07-31 10:15:00",37752,0,0.297,0.136,0.305,-0.005,-0.008,0.064,-0.005,-0.005,27.71,22.09,27.95,14.89,14.69,18.85,14.89,14.89,0.292,0.31,0.311,17.85,16.02,15.92
"2013-07-31 10:30:00",37753,0,0.295,0.136,0.304,-0.005,-0.008,0.066,-0.004,-0.005,27.67,22.09,27.94,14.91,14.69,18.95,14.95,14.89,0.288,0.305,0.307,18.3,16.51,16.35
"2013-07-31 10:45:00",37754,0,0.296,0.134,0.304,-0.005,-0.008,0.064,-0.005,-0.005,27.7,22,27.94,14.91,14.7,18.85,14.89,14.88,0.287,0.303,0.305,18.43,16.71,16.53
"2013-07-31 11:00:00",37755,0,0.296,0.136,0.304,-0.005,-0.008,0.064,-0.005,-0.005,27.7,22.07,27.94,14.91,14.7,18.87,14.89,14.89,0.295,0.305,0.308,17.55,16.56,16.28
"2013-07-31 11:15:00",37756,0,0.296,0.136,0.304,-0.004,-0.008,0.064,-0.005,-0.005,27.68,22.07,27.94,14.92,14.7,18.87,14.89,14.88,0.286,0.303,0.304,18.57,16.75,16.65
"2013-07-31 11:30:00",37757,0,0.297,0.135,0.304,-0.005,-0.008,0.064,-0.005,-0.005,27.71,22.04,27.93,14.91,14.7,18.87,14.88,14.88,0.303,0.309,0.311,16.8,16.13,15.94
"2013-07-31 11:45:00",37758,0,0.295,0.135,0.304,-0.005,-0.008,0.064,-0.005,-0.005,27.67,22.03,27.93,14.89,14.69,18.87,14.89,14.89,0.323,0.319,0.324,14.79,15.14,14.69
"2013-07-31 12:00:00",37759,0,0.295,0.134,0.304,-0.005,-0.008,0.064,-0.005,-0.004,27.67,22.01,27.94,14.91,14.69,18.87,14.88,14.97,0.314,0.316,0.317,15.64,15.46,15.33
"2013-07-31 12:15:00",37760,0,0.296,0.134,0.304,-0.005,-0.008,0.064,-0.005,-0.005,27.7,21.99,27.94,14.88,14.7,18.88,14.89,14.89,0.287,0.307,0.307,18.43,16.37,16.38
"2013-07-31 12:30:00",37761,0,0.298,0.133,0.304,-0.005,-0.007,0.064,-0.005,-0.005,27.76,21.97,27.94,14.91,14.72,18.87,14.89,14.89,0.285,0.301,0.304,18.64,16.97,16.63
"2013-07-31 12:45:00",37762,0,0.296,0.132,0.304,-0.004,-0.008,0.064,-0.005,-0.005,27.7,21.92,27.93,14.92,14.7,18.88,14.89,14.88,0.299,0.308,0.307,17.2,16.29,16.35
"2013-07-31 13:00:00",37763,0,0.296,0.133,0.304,-0.005,-0.008,0.064,-0.005,-0.005,27.7,21.95,27.93,14.85,14.69,18.88,14.88,14.89,0.304,0.31,0.311,16.69,16.09,15.97
"2013-07-31 13:15:00",37764,0,0.295,0.134,0.307,-0.005,-0.008,0.064,-0.005,-0.005,27.67,22.01,28.02,14.91,14.7,18.88,14.89,14.87,0.298,0.307,0.307,17.3,16.37,16.31
"2013-07-31 13:30:00",37765,0,0.295,0.132,0.304,-0.005,-0.008,0.064,-0.005,-0.005,27.67,21.92,27.93,14.91,14.7,18.88,14.89,14.88,0.284,0.302,0.302,18.71,16.88,16.81
"2013-07-31 13:45:00",37766,0,0.295,0.132,0.304,-0.005,-0.007,0.064,-0.005,-0.005,27.67,21.93,27.94,14.91,14.72,18.88,14.89,14.89,0.288,0.3,0.302,18.28,17.01,16.87
"2013-07-31 14:00:00",37767,0,0.295,0.131,0.303,-0.004,-0.007,0.064,-0.005,-0.005,27.66,21.89,27.91,14.93,14.74,18.88,14.91,14.89,0.297,0.304,0.305,17.38,16.67,16.56
"2013-07-31 14:15:00",37768,0,0.295,0.131,0.303,-0.005,-0.008,0.065,-0.005,-0.004,27.67,21.88,27.91,14.91,14.69,18.89,14.88,14.97,0.31,0.311,0.312,16.09,15.97,15.87
"2013-07-31 14:30:00",37769,0,0.295,0.131,0.303,-0.004,-0.007,0.064,-0.005,-0.005,27.67,21.86,27.91,14.93,14.77,18.88,14.89,14.89,0.318,0.314,0.316,15.25,15.62,15.47
"2013-07-31 14:45:00",37770,0,0.296,0.129,0.303,-0.005,-0.008,0.065,-0.005,-0.005,27.68,21.78,27.91,14.91,14.69,18.89,14.88,14.88,0.317,0.315,0.316,15.37,15.55,15.41
"2013-07-31 15:00:00",37771,0,0.298,0.13,0.304,-0.005,-0.008,0.065,-0.005,-0.005,27.75,21.85,27.93,14.89,14.69,18.89,14.88,14.88,0.317,0.317,0.317,15.36,15.35,15.35
"2013-07-31 15:15:00",37772,0,0.295,0.13,0.303,-0.004,-0.007,0.065,-0.005,-0.005,27.67,21.84,27.91,14.93,14.73,18.89,14.89,14.88,0.317,0.315,0.316,15.37,15.51,15.39
"2013-07-31 15:30:00",37773,0,0.298,0.13,0.304,-0.005,-0.008,0.064,-0.005,-0.005,27.76,21.82,27.93,14.89,14.69,18.88,14.89,14.88,0.318,0.316,0.317,15.27,15.41,15.29
"2013-07-31 15:45:00",37774,0,0.295,0.13,0.303,-0.005,-0.008,0.064,-0.002,-0.004,27.67,21.82,27.91,14.91,14.7,18.88,15.1,14.96,0.32,0.318,0.32,15.08,15.23,14.99
"2013-07-31 16:00:00",37775,0,0.298,0.129,0.304,-0.005,-0.008,0.065,-0.002,-0.005,27.76,21.81,27.93,14.89,14.68,18.89,15.11,14.91,0.324,0.321,0.323,14.69,14.98,14.74
"2013-07-31 16:15:00",37776,0,0.295,0.129,0.303,-0.005,-0.008,0.064,-0.002,-0.005,27.66,21.81,27.91,14.91,14.7,18.88,15.11,14.91,0.328,0.322,0.324,14.28,14.83,14.67
"2013-07-31 16:30:00",37777,0,0.295,0.129,0.303,-0.005,-0.008,0.065,-0.001,-0.005,27.67,21.8,27.91,14.89,14.69,18.92,15.12,14.91,0.329,0.326,0.328,14.18,14.46,14.29
"2013-07-31 16:45:00",37778,0,0.295,0.129,0.303,-0.004,-0.007,0.065,0.004,-0.004,27.67,21.78,27.9,14.95,14.72,18.89,15.48,14.92,0.33,0.325,0.326,14.08,14.58,14.41
"2013-07-31 17:00:00",37779,0,0.294,0.129,0.303,-0.005,-0.008,0.064,-0.002,-0.005,27.63,21.8,27.91,14.89,14.69,18.88,15.11,14.91,0.332,0.328,0.329,13.88,14.26,14.15
"2013-07-31 17:15:00",37780,0,0.296,0.128,0.303,-0.005,-0.008,0.065,-0.002,-0.005,27.68,21.74,27.91,14.89,14.69,18.89,15.11,14.89,0.342,0.335,0.337,12.92,13.6,13.37
"2013-07-31 17:30:00",37781,0,0.294,0.129,0.305,-0.005,-0.008,0.065,-0.002,-0.005,27.64,21.81,27.98,14.87,14.7,18.89,15.11,14.91,0.354,0.339,0.344,11.76,13.18,12.72
"2013-07-31 17:45:00",37782,0,0.295,0.128,0.303,-0.005,-0.008,0.064,-0.001,-0.005,27.66,21.74,27.91,14.88,14.68,18.88,15.15,14.91,0.376,0.346,0.358,9.82,12.55,11.41
"2013-07-31 18:00:00",37783,0,0.294,0.128,0.303,-0.005,-0.007,0.064,-0.001,-0.005,27.64,21.74,27.9,14.91,14.73,18.88,15.16,14.89,0.397,0.359,0.379,7.989,11.36,9.56
"2013-07-31 18:15:00",37784,0,0.294,0.129,0.305,-0.005,-0.008,0.064,-0.001,-0.005,27.64,21.78,27.98,14.85,14.68,18.88,15.12,14.89,0.403,0.365,0.385,7.422,10.77,8.98
"2013-07-31 18:30:00",37785,0,0.294,0.127,0.303,-0.005,-0.008,0.066,0.004,-0.005,27.64,21.73,27.9,14.87,14.66,18.96,15.48,14.89,0.412,0.374,0.398,6.672,10.02,7.894
"2013-07-31 18:45:00",37786,0,0.294,0.127,0.303,-0.005,-0.008,0.065,0.003,-0.005,27.64,21.71,27.9,14.85,14.65,18.89,15.44,14.87,0.408,0.378,0.4,7.017,9.66,7.753
"2013-07-31 19:00:00",37787,0,0.295,0.127,0.303,-0.006,-0.008,0.063,0.004,-0.005,27.67,21.7,27.9,14.82,14.65,18.84,15.48,14.88,0.418,0.385,0.406,6.165,9.04,7.194
"2013-07-31 19:15:00",37788,0,0.294,0.126,0.303,-0.006,-0.009,0.065,0.005,-0.005,27.64,21.69,27.9,14.84,14.63,18.91,15.57,14.89,0.41,0.385,0.407,6.882,9.04,7.125
"2013-07-31 19:30:00",37789,0,0.294,0.126,0.302,-0.005,-0.008,0.064,0.005,-0.005,27.64,21.69,27.89,14.88,14.69,18.85,15.53,14.89,0.41,0.387,0.407,6.865,8.86,7.107
"2013-07-31 19:45:00",37790,0,0.295,0.125,0.303,-0.006,-0.009,0.063,0.004,-0.005,27.67,21.65,27.9,14.84,14.63,18.84,15.49,14.88,0.412,0.39,0.409,6.707,8.6,6.992
"2013-07-31 20:00:00",37791,0,0.295,0.126,0.304,-0.006,-0.008,0.064,0.004,-0.005,27.66,21.69,27.93,14.84,14.66,18.85,15.5,14.89,0.418,0.392,0.411,6.182,8.45,6.799
"2013-07-31 20:15:00",37792,0,0.295,0.126,0.303,-0.005,-0.007,0.063,0.005,-0.005,27.66,21.67,27.9,14.89,14.72,18.84,15.53,14.89,0.417,0.392,0.41,6.25,8.43,6.854
"2013-07-31 20:30:00",37793,0,0.294,0.126,0.303,-0.005,-0.009,0.063,0.005,-0.005,27.64,21.66,27.9,14.88,14.63,18.84,15.53,14.89,0.416,0.396,0.413,6.339,8.08,6.658
"2013-07-31 20:45:00",37794,0,0.294,0.126,0.303,-0.005,-0.009,0.063,0.004,-0.005,27.64,21.66,27.9,14.85,14.63,18.83,15.5,14.88,0.411,0.395,0.413,6.758,8.19,6.632
"2013-07-31 21:00:00",37795,0,0.295,0.124,0.303,-0.006,-0.009,0.063,0.004,-0.005,27.67,21.59,27.9,14.82,14.63,18.83,15.49,14.88,0.421,0.401,0.42,5.935,7.667,6.054
"2013-07-31 21:15:00",37796,0,0.295,0.125,0.303,-0.006,-0.009,0.063,0.004,-0.005,27.66,21.63,27.9,14.84,14.63,18.83,15.49,14.91,0.417,0.399,0.417,6.306,7.802,6.279
"2013-07-31 21:30:00",37797,0,0.295,0.125,0.303,-0.006,-0.009,0.063,0.004,-0.005,27.67,21.62,27.91,14.82,14.63,18.83,15.5,14.88,0.41,0.397,0.411,6.837,8.02,6.766
"2013-07-31 21:45:00",37798,0,0.295,0.126,0.304,-0.005,-0.008,0.063,0.004,-0.005,27.66,21.67,27.94,14.85,14.65,18.83,15.52,14.88,0.402,0.393,0.402,7.57,8.32,7.534
"2013-07-31 22:00:00",37799,0,0.296,0.125,0.303,-0.006,-0.008,0.063,0.004,-0.005,27.68,21.62,27.91,14.84,14.65,18.81,15.52,14.89,0.39,0.387,0.393,8.59,8.82,8.28
"2013-07-31 22:15:00",37800,0,0.295,0.125,0.303,-0.005,-0.008,0.063,0.005,-0.005,27.66,21.62,27.91,14.85,14.65,18.83,15.53,14.91,0.383,0.383,0.387,9.17,9.19,8.85
"2013-07-31 22:30:00",37801,0,0.294,0.125,0.303,-0.005,-0.008,0.063,0.005,-0.005,27.64,21.63,27.91,14.85,14.65,18.83,15.53,14.89,0.385,0.382,0.388,9,9.32,8.78
"2013-07-31 22:45:00",37802,0,0.296,0.123,0.303,-0.005,-0.008,0.063,0.004,-0.005,27.68,21.55,27.91,14.85,14.65,18.81,15.52,14.91,0.387,0.383,0.389,8.8,9.22,8.7
"2013-07-31 23:00:00",37803,0,0.295,0.124,0.303,-0.006,-0.008,0.063,0.005,-0.004,27.66,21.61,27.91,14.84,14.65,18.81,15.53,14.92,0.382,0.381,0.385,9.32,9.37,9.02
"2013-07-31 23:15:00",37804,0,0.295,0.124,0.303,-0.005,-0.008,0.065,0.006,-0.005,27.66,21.61,27.91,14.88,14.66,18.92,15.61,14.89,0.385,0.38,0.385,9.04,9.44,9.03
"2013-07-31 23:30:00",37805,0,0.295,0.124,0.303,-0.005,-0.008,0.063,0.005,-0.005,27.66,21.61,27.91,14.91,14.65,18.81,15.56,14.89,0.383,0.383,0.388,9.19,9.19,8.74
"2013-07-31 23:45:00",37806,0,0.295,0.124,0.303,-0.005,-0.008,0.063,0.005,-0.005,27.66,21.59,27.91,14.87,14.65,18.83,15.57,14.89,0.384,0.383,0.387,9.14,9.21,8.86
"2013-08-01 00:00:00",37807,0,0.295,0.124,0.304,-0.006,-0.008,0.063,0.004,-0.005,27.66,21.59,27.93,14.84,14.66,18.81,15.5,14.89,0.383,0.382,0.387,9.23,9.28,8.81
"2013-08-01 00:15:00",37808,0,0.295,0.124,0.303,-0.005,-0.008,0.063,0.004,-0.005,27.66,21.59,27.91,14.85,14.65,18.81,15.5,14.88,0.387,0.386,0.391,8.86,8.97,8.51
"2013-08-01 00:30:00",37809,0,0.296,0.124,0.303,-0.005,-0.008,0.063,0.004,-0.005,27.68,21.59,27.91,14.85,14.65,18.81,15.48,14.88,0.394,0.388,0.397,8.22,8.79,7.944
"2013-08-01 00:45:00",37810,0,0.295,0.124,0.303,-0.006,-0.008,0.063,0.004,-0.004,27.66,21.58,27.91,14.82,14.65,18.8,15.48,14.93,0.401,0.392,0.404,7.614,8.41,7.369
"2013-08-01 01:00:00",37811,0,0.298,0.124,0.304,-0.005,-0.008,0.062,0.003,-0.005,27.75,21.58,27.94,14.85,14.65,18.74,15.45,14.87,0.416,0.399,0.413,6.396,7.837,6.654
"2013-08-01 01:15:00",37812,0,0.294,0.125,0.306,-0.006,-0.008,0.063,0.003,-0.006,27.64,21.65,28.01,14.84,14.65,18.8,15.45,14.81,0.417,0.403,0.418,6.285,7.498,6.193
"2013-08-01 01:30:00",37813,0,0.296,0.123,0.302,-0.006,-0.009,0.063,0.003,-0.005,27.68,21.57,27.87,14.82,14.62,18.8,15.45,14.85,0.431,0.411,0.432,5.09,6.808,5.051
"2013-08-01 01:45:00",37814,0,0.295,0.123,0.303,-0.006,-0.009,0.062,0.004,-0.005,27.67,21.57,27.9,14.84,14.62,18.79,15.52,14.88,0.421,0.413,0.428,5.958,6.6,5.379
"2013-08-01 02:00:00",37815,0,0.294,0.123,0.303,-0.006,-0.009,0.063,0.005,-0.005,27.64,21.55,27.91,14.82,14.63,18.83,15.53,14.88,0.42,0.412,0.423,5.993,6.665,5.77
"2013-08-01 02:15:00",37816,0,0.294,0.123,0.303,-0.005,-0.009,0.062,0.004,-0.005,27.64,21.54,27.91,14.85,14.61,18.79,15.49,14.87,0.441,0.421,0.443,4.336,5.946,4.145
"2013-08-01 02:30:00",37817,0,0.294,0.122,0.303,-0.006,-0.009,0.062,0.003,-0.005,27.64,21.53,27.91,14.81,14.62,18.77,15.44,14.85,0.437,0.422,0.438,4.639,5.857,4.54
"2013-08-01 02:45:00",37818,0,0.295,0.122,0.303,-0.006,-0.009,0.062,0.003,-0.005,27.67,21.5,27.9,14.81,14.62,18.77,15.42,14.85,0.449,0.43,0.451,3.608,5.187,3.494
"2013-08-01 03:00:00",37819,0,0.294,0.122,0.303,-0.006,-0.009,0.062,0.003,-0.006,27.64,21.53,27.91,14.8,14.61,18.77,15.41,14.84,0.449,0.432,0.454,3.641,5.008,3.227
"2013-08-01 03:15:00",37820,0,0.294,0.122,0.303,-0.006,-0.009,0.062,0.003,-0.004,27.64,21.51,27.9,14.8,14.61,18.76,15.42,14.92,0.454,0.434,0.457,3.213,4.867,2.974
"2013-08-01 03:30:00",37821,0,0.294,0.122,0.303,-0.006,-0.009,0.062,0.003,-0.005,27.64,21.53,27.9,14.78,14.61,18.76,15.41,14.88,0.454,0.436,0.46,3.245,4.694,2.753
"2013-08-01 03:45:00",37822,0,0.294,0.122,0.303,-0.006,-0.009,0.062,0.003,-0.005,27.64,21.51,27.9,14.8,14.61,18.76,15.42,14.85,0.448,0.44,0.456,3.719,4.366,3.078
"2013-08-01 04:00:00",37823,0,0.296,0.122,0.303,-0.006,-0.009,0.062,0.003,-0.006,27.68,21.51,27.91,14.78,14.59,18.74,15.44,14.84,0.456,0.441,0.46,3.069,4.302,2.759
"2013-08-01 04:15:00",37824,0,0.295,0.122,0.303,-0.006,-0.009,0.062,0.004,-0.005,27.67,21.5,27.91,14.78,14.59,18.74,15.46,14.85,0.454,0.442,0.462,3.244,4.205,2.634
"2013-08-01 04:30:00",37825,0,0.296,0.122,0.304,-0.006,-0.009,0.062,0.004,-0.005,27.68,21.5,27.93,14.78,14.61,18.74,15.5,14.85,0.449,0.443,0.461,3.664,4.129,2.701
"2013-08-01 04:45:00",37826,0,0.294,0.122,0.303,-0.006,-0.009,0.062,0.005,-0.005,27.64,21.5,27.9,14.78,14.59,18.74,15.54,14.88,0.458,0.447,0.465,2.907,3.819,2.322
"2013-08-01 05:00:00",37827,0,0.294,0.121,0.303,-0.006,-0.009,0.062,0.005,-0.005,27.64,21.48,27.9,14.8,14.59,18.74,15.56,14.88,0.452,0.448,0.465,3.365,3.705,2.377
"2013-08-01 05:15:00",37828,0,0.297,0.121,0.303,-0.006,-0.009,0.061,0.005,-0.005,27.74,21.47,27.91,14.81,14.61,18.72,15.57,14.88,0.458,0.448,0.47,2.883,3.714,1.992
"2013-08-01 05:30:00",37829,0,0.294,0.121,0.303,-0.006,-0.009,0.061,0.006,-0.005,27.64,21.46,27.91,14.8,14.59,18.73,15.6,14.88,0.454,0.449,0.464,3.282,3.637,2.413
"2013-08-01 05:45:00",37830,2.2,0.294,0.121,0.303,-0.006,-0.009,0.061,0.007,-0.004,27.64,21.46,27.91,14.78,14.61,18.72,15.69,14.92,0.459,0.45,0.469,2.856,3.599,2.045
"2013-08-01 06:00:00",37831,56.8,0.295,0.121,0.301,-0.007,-0.009,0.062,0.005,-0.005,27.67,21.46,27.86,14.74,14.59,18.77,15.56,14.91,0.456,0.452,0.47,3.063,3.399,1.99
"2013-08-01 06:15:00",37832,0,0.297,0.121,0.302,-0.007,-0.009,0.061,0.004,-0.005,27.71,21.47,27.87,14.76,14.61,18.7,15.46,14.88,0.457,0.452,0.47,3.025,3.377,1.996
"2013-08-01 06:30:00",37833,0,0.297,0.121,0.303,-0.006,-0.009,0.061,0.004,-0.005,27.72,21.46,27.9,14.81,14.63,18.7,15.49,14.88,0.455,0.456,0.466,3.189,3.075,2.268
"2013-08-01 06:45:00",37834,0,0.297,0.121,0.304,-0.006,-0.009,0.061,0.004,-0.005,27.71,21.46,27.94,14.81,14.62,18.7,15.52,14.87,0.456,0.455,0.469,3.059,3.197,2.067
"2013-08-01 07:00:00",37835,0,0.297,0.12,0.305,-0.006,-0.009,0.06,0.004,-0.005,27.72,21.44,27.95,14.78,14.61,18.69,15.5,14.87,0.453,0.456,0.466,3.322,3.083,2.25
"2013-08-01 07:15:00",37836,0,0.297,0.12,0.306,-0.006,-0.009,0.061,0.004,-0.005,27.74,21.44,27.99,14.8,14.58,18.73,15.52,14.88,0.45,0.457,0.466,3.59,3,2.301
"2013-08-01 07:30:00",37837,0,0.3,0.12,0.307,-0.006,-0.009,0.06,0.004,-0.005,27.82,21.44,28.02,14.8,14.59,18.69,15.52,14.88,0.442,0.45,0.457,4.247,3.573,3.012
"2013-08-01 07:45:00",37838,0,0.298,0.119,0.307,-0.006,-0.009,0.061,0.004,-0.005,27.75,21.38,28.02,14.81,14.59,18.7,15.52,14.89,0.424,0.442,0.445,5.69,4.231,3.946
"2013-08-01 08:00:00",37839,0,0.299,0.121,0.307,-0.006,-0.009,0.061,0.005,-0.005,27.78,21.46,28.02,14.84,14.62,18.7,15.54,14.91,0.409,0.431,0.426,6.92,5.127,5.501
"2013-08-01 08:15:00",37840,0,0.299,0.121,0.308,-0.006,-0.008,0.061,0,-0.005,27.78,21.46,28.06,14.8,14.65,18.7,15.2,14.91,0.392,0.414,0.386,8.41,6.56,8.93
"2013-08-01 08:30:00",37841,0,0.299,0.12,0.308,-0.005,-0.008,0.061,0,-0.005,27.78,21.44,28.05,14.85,14.66,18.7,15.2,14.91,0.378,0.396,0.356,9.64,8.02,11.69
"2013-08-01 08:45:00",37842,0,0.299,0.121,0.309,-0.005,-0.008,0.061,0,-0.004,27.79,21.48,28.08,14.87,14.66,18.7,15.22,14.93,0.339,0.374,0.332,13.21,10.01,13.87
"2013-08-01 09:00:00",37843,0,0.298,0.121,0.309,-0.005,-0.008,0.061,0,-0.004,27.76,21.46,28.08,14.85,14.69,18.7,15.19,14.93,0.297,0.349,0.335,17.37,12.31,13.62
"2013-08-01 09:15:00",37844,0,0.298,0.123,0.312,-0.005,-0.007,0.061,0,-0.004,27.75,21.54,28.18,14.88,14.72,18.73,15.19,14.93,0.301,0.33,0.322,17.07,14.07,14.86
"2013-08-01 09:30:00",37845,0,0.298,0.121,0.309,-0.004,-0.007,0.062,-0.001,-0.004,27.75,21.47,28.09,14.95,14.74,18.74,15.18,14.96,0.299,0.316,0.267,17.45,15.42,20.66
"2013-08-01 09:45:00",37846,0,0.298,0.121,0.309,-0.005,-0.008,0.061,0.003,-0.003,27.75,21.47,28.08,14.89,14.7,18.73,15.44,15.03,0.204,0.33,0.327,28.71,14.06,14.4
"2013-08-01 10:00:00",37847,0,0.299,0.12,0.309,-0.005,-0.008,0.061,0.002,-0.004,27.78,21.44,28.08,14.91,14.7,18.73,15.33,14.96,0.229,0.34,0.334,25.54,13.07,13.63
"2013-08-01 10:15:00",37848,0,0.298,0.123,0.311,-0.005,-0.007,0.062,0.002,-0.004,27.75,21.54,28.14,14.89,14.73,18.76,15.33,14.97,0.267,0.306,0.256,20.64,16.46,22.13
"2013-08-01 10:30:00",37849,0,0.298,0.121,0.309,-0.004,-0.006,0.062,-0.001,-0.004,27.76,21.47,28.08,14.96,14.81,18.74,15.18,14.96,0.282,0.26,0.223,18.96,21.41,25.99
"2013-08-01 10:45:00",37850,0,0.298,0.121,0.31,-0.004,-0.007,0.062,0,-0.003,27.75,21.48,28.1,14.93,14.76,18.76,15.19,14.99,0.262,0.232,0.206,21.26,24.81,28.43
"2013-08-01 11:00:00",37851,0,0.298,0.121,0.309,-0.005,-0.007,0.062,0,-0.003,27.75,21.47,28.08,14.89,14.76,18.77,15.19,15,0.237,0.217,0.197,24.46,26.83,29.68
"2013-08-01 11:15:00",37852,0,0.299,0.121,0.309,-0.004,-0.007,0.062,0,-0.003,27.79,21.48,28.09,14.93,14.74,18.76,15.2,15.01,0.245,0.255,0.269,23.23,22.14,20.54
"2013-08-01 11:30:00",37853,0,0.297,0.121,0.309,-0.004,-0.007,0.062,0,-0.002,27.74,21.48,28.08,14.93,14.73,18.76,15.22,15.08,0.19,0.278,0.27,30.82,19.52,20.45
"2013-08-01 11:45:00",37854,0,0.298,0.121,0.308,-0.004,-0.007,0.063,0,-0.003,27.75,21.48,28.06,14.92,14.74,18.81,15.22,15,0.151,0.234,0.225,37.54,24.61,25.8
"2013-08-01 12:00:00",37855,0,0.3,0.122,0.309,-0.005,-0.007,0.062,0,-0.003,27.8,21.51,28.09,14.91,14.74,18.77,15.2,15,0.164,0.237,0.236,35.14,24.24,24.35
"2013-08-01 12:15:00",37856,0,0.298,0.122,0.309,-0.004,-0.007,0.064,0,-0.003,27.75,21.51,28.08,14.95,14.73,18.87,15.25,15.01,0.143,0.247,0.253,38.92,23.04,22.37
"2013-08-01 12:45:00",37857,0,0.297,0.123,0.308,-0.004,-0.007,0.062,0,-0.004,27.74,21.54,28.06,14.95,14.73,18.79,15.19,14.97,0.233,0.278,0.279,24.92,19.45,19.29
"2013-08-01 13:00:00",37858,0,0.297,0.123,0.308,-0.003,-0.007,0.063,0,-0.003,27.74,21.54,28.06,15.01,14.73,18.81,15.22,14.99,0.244,0.283,0.283,23.34,18.85,18.82
"2013-08-01 13:15:00",37859,0,0.297,0.123,0.308,-0.003,-0.007,0.063,0,-0.003,27.74,21.57,28.05,14.99,14.77,18.83,15.22,14.99,0.254,0.286,0.289,22.17,18.54,18.24
"2013-08-01 13:30:00",37860,0,0.299,0.124,0.308,-0.004,-0.007,0.063,0,-0.004,27.78,21.58,28.06,14.95,14.73,18.83,15.19,14.97,0.22,0.284,0.288,26.52,18.77,18.34
"2013-08-01 13:45:00",37861,0,0.299,0.124,0.309,-0.004,-0.007,0.063,0,-0.003,27.79,21.59,28.08,14.93,14.73,18.83,15.2,14.99,0.175,0.266,0.274,33.23,20.77,19.83
"2013-08-01 14:00:00",37862,0,0.297,0.124,0.308,-0.005,-0.007,0.063,0,-0.003,27.74,21.59,28.05,14.89,14.73,18.84,15.2,15,0.185,0.273,0.278,31.61,19.98,19.46
"2013-08-01 14:15:00",37863,0,0.297,0.124,0.307,-0.004,-0.007,0.064,0.007,-0.003,27.74,21.61,28.04,14.95,14.73,18.88,15.67,15.01,0.182,0.281,0.284,32.08,19.04,18.72
"2013-08-01 14:30:00",37864,0,0.297,0.125,0.307,-0.003,-0.007,0.064,0,-0.004,27.74,21.62,28.04,14.99,14.72,18.85,15.2,14.96,0.171,0.286,0.287,33.72,18.55,18.41
"2013-08-01 14:45:00",37865,0,0.297,0.125,0.307,-0.004,-0.007,0.065,0.001,-0.004,27.74,21.62,28.04,14.96,14.72,18.93,15.26,14.97,0.168,0.288,0.289,34.28,18.28,18.25
"2013-08-01 15:00:00",37866,0,0.299,0.125,0.307,-0.004,-0.007,0.064,0,-0.004,27.78,21.63,28.04,14.93,14.73,18.85,15.2,14.97,0.173,0.287,0.282,33.53,18.39,19.02
"2013-08-01 15:15:00",37867,0,0.297,0.126,0.307,-0.004,-0.007,0.064,0,-0.004,27.72,21.67,28.02,14.95,14.73,18.87,15.2,14.97,0.19,0.285,0.28,30.84,18.66,19.2
"2013-08-01 15:30:00",37868,0,0.298,0.126,0.307,-0.004,-0.007,0.064,0,-0.004,27.76,21.66,28.02,14.95,14.73,18.87,15.19,14.96,0.258,0.288,0.283,21.72,18.35,18.81
"2013-08-01 15:45:00",37869,0,0.299,0.126,0.308,-0.004,-0.007,0.064,0.004,-0.004,27.78,21.67,28.05,14.93,14.72,18.87,15.49,14.96,0.279,0.293,0.293,19.31,17.77,17.8
"2013-08-01 16:00:00",37870,0,0.298,0.126,0.308,-0.004,-0.007,0.064,0,-0.004,27.76,21.69,28.05,14.92,14.72,18.87,15.19,14.97,0.235,0.296,0.295,24.57,17.48,17.64
"2013-08-01 16:15:00",37871,0,0.297,0.126,0.307,-0.004,-0.007,0.064,0,-0.004,27.72,21.69,28.02,14.92,14.72,18.88,15.19,14.96,0.233,0.298,0.296,24.73,17.23,17.51
"2013-08-01 16:30:00",37872,0,0.296,0.127,0.306,-0.005,-0.007,0.065,-0.001,-0.004,27.7,21.7,28.01,14.91,14.72,18.89,15.18,14.96,0.24,0.299,0.297,23.83,17.19,17.36
"2013-08-01 16:45:00",37873,0,0.301,0.127,0.307,-0.005,-0.007,0.065,-0.001,-0.004,27.83,21.7,28.02,14.91,14.73,18.89,15.18,14.96,0.271,0.305,0.306,20.21,16.59,16.48
"2013-08-01 17:00:00",37874,0,0.3,0.127,0.307,-0.005,-0.007,0.063,0.002,-0.004,27.82,21.71,28.02,14.89,14.73,18.83,15.35,14.95,0.319,0.315,0.32,15.12,15.52,15.03
"2013-08-01 17:15:00",37875,0,0.297,0.129,0.309,-0.005,-0.007,0.065,0,-0.004,27.71,21.8,28.08,14.88,14.73,18.89,15.2,14.96,0.356,0.324,0.336,11.61,14.68,13.45
"2013-08-01 17:30:00",37876,0,0.297,0.127,0.306,-0.005,-0.008,0.065,0.001,-0.004,27.74,21.73,28.01,14.87,14.69,18.89,15.27,14.95,0.375,0.336,0.357,9.86,13.49,11.48
"2013-08-01 17:45:00",37877,0,0.297,0.127,0.306,-0.006,-0.008,0.066,0.006,-0.004,27.71,21.73,27.99,14.84,14.68,18.96,15.6,14.95,0.392,0.343,0.368,8.42,12.79,10.53
"2013-08-01 18:00:00",37878,0,0.296,0.128,0.306,-0.006,-0.008,0.064,0.006,-0.004,27.7,21.74,28.01,14.84,14.68,18.88,15.58,14.96,0.396,0.35,0.376,8.07,12.16,9.79
"2013-08-01 18:15:00",37879,0,0.296,0.128,0.306,-0.006,-0.008,0.065,0.006,-0.004,27.7,21.74,27.99,14.84,14.68,18.93,15.61,14.95,0.404,0.361,0.386,7.376,11.2,8.92
"2013-08-01 18:30:00",37880,0,0.296,0.128,0.306,-0.006,-0.008,0.064,0.006,-0.004,27.7,21.76,27.99,14.82,14.66,18.87,15.58,14.95,0.404,0.364,0.388,7.398,10.88,8.8
"2013-08-01 18:45:00",37881,0,0.297,0.129,0.307,-0.005,-0.008,0.065,0.007,-0.004,27.71,21.8,28.02,14.85,14.69,18.89,15.68,14.97,0.392,0.367,0.381,8.4,10.61,9.35
"2013-08-01 19:00:00",37882,0,0.297,0.128,0.306,-0.006,-0.008,0.064,0.007,-0.004,27.72,21.74,27.99,14.82,14.66,18.87,15.67,14.96,0.401,0.37,0.392,7.595,10.36,8.43
"2013-08-01 19:15:00",37883,0,0.296,0.129,0.306,-0.006,-0.008,0.064,0.007,-0.004,27.68,21.78,27.99,14.82,14.65,18.87,15.65,14.96,0.407,0.378,0.401,7.145,9.62,7.635
"2013-08-01 19:30:00",37884,0,0.296,0.128,0.306,-0.006,-0.008,0.064,0.006,-0.004,27.7,21.77,27.99,14.82,14.66,18.87,15.61,14.95,0.412,0.379,0.403,6.726,9.54,7.493
"2013-08-01 19:45:00",37885,0,0.296,0.128,0.306,-0.005,-0.007,0.064,0.007,-0.004,27.7,21.77,27.99,14.88,14.72,18.87,15.67,14.93,0.411,0.381,0.402,6.768,9.41,7.574
"2013-08-01 20:00:00",37886,0,0.296,0.128,0.305,-0.006,-0.008,0.064,0.006,-0.004,27.7,21.77,27.98,14.81,14.65,18.87,15.63,14.96,0.418,0.382,0.408,6.171,9.26,7.027
"2013-08-01 20:15:00",37887,0,0.299,0.128,0.307,-0.006,-0.008,0.063,0.006,-0.004,27.79,21.77,28.02,14.82,14.65,18.84,15.63,14.95,0.414,0.387,0.41,6.556,8.86,6.834
"2013-08-01 20:30:00",37888,0,0.299,0.128,0.306,-0.006,-0.008,0.064,0.006,-0.004,27.79,21.77,28.01,14.84,14.65,18.85,15.63,14.95,0.42,0.389,0.415,6,8.65,6.429
"2013-08-01 20:45:00",37889,0,0.296,0.128,0.306,-0.005,-0.007,0.064,0.006,-0.004,27.7,21.77,27.99,14.85,14.72,18.85,15.63,14.92,0.424,0.393,0.42,5.684,8.3,6.026
"2013-08-01 21:00:00",37890,0,0.296,0.128,0.305,-0.005,-0.008,0.063,0.006,-0.004,27.7,21.77,27.98,14.87,14.7,18.84,15.64,14.93,0.428,0.399,0.427,5.367,7.81,5.476
"2013-08-01 21:15:00",37891,0,0.295,0.129,0.306,-0.006,-0.008,0.063,0.006,-0.004,27.67,21.78,27.99,14.82,14.65,18.84,15.6,14.93,0.425,0.399,0.421,5.581,7.839,5.93
"2013-08-01 21:30:00",37892,0,0.297,0.128,0.306,-0.006,-0.009,0.063,0.006,-0.004,27.74,21.77,27.99,14.81,14.63,18.84,15.63,14.93,0.425,0.399,0.423,5.588,7.766,5.82
"2013-08-01 21:45:00",37893,0,0.296,0.128,0.305,-0.006,-0.009,0.063,0.008,-0.004,27.7,21.77,27.98,14.81,14.63,18.83,15.75,14.95,0.435,0.405,0.435,4.787,7.269,4.818
"2013-08-01 22:00:00",37894,0,0.296,0.13,0.309,-0.006,-0.008,0.063,0.007,-0.004,27.68,21.82,28.08,14.81,14.65,18.84,15.68,14.93,0.43,0.406,0.43,5.223,7.222,5.192
"2013-08-01 22:15:00",37895,0,0.296,0.128,0.306,-0.006,-0.009,0.065,0.008,-0.004,27.7,21.77,27.99,14.81,14.63,18.91,15.76,14.92,0.421,0.405,0.424,5.927,7.299,5.661
"2013-08-01 22:30:00",37896,0,0.3,0.128,0.306,-0.006,-0.009,0.063,0.007,-0.004,27.8,21.76,28.01,14.81,14.63,18.83,15.68,14.95,0.435,0.411,0.436,4.757,6.776,4.677
"2013-08-01 22:45:00",37897,0,0.295,0.129,0.306,-0.006,-0.009,0.063,0.007,-0.004,27.67,21.78,27.99,14.81,14.63,18.81,15.67,14.93,0.43,0.413,0.43,5.223,6.658,5.222
"2013-08-01 23:00:00",37898,0,0.297,0.128,0.306,-0.006,-0.009,0.063,0.007,-0.004,27.71,21.74,27.99,14.81,14.63,18.8,15.65,14.93,0.446,0.418,0.445,3.897,6.21,3.944
"2013-08-01 23:15:00",37899,0,0.296,0.13,0.309,-0.006,-0.009,0.063,0.007,-0.005,27.7,21.82,28.09,14.81,14.63,18.81,15.68,14.88,0.446,0.421,0.449,3.891,5.961,3.685
"2013-08-01 23:30:00",37900,0,0.297,0.128,0.306,-0.006,-0.009,0.062,0.007,-0.004,27.74,21.76,27.99,14.8,14.62,18.79,15.67,14.93,0.445,0.423,0.449,3.959,5.776,3.608
"2013-08-01 23:45:00",37901,0,0.296,0.128,0.305,-0.006,-0.009,0.063,0.007,-0.004,27.7,21.74,27.98,14.8,14.62,18.8,15.65,14.93,0.444,0.423,0.448,4.013,5.764,3.714
"2013-08-02 00:00:00",37902,0,0.296,0.128,0.307,-0.006,-0.009,0.063,0.007,-0.004,27.7,21.76,28.04,14.81,14.63,18.8,15.68,14.92,0.446,0.426,0.449,3.914,5.553,3.676
"2013-08-02 00:15:00",37903,0,0.295,0.128,0.305,-0.006,-0.009,0.062,0.007,-0.004,27.67,21.76,27.98,14.78,14.62,18.79,15.65,14.93,0.448,0.428,0.454,3.688,5.361,3.236
"2013-08-02 00:30:00",37904,0,0.297,0.127,0.306,-0.007,-0.009,0.062,0.007,-0.004,27.74,21.73,28.01,14.74,14.62,18.79,15.65,14.92,0.446,0.429,0.452,3.892,5.264,3.425
"2013-08-02 00:45:00",37905,0,0.296,0.129,0.308,-0.006,-0.009,0.062,0.007,-0.004,27.68,21.81,28.05,14.8,14.63,18.79,15.65,14.95,0.453,0.436,0.462,3.335,4.745,2.578
"2013-08-02 01:00:00",37906,0,0.296,0.127,0.305,-0.006,-0.009,0.062,0.007,-0.003,27.7,21.73,27.98,14.78,14.61,18.77,15.67,15,0.458,0.437,0.464,2.95,4.606,2.421
"2013-08-02 01:15:00",37907,0,0.295,0.128,0.305,-0.006,-0.009,0.062,0.007,-0.004,27.67,21.74,27.98,14.78,14.61,18.77,15.68,14.92,0.458,0.44,0.464,2.928,4.41,2.466
"2013-08-02 01:30:00",37908,0,0.296,0.129,0.309,-0.006,-0.009,0.062,0.007,-0.005,27.68,21.81,28.08,14.81,14.62,18.79,15.71,14.88,0.446,0.437,0.458,3.922,4.611,2.941
"2013-08-02 01:45:00",37909,0,0.297,0.127,0.305,-0.006,-0.009,0.062,0.007,-0.004,27.71,21.71,27.98,14.8,14.62,18.76,15.68,14.92,0.449,0.437,0.455,3.655,4.591,3.185
"2013-08-02 02:00:00",37910,0,0.296,0.129,0.309,-0.006,-0.009,0.062,0.007,-0.005,27.7,21.78,28.08,14.81,14.62,18.77,15.71,14.89,0.453,0.443,0.461,3.317,4.151,2.708
"2013-08-02 02:15:00",37911,0,0.297,0.127,0.306,-0.006,-0.009,0.062,0.007,-0.004,27.71,21.71,28.01,14.81,14.63,18.76,15.69,14.92,0.448,0.445,0.459,3.726,3.979,2.85
"2013-08-02 02:30:00",37912,0,0.297,0.127,0.306,-0.006,-0.009,0.062,0.007,-0.004,27.72,21.71,27.99,14.8,14.61,18.74,15.68,14.93,0.454,0.445,0.465,3.274,3.98,2.344
"2013-08-02 02:45:00",37913,0,0.298,0.127,0.306,-0.006,-0.009,0.062,0.007,-0.004,27.75,21.71,28.01,14.8,14.61,18.74,15.68,14.92,0.459,0.447,0.47,2.843,3.825,1.979
"2013-08-02 03:00:00",37914,0,0.297,0.127,0.306,-0.006,-0.009,0.062,0.007,-0.004,27.74,21.7,28.01,14.81,14.62,18.76,15.68,14.92,0.446,0.444,0.461,3.855,4.02,2.643
"2013-08-02 03:15:00",37915,0,0.297,0.127,0.306,-0.006,-0.009,0.062,0.007,-0.004,27.71,21.71,27.99,14.8,14.61,18.74,15.69,14.95,0.436,0.443,0.453,4.71,4.15,3.288
"2013-08-02 03:30:00",37916,0,0.297,0.127,0.306,-0.006,-0.009,0.062,0.007,-0.004,27.71,21.7,27.99,14.81,14.62,18.74,15.71,14.92,0.432,0.437,0.448,5.025,4.601,3.688
"2013-08-02 03:45:00",37917,0,0.297,0.127,0.306,-0.005,-0.008,0.061,0.008,-0.004,27.71,21.71,28.01,14.87,14.7,18.73,15.75,14.92,0.426,0.435,0.44,5.508,4.8,4.407
"2013-08-02 04:00:00",37918,0,0.297,0.127,0.306,-0.005,-0.008,0.062,0.008,-0.004,27.71,21.7,28.01,14.87,14.7,18.74,15.75,14.92,0.419,0.428,0.433,6.137,5.393,4.959
"2013-08-02 04:15:00",37919,0,0.297,0.127,0.306,-0.006,-0.009,0.061,0.008,-0.004,27.74,21.71,27.99,14.81,14.63,18.73,15.72,14.92,0.416,0.424,0.43,6.343,5.682,5.19
"2013-08-02 04:30:00",37920,0,0.297,0.128,0.307,-0.006,-0.008,0.062,0.008,-0.004,27.72,21.74,28.04,14.84,14.65,18.74,15.72,14.92,0.413,0.423,0.428,6.621,5.777,5.398
"2013-08-02 04:45:00",37921,0,0.297,0.129,0.31,-0.006,-0.008,0.062,0.008,-0.005,27.71,21.78,28.1,14.84,14.65,18.76,15.73,14.88,0.417,0.423,0.426,6.283,5.78,5.5
"2013-08-02 05:00:00",37922,0,0.296,0.127,0.306,-0.006,-0.009,0.061,0.007,-0.004,27.7,21.71,28.01,14.81,14.63,18.73,15.71,14.92,0.426,0.427,0.434,5.544,5.449,4.853
"2013-08-02 05:15:00",37923,0,0.297,0.127,0.306,-0.006,-0.009,0.061,0.007,-0.004,27.71,21.7,28.01,14.81,14.63,18.72,15.71,14.92,0.426,0.429,0.436,5.518,5.278,4.669
"2013-08-02 05:30:00",37924,0,0.297,0.127,0.306,-0.006,-0.009,0.062,0.008,-0.004,27.71,21.7,27.99,14.84,14.63,18.74,15.76,14.92,0.43,0.432,0.44,5.165,5.063,4.361
"2013-08-02 05:45:00",37925,0,0.297,0.127,0.306,-0.006,-0.009,0.061,0.007,-0.004,27.71,21.7,28.01,14.81,14.62,18.72,15.71,14.92,0.434,0.434,0.444,4.871,4.906,4.047
"2013-08-02 06:00:00",37926,0,0.3,0.127,0.306,-0.006,-0.009,0.06,0.007,-0.004,27.8,21.71,28.01,14.81,14.63,18.69,15.68,14.93,0.44,0.439,0.451,4.397,4.454,3.467
"2013-08-02 06:15:00",37927,0,0.298,0.127,0.307,-0.006,-0.009,0.061,0.007,-0.004,27.76,21.71,28.02,14.81,14.62,18.7,15.69,14.92,0.447,0.441,0.454,3.776,4.273,3.213
"2013-08-02 06:30:00",37928,0,0.297,0.127,0.307,-0.006,-0.009,0.061,0.008,-0.004,27.71,21.73,28.04,14.81,14.63,18.72,15.72,14.92,0.444,0.444,0.454,4.068,4.092,3.207
"2013-08-02 06:45:00",37929,0,0.297,0.127,0.306,-0.006,-0.009,0.06,0.007,-0.004,27.71,21.7,28.01,14.8,14.62,18.69,15.69,14.92,0.439,0.442,0.453,4.493,4.193,3.35
"2013-08-02 07:00:00",37930,0,0.297,0.128,0.309,-0.006,-0.009,0.061,0.008,-0.005,27.72,21.77,28.09,14.82,14.63,18.72,15.72,14.89,0.429,0.437,0.444,5.303,4.65,4.038
"2013-08-02 07:15:00",37931,0,0.297,0.126,0.306,-0.006,-0.009,0.061,0.007,-0.004,27.71,21.69,28.01,14.81,14.62,18.7,15.69,14.92,0.423,0.433,0.438,5.762,4.97,4.562
"2013-08-02 07:30:00",37932,0,0.297,0.127,0.306,-0.006,-0.009,0.061,0.007,-0.004,27.72,21.7,28.01,14.81,14.63,18.7,15.67,14.92,0.413,0.427,0.429,6.64,5.425,5.284
"2013-08-02 07:45:00",37933,0,0.3,0.127,0.307,-0.006,-0.008,0.061,0.007,-0.004,27.8,21.71,28.02,14.82,14.65,18.7,15.67,14.93,0.408,0.422,0.424,7.072,5.857,5.702
"2013-08-02 08:00:00",37934,0,0.297,0.128,0.309,-0.006,-0.008,0.061,0.007,-0.004,27.72,21.74,28.09,14.84,14.66,18.72,15.69,14.93,0.406,0.418,0.419,7.207,6.201,6.104
"2013-08-02 08:15:00",37935,0,0.297,0.127,0.307,-0.005,-0.008,0.061,0.007,-0.004,27.72,21.71,28.02,14.88,14.68,18.72,15.69,14.93,0.398,0.414,0.414,7.93,6.528,6.495
"2013-08-02 08:30:00",37936,0,0.297,0.127,0.307,-0.006,-0.008,0.062,0.008,-0.004,27.72,21.71,28.02,14.82,14.66,18.76,15.73,14.93,0.389,0.408,0.406,8.64,6.999,7.195
"2013-08-02 08:45:00",37937,0,0.297,0.127,0.307,-0.006,-0.008,0.061,0.007,-0.004,27.72,21.7,28.02,14.82,14.66,18.7,15.65,14.95,0.376,0.401,0.397,9.83,7.669,7.974
"2013-08-02 09:00:00",37938,0,0.299,0.127,0.307,-0.005,-0.008,0.061,0.006,-0.004,27.78,21.71,28.02,14.85,14.68,18.7,15.64,14.95,0.354,0.386,0.381,11.78,8.97,9.36
"2013-08-02 09:15:00",37939,0,0.297,0.127,0.307,-0.006,-0.008,0.061,0.006,-0.004,27.74,21.71,28.02,14.84,14.68,18.72,15.64,14.95,0.352,0.376,0.369,12.03,9.79,10.4
"2013-08-02 09:30:00",37940,0,0.301,0.127,0.308,-0.005,-0.008,0.061,0.006,-0.004,27.83,21.71,28.05,14.87,14.68,18.73,15.64,14.96,0.345,0.371,0.367,12.62,10.23,10.59
"2013-08-02 09:45:00",37941,0,0.298,0.127,0.307,-0.005,-0.008,0.061,0.006,-0.004,27.76,21.73,28.02,14.89,14.7,18.72,15.63,14.97,0.3,0.359,0.351,17.31,11.31,12.1
"2013-08-02 10:00:00",37942,0,0.301,0.128,0.307,-0.005,-0.008,0.061,0.006,-0.003,27.83,21.74,28.04,14.91,14.7,18.73,15.61,14.99,0.227,0.341,0.329,25.59,12.99,14.19
"2013-08-02 10:15:00",37943,0,0.298,0.128,0.305,-0.004,-0.007,0.062,0.006,-0.003,27.76,21.74,27.98,14.92,14.72,18.74,15.61,14.99,0.239,0.313,0.28,24.01,15.72,19.25
"2013-08-02 10:30:00",37944,0,0.297,0.127,0.307,-0.005,-0.007,0.062,0.005,-0.004,27.74,21.73,28.02,14.89,14.72,18.74,15.57,14.97,0.288,0.308,0.298,18.35,16.31,17.4
"2013-08-02 10:45:00",37945,0,0.297,0.128,0.308,-0.005,-0.007,0.062,0.005,-0.004,27.74,21.77,28.05,14.91,14.74,18.76,15.57,14.97,0.271,0.301,0.292,20.3,16.99,17.97
"2013-08-02 11:00:00",37946,0,0.301,0.128,0.308,-0.005,-0.007,0.062,0.006,-0.004,27.83,21.76,28.05,14.91,14.72,18.76,15.58,14.97,0.287,0.307,0.306,18.48,16.38,16.44
"2013-08-02 11:15:00",37947,0,0.297,0.128,0.306,-0.004,-0.007,0.062,0.006,-0.003,27.72,21.74,28.01,14.95,14.74,18.76,15.61,15,0.267,0.309,0.303,20.61,16.12,16.72
"2013-08-02 11:30:00",37948,0,0.299,0.128,0.307,-0.004,-0.007,0.062,0.006,-0.003,27.78,21.76,28.04,14.93,14.73,18.76,15.58,15,0.219,0.297,0.28,26.67,17.41,19.33
"2013-08-02 11:45:00",37949,0,0.297,0.128,0.307,-0.004,-0.007,0.062,0.006,-0.003,27.74,21.77,28.04,14.92,14.77,18.77,15.63,15,0.18,0.259,0.25,32.33,21.53,22.61
"2013-08-02 12:00:00",37950,0,0.297,0.128,0.307,-0.004,-0.007,0.062,0,-0.003,27.72,21.77,28.04,14.92,14.76,18.79,15.23,15,0.158,0.251,0.237,36.25,22.54,24.17
"2013-08-02 12:15:00",37951,0,0.298,0.127,0.306,-0.004,-0.007,0.062,0,-0.003,27.75,21.71,28.01,14.95,14.74,18.77,15.23,15,0.149,0.247,0.242,37.88,23.02,23.76
"2013-08-02 12:30:00",37952,0,0.297,0.128,0.306,-0.004,-0.007,0.062,0,-0.003,27.72,21.77,28.01,14.95,14.74,18.77,15.22,15,0.221,0.279,0.281,26.68,19.35,19.12
"2013-08-02 12:45:00",37953,0,0.301,0.128,0.307,-0.004,-0.007,0.063,0,-0.003,27.85,21.77,28.04,14.93,14.74,18.81,15.23,14.99,0.238,0.281,0.279,24.12,19.07,19.28
"2013-08-02 13:00:00",37954,0,0.297,0.129,0.308,-0.004,-0.007,0.063,0.005,-0.004,27.74,21.81,28.05,14.93,14.74,18.81,15.54,14.96,0.255,0.284,0.279,22.06,18.75,19.29
"2013-08-02 13:15:00",37955,0,0.297,0.129,0.306,-0.004,-0.007,0.063,0.007,-0.003,27.72,21.78,28.01,14.96,14.73,18.81,15.69,15.01,0.255,0.282,0.276,22.01,19,19.59
"2013-08-02 13:30:00",37956,0,0.297,0.129,0.308,-0.004,-0.007,0.063,0.006,-0.003,27.72,21.81,28.05,14.93,14.74,18.83,15.58,15.01,0.213,0.278,0.273,27.4,19.38,19.96
"2013-08-02 13:45:00",37957,0,0.297,0.129,0.305,-0.004,-0.007,0.063,0,-0.003,27.72,21.78,27.98,14.93,14.77,18.83,15.23,14.99,0.207,0.267,0.266,28.22,20.67,20.81
"2013-08-02 14:00:00",37958,0,0.297,0.129,0.305,-0.005,-0.007,0.065,0.006,-0.003,27.72,21.78,27.98,14.91,14.74,18.93,15.58,15.01,0.213,0.27,0.268,27.37,20.33,20.55
"2013-08-02 14:15:00",37959,0,0.297,0.129,0.305,-0.004,-0.007,0.063,0,-0.004,27.72,21.78,27.98,14.93,14.74,18.83,15.2,14.97,0.198,0.277,0.271,29.58,19.57,20.21
"2013-08-02 14:30:00",37960,0,0.297,0.128,0.305,-0.004,-0.007,0.063,0.002,-0.004,27.74,21.74,27.98,14.93,14.73,18.83,15.34,14.97,0.202,0.276,0.271,28.94,19.58,20.15
"2013-08-02 14:45:00",37961,0,0.297,0.129,0.305,-0.004,-0.007,0.063,-0.001,-0.004,27.71,21.78,27.98,14.92,14.73,18.84,15.16,14.95,0.258,0.287,0.281,21.73,18.45,19.08
"2013-08-02 15:00:00",37962,0,0.299,0.129,0.306,-0.004,-0.007,0.063,-0.002,-0.004,27.79,21.78,27.99,14.93,14.73,18.84,15.11,14.95,0.233,0.28,0.272,24.87,19.15,20.08
"2013-08-02 15:15:00",37963,0,0.297,0.128,0.305,-0.004,-0.007,0.064,-0.002,-0.003,27.71,21.77,27.98,14.93,14.74,18.85,15.1,15.04,0.232,0.275,0.266,24.92,19.72,20.72
"2013-08-02 15:30:00",37964,0,0.297,0.128,0.305,-0.004,-0.007,0.064,-0.002,-0.004,27.71,21.77,27.97,14.93,14.74,18.87,15.07,14.95,0.26,0.274,0.266,21.43,19.83,20.78
"2013-08-02 15:45:00",37965,0,0.297,0.128,0.305,-0.004,-0.006,0.064,0.001,-0.004,27.71,21.76,27.97,14.97,14.8,18.88,15.3,14.96,0.267,0.279,0.27,20.69,19.29,20.28
"2013-08-02 16:00:00",37966,0,0.296,0.128,0.305,-0.004,-0.007,0.064,0.002,-0.004,27.7,21.76,27.97,14.97,14.73,18.88,15.35,14.93,0.244,0.281,0.276,23.34,19.04,19.62
"2013-08-02 16:15:00",37967,0,0.297,0.128,0.305,-0.004,-0.007,0.064,-0.001,-0.004,27.71,21.74,27.97,14.92,14.77,18.88,15.16,14.92,0.249,0.285,0.279,22.76,18.68,19.35
"2013-08-02 16:30:00",37968,0,0.297,0.127,0.305,-0.004,-0.006,0.064,0,-0.004,27.71,21.73,27.95,14.95,14.81,18.88,15.19,14.92,0.247,0.289,0.283,22.94,18.23,18.83
"2013-08-02 16:45:00",37969,0,0.296,0.127,0.305,-0.005,-0.007,0.066,0,-0.005,27.7,21.71,27.97,14.89,14.73,18.98,15.23,14.91,0.276,0.296,0.292,19.64,17.5,17.91
"2013-08-02 17:00:00",37970,0,0.297,0.127,0.303,-0.004,-0.007,0.065,-0.001,-0.004,27.74,21.73,27.91,14.92,14.72,18.89,15.16,14.92,0.307,0.303,0.301,16.39,16.73,16.97
"2013-08-02 17:15:00",37971,0,0.296,0.127,0.305,-0.005,-0.007,0.065,0,-0.004,27.7,21.7,27.95,14.91,14.72,18.89,15.22,14.95,0.325,0.309,0.311,14.55,16.14,15.98
"2013-08-02 17:30:00",37972,0,0.296,0.127,0.305,-0.005,-0.008,0.064,0,-0.005,27.68,21.7,27.95,14.89,14.7,18.88,15.2,14.91,0.335,0.317,0.324,13.56,15.36,14.67
"2013-08-02 17:45:00",37973,0,0.296,0.127,0.305,-0.005,-0.008,0.065,0,-0.005,27.68,21.71,27.95,14.89,14.7,18.89,15.19,14.89,0.342,0.324,0.327,12.96,14.7,14.32
"2013-08-02 18:00:00",37974,0,0.296,0.127,0.305,-0.005,-0.008,0.065,-0.001,-0.005,27.68,21.7,27.95,14.87,14.7,18.89,15.15,14.91,0.354,0.33,0.338,11.79,14.07,13.34
"2013-08-02 18:15:00",37975,0,0.299,0.127,0.305,-0.005,-0.008,0.064,-0.001,-0.005,27.79,21.71,27.97,14.88,14.7,18.88,15.15,14.89,0.348,0.334,0.338,12.34,13.69,13.31
"2013-08-02 19:00:00",37976,0,0.296,0.127,0.305,-0.005,-0.008,0.064,0,-0.005,27.7,21.7,27.95,14.88,14.69,18.88,15.19,14.88,0.347,0.333,0.334,12.43,13.75,13.65
"2013-08-02 19:15:00",37977,0,0.299,0.127,0.305,-0.005,-0.007,0.064,0,-0.005,27.78,21.7,27.97,14.85,14.72,18.87,15.19,14.88,0.389,0.352,0.371,8.67,11.95,10.29
"2013-08-02 19:30:00",37978,0,0.296,0.126,0.304,-0.005,-0.008,0.064,-0.001,-0.005,27.68,21.69,27.94,14.85,14.68,18.87,15.14,14.91,0.4,0.362,0.382,7.699,11.04,9.24
"2013-08-02 19:45:00",37979,0,0.299,0.127,0.305,-0.005,-0.008,0.064,-0.001,-0.005,27.78,21.7,27.95,14.87,14.66,18.88,15.14,14.88,0.394,0.364,0.382,8.23,10.88,9.32
"2013-08-02 20:00:00",37980,0,0.297,0.125,0.304,-0.005,-0.008,0.064,-0.001,-0.005,27.71,21.65,27.94,14.85,14.68,18.87,15.12,14.88,0.379,0.36,0.373,9.53,11.21,10.1
"2013-08-02 20:15:00",37981,0,0.297,0.126,0.304,-0.006,-0.008,0.064,-0.002,-0.005,27.71,21.67,27.94,14.84,14.68,18.87,15.07,14.85,0.394,0.367,0.384,8.23,10.59,9.11
"2013-08-02 20:30:00",37982,0,0.296,0.126,0.304,-0.006,-0.008,0.064,0.001,-0.005,27.68,21.67,27.94,14.84,14.66,18.85,15.31,14.85,0.396,0.37,0.386,8.04,10.31,8.94
"2013-08-02 20:45:00",37983,0,0.296,0.128,0.307,-0.005,-0.008,0.064,0.004,-0.006,27.68,21.74,28.02,14.85,14.69,18.88,15.46,14.84,0.397,0.374,0.39,7.942,9.96,8.56
"2013-08-02 21:00:00",37984,0,0.296,0.125,0.304,-0.006,-0.008,0.064,0.004,-0.005,27.68,21.65,27.94,14.82,14.66,18.87,15.46,14.87,0.399,0.377,0.389,7.829,9.73,8.65
"2013-08-02 21:15:00",37985,0,0.296,0.125,0.304,-0.006,-0.008,0.064,0.002,-0.005,27.68,21.65,27.94,14.84,14.66,18.87,15.38,14.87,0.414,0.38,0.401,6.535,9.42,7.666
"2013-08-02 21:45:00",37986,0,0.295,0.125,0.304,-0.006,-0.008,0.063,-0.002,-0.004,27.67,21.63,27.93,14.82,14.65,18.84,15.11,14.93,0.422,0.39,0.41,5.897,8.61,6.835
"2013-08-02 22:00:00",37987,0,0.299,0.125,0.304,-0.006,-0.008,0.064,0.001,-0.006,27.78,21.63,27.94,14.82,14.65,18.85,15.27,14.84,0.429,0.394,0.423,5.248,8.2,5.766
"2013-08-02 22:15:00",37988,0,0.295,0.125,0.304,-0.006,-0.008,0.063,0.001,-0.006,27.67,21.63,27.94,14.81,14.65,18.84,15.27,14.84,0.434,0.397,0.424,4.868,7.962,5.664
"2013-08-02 22:30:00",37989,0,0.295,0.125,0.304,-0.006,-0.008,0.063,0,-0.005,27.67,21.62,27.94,14.82,14.65,18.83,15.19,14.85,0.429,0.399,0.416,5.318,7.848,6.335
"2013-08-02 22:45:00",37990,0,0.296,0.124,0.304,-0.006,-0.009,0.063,-0.001,-0.005,27.68,21.61,27.94,14.82,14.63,18.83,15.15,14.87,0.415,0.399,0.415,6.451,7.77,6.442
"2013-08-02 23:00:00",37991,0,0.297,0.125,0.304,-0.006,-0.008,0.063,-0.001,-0.005,27.71,21.62,27.94,14.82,14.65,18.83,15.18,14.85,0.41,0.395,0.403,6.853,8.13,7.44
"2013-08-02 23:15:00",37992,0,0.296,0.124,0.304,-0.006,-0.008,0.063,0,-0.006,27.68,21.59,27.94,14.84,14.65,18.83,15.22,14.84,0.397,0.391,0.396,7.941,8.52,8.07
"2013-08-02 23:30:00",37993,0,0.296,0.124,0.304,-0.006,-0.008,0.063,0,-0.005,27.68,21.61,27.94,14.84,14.66,18.83,15.2,14.85,0.399,0.388,0.391,7.812,8.79,8.53
"2013-08-02 23:45:00",37994,0,0.296,0.126,0.306,-0.005,-0.008,0.063,0,-0.005,27.68,21.66,27.99,14.85,14.68,18.83,15.19,14.87,0.399,0.388,0.394,7.77,8.75,8.27
"2013-08-03 00:00:00",37995,0,0.297,0.124,0.304,-0.006,-0.008,0.063,0,-0.005,27.71,21.61,27.94,14.82,14.65,18.83,15.2,14.87,0.4,0.39,0.402,7.701,8.56,7.567
"2013-08-03 00:15:00",37996,0,0.297,0.124,0.304,-0.006,-0.008,0.063,0,-0.005,27.71,21.59,27.94,14.82,14.66,18.83,15.19,14.85,0.4,0.391,0.399,7.713,8.54,7.812
"2013-08-03 00:30:00",37997,0,0.297,0.124,0.304,-0.006,-0.008,0.063,0,-0.005,27.71,21.58,27.94,14.84,14.65,18.83,15.2,14.87,0.402,0.391,0.401,7.559,8.54,7.615
"2013-08-03 00:45:00",37998,0,0.299,0.124,0.305,-0.006,-0.009,0.063,0,-0.005,27.78,21.58,27.97,14.84,14.63,18.83,15.22,14.85,0.407,0.395,0.406,7.083,8.16,7.176
"2013-08-03 01:00:00",37999,0,0.296,0.123,0.304,-0.006,-0.008,0.063,0,-0.004,27.68,21.57,27.94,14.82,14.66,18.81,15.25,14.92,0.414,0.397,0.411,6.507,7.961,6.783
"2013-08-03 01:15:00",38000,0,0.296,0.123,0.304,-0.006,-0.008,0.063,0.001,-0.006,27.68,21.55,27.94,14.82,14.65,18.8,15.26,14.82,0.411,0.402,0.413,6.808,7.574,6.645
"2013-08-03 01:30:00",38001,0,0.296,0.123,0.304,-0.006,-0.008,0.063,-0.002,-0.005,27.68,21.55,27.94,14.81,14.65,18.8,15.1,14.85,0.421,0.406,0.418,5.946,7.213,6.208
"2013-08-03 01:45:00",38002,0,0.295,0.123,0.304,-0.006,-0.008,0.064,0.002,-0.006,27.67,21.55,27.94,14.81,14.65,18.85,15.34,14.84,0.428,0.411,0.428,5.373,6.776,5.396
"2013-08-03 02:00:00",38003,0,0.296,0.123,0.304,-0.006,-0.009,0.063,0,-0.006,27.7,21.54,27.94,14.81,14.63,18.8,15.22,14.84,0.429,0.412,0.43,5.26,6.709,5.193
"2013-08-03 02:15:00",38004,0,0.296,0.123,0.304,-0.006,-0.009,0.062,0,-0.006,27.68,21.54,27.94,14.81,14.63,18.79,15.23,14.84,0.436,0.418,0.436,4.742,6.175,4.74
"2013-08-03 02:30:00",38005,0,0.295,0.122,0.304,-0.006,-0.009,0.064,0.001,-0.006,27.67,21.53,27.94,14.81,14.63,18.85,15.3,14.84,0.428,0.419,0.431,5.333,6.133,5.11
"2013-08-03 02:45:00",38006,0,0.297,0.123,0.305,-0.006,-0.009,0.062,0.001,-0.006,27.71,21.54,27.97,14.78,14.63,18.79,15.31,14.84,0.43,0.419,0.429,5.213,6.1,5.306
"2013-08-03 03:00:00",38007,0,0.296,0.122,0.305,-0.006,-0.008,0.062,0.001,-0.006,27.68,21.53,27.95,14.81,14.65,18.79,15.3,14.84,0.42,0.414,0.418,6.051,6.528,6.172
"2013-08-03 03:15:00",38008,0,0.297,0.121,0.305,-0.006,-0.008,0.062,0.001,-0.006,27.71,21.47,27.95,14.81,14.65,18.77,15.3,14.84,0.418,0.413,0.416,6.178,6.611,6.382
"2013-08-03 03:30:00",38009,0,0.295,0.123,0.305,-0.006,-0.008,0.062,0.001,-0.006,27.66,21.54,27.95,14.81,14.65,18.79,15.3,14.84,0.416,0.411,0.413,6.35,6.767,6.658
"2013-08-03 03:45:00",38010,0,0.296,0.122,0.305,-0.006,-0.008,0.062,0.001,-0.005,27.68,21.51,27.95,14.81,14.65,18.77,15.3,14.89,0.418,0.413,0.418,6.219,6.6,6.236
"2013-08-03 04:00:00",38011,0,0.297,0.122,0.305,-0.006,-0.008,0.062,0.001,-0.006,27.71,21.51,27.95,14.81,14.65,18.77,15.3,14.84,0.414,0.413,0.416,6.544,6.602,6.349
"2013-08-03 04:15:00",38012,0,0.298,0.122,0.305,-0.006,-0.009,0.062,0,-0.006,27.75,21.5,27.97,14.82,14.63,18.77,15.22,14.84,0.417,0.415,0.42,6.311,6.483,6.076
"2013-08-03 04:30:00",38013,0,0.298,0.121,0.305,-0.006,-0.009,0.062,0,-0.006,27.76,21.48,27.97,14.81,14.63,18.76,15.22,14.82,0.426,0.42,0.432,5.502,6.019,5.011
"2013-08-03 04:45:00",38014,0,0.296,0.121,0.304,-0.006,-0.008,0.062,0,-0.005,27.68,21.47,27.94,14.84,14.65,18.77,15.25,14.85,0.428,0.422,0.43,5.327,5.849,5.181
"2013-08-03 05:00:00",38015,0,0.299,0.121,0.305,-0.006,-0.008,0.062,0,-0.006,27.78,21.47,27.97,14.81,14.65,18.74,15.22,14.82,0.441,0.426,0.44,4.335,5.523,4.418
"2013-08-03 05:15:00",38016,0,0.295,0.121,0.305,-0.006,-0.009,0.062,0,-0.006,27.67,21.47,27.95,14.8,14.63,18.76,15.22,14.82,0.449,0.431,0.451,3.637,5.114,3.521
"2013-08-03 05:30:00",38017,0,0.295,0.121,0.304,-0.006,-0.009,0.062,0,-0.005,27.67,21.47,27.94,14.78,14.63,18.76,15.23,14.85,0.444,0.435,0.447,4.077,4.817,3.786
"2013-08-03 05:45:00",38018,0,0.295,0.121,0.305,-0.006,-0.009,0.061,0,-0.006,27.67,21.46,27.95,14.78,14.62,18.73,15.22,14.82,0.451,0.436,0.452,3.513,4.69,3.371
"2013-08-03 06:00:00",38019,0,0.297,0.12,0.304,-0.006,-0.009,0.062,0,-0.006,27.71,21.44,27.94,14.78,14.62,18.74,15.2,14.84,0.455,0.441,0.46,3.14,4.3,2.777
"2013-08-03 06:15:00",38020,0,0.296,0.12,0.305,-0.006,-0.009,0.061,0,-0.006,27.68,21.43,27.95,14.8,14.63,18.73,15.22,14.82,0.47,0.446,0.467,1.955,3.929,2.16
"2013-08-03 06:30:00",38021,0,0.295,0.122,0.307,-0.006,-0.009,0.062,-0.002,-0.006,27.67,21.51,28.04,14.8,14.62,18.74,15.07,14.78,0.47,0.454,0.475,1.926,3.243,1.545
"2013-08-03 06:45:00",38022,0,0.295,0.12,0.305,-0.006,-0.008,0.061,-0.002,-0.006,27.67,21.43,27.95,14.84,14.66,18.73,15.07,14.82,0.464,0.452,0.47,2.423,3.413,1.977
"2013-08-03 07:00:00",38023,0,0.296,0.12,0.305,-0.007,-0.009,0.061,-0.002,-0.006,27.68,21.42,27.95,14.77,14.59,18.72,15.07,14.82,0.473,0.457,0.478,1.725,3.013,1.334
"2013-08-03 07:15:00",38024,0,0.296,0.12,0.305,-0.006,-0.009,0.061,0.003,-0.006,27.68,21.43,27.98,14.8,14.63,18.73,15.39,14.84,0.464,0.454,0.471,2.411,3.238,1.867
"2013-08-03 07:30:00",38025,0,0.296,0.12,0.305,-0.006,-0.009,0.061,-0.001,-0.005,27.68,21.42,27.95,14.8,14.62,18.73,15.16,14.85,0.44,0.441,0.443,4.354,4.272,4.174
"2013-08-03 07:45:00",38026,0,0.296,0.122,0.308,-0.006,-0.008,0.062,-0.002,-0.005,27.7,21.5,28.05,14.82,14.65,18.74,15.1,14.87,0.415,0.428,0.427,6.465,5.395,5.436
"2013-08-03 08:00:00",38027,0,0.296,0.122,0.308,-0.006,-0.008,0.062,-0.002,-0.006,27.7,21.51,28.06,14.84,14.68,18.74,15.1,14.84,0.386,0.41,0.399,8.94,6.844,7.811
"2013-08-03 08:15:00",38028,0,0.297,0.12,0.305,-0.005,-0.008,0.062,-0.002,-0.004,27.71,21.42,27.97,14.89,14.69,18.74,15.1,14.92,0.347,0.381,0.336,12.43,9.35,13.5
"2013-08-03 08:30:00",38029,0,0.297,0.12,0.305,-0.005,-0.008,0.062,-0.002,-0.005,27.74,21.43,27.98,14.91,14.7,18.74,15.1,14.88,0.315,0.356,0.294,15.58,11.65,17.74
"2013-08-03 08:45:00",38030,0,0.297,0.118,0.305,-0.004,-0.008,0.062,-0.002,-0.005,27.74,21.35,27.97,14.92,14.7,18.76,15.1,14.89,0.267,0.333,0.264,20.68,13.75,20.94
"2013-08-03 09:00:00",38031,0,0.297,0.119,0.305,-0.005,-0.007,0.062,-0.002,-0.004,27.71,21.39,27.97,14.89,14.72,18.74,15.1,14.95,0.257,0.317,0.294,21.76,15.36,17.75
"2013-08-03 09:15:00",38032,0,0.297,0.119,0.305,-0.004,-0.007,0.062,-0.002,-0.004,27.71,21.38,27.97,14.95,14.77,18.77,15.11,14.92,0.271,0.298,0.283,20.27,17.3,18.88
"2013-08-03 09:30:00",38033,0,0.296,0.119,0.305,-0.004,-0.007,0.062,-0.002,-0.004,27.7,21.39,27.98,14.93,14.73,18.77,15.1,14.92,0.246,0.286,0.241,23.31,18.53,23.84
"2013-08-03 09:45:00",38034,0,0.296,0.118,0.305,-0.004,-0.007,0.062,-0.002,-0.003,27.7,21.35,27.98,14.93,14.73,18.76,15.08,15.01,0.186,0.308,0.303,31.53,16.23,16.75
"2013-08-03 10:00:00",38035,0,0.297,0.118,0.305,-0.004,-0.007,0.062,0.004,-0.004,27.72,21.34,27.97,14.93,14.72,18.76,15.5,14.95,0.238,0.317,0.306,24.14,15.4,16.43
"2013-08-03 10:15:00",38036,0,0.297,0.118,0.305,-0.004,-0.007,0.062,-0.002,-0.005,27.74,21.32,27.97,14.92,14.73,18.76,15.07,14.89,0.267,0.303,0.292,20.62,16.79,17.88
"2013-08-03 10:30:00",38037,0,0.297,0.117,0.305,-0.004,-0.007,0.062,0.003,-0.004,27.71,21.31,27.97,14.92,14.74,18.79,15.42,14.97,0.275,0.267,0.258,19.73,20.65,21.69
"2013-08-03 10:45:00",38038,0,0.299,0.117,0.306,-0.004,-0.007,0.062,0,-0.004,27.79,21.28,27.99,14.93,14.74,18.79,15.22,14.95,0.25,0.238,0.23,22.74,24.15,25.15
"2013-08-03 11:00:00",38039,0,0.296,0.118,0.308,-0.004,-0.007,0.063,0.002,-0.003,27.7,21.34,28.05,14.92,14.77,18.81,15.38,14.99,0.246,0.212,0.205,23.19,27.48,28.59
"2013-08-03 11:15:00",38040,0,0.296,0.116,0.305,-0.004,-0.007,0.063,0.002,-0.004,27.7,21.25,27.97,14.95,14.74,18.8,15.34,14.97,0.254,0.254,0.266,22.19,22.2,20.86
"2013-08-03 11:30:00",38041,0,0.296,0.117,0.308,-0.004,-0.007,0.063,-0.002,-0.005,27.7,21.28,28.05,14.93,14.76,18.83,15.11,14.91,0.219,0.263,0.248,26.61,21.22,22.99
"2013-08-03 11:45:00",38042,0,0.298,0.115,0.305,-0.004,-0.007,0.063,0.004,-0.004,27.76,21.2,27.98,14.93,14.76,18.83,15.46,14.96,0.163,0.224,0.21,35.21,25.89,27.82
"2013-08-03 12:15:00",38043,0,0.299,0.113,0.305,-0.004,-0.007,0.063,0,-0.004,27.79,21.15,27.97,14.93,14.76,18.8,15.2,14.97,0.175,0.242,0.242,33.35,23.59,23.76
"2013-08-03 12:30:00",38044,0,0.296,0.113,0.305,-0.004,-0.007,0.063,0,-0.002,27.68,21.13,27.95,14.93,14.73,18.83,15.25,15.06,0.258,0.268,0.272,21.7,20.54,20.12
"2013-08-03 13:15:00",38045,0,0.296,0.111,0.304,-0.004,-0.007,0.063,-0.002,-0.004,27.68,21.04,27.94,14.95,14.73,18.84,15.1,14.97,0.25,0.274,0.273,22.65,19.82,19.96
"2013-08-03 13:45:00",38046,0,0.296,0.11,0.304,-0.004,-0.007,0.063,0.003,-0.003,27.7,20.98,27.94,14.92,14.74,18.84,15.39,14.99,0.203,0.271,0.268,28.82,20.21,20.53
"2013-08-03 14:00:00",38047,0,0.297,0.109,0.305,-0.005,-0.007,0.064,0,-0.004,27.72,20.97,27.95,14.88,14.73,18.85,15.25,14.97,0.201,0.261,0.263,29.21,21.3,21.13
"2013-08-03 14:30:00",38048,0,0.294,0.108,0.304,-0.004,-0.007,0.064,-0.001,-0.004,27.64,20.91,27.94,14.93,14.73,18.88,15.16,14.95,0.201,0.275,0.278,29.15,19.72,19.45
"2013-08-03 15:00:00",38049,0,0.295,0.106,0.304,-0.004,-0.007,0.066,0,-0.004,27.66,20.82,27.93,14.93,14.74,18.95,15.22,14.93,0.22,0.282,0.279,26.46,19.01,19.33
"2013-08-03 15:15:00",38050,0,0.295,0.105,0.304,-0.004,-0.007,0.065,0.005,-0.003,27.66,20.79,27.93,14.93,14.74,18.89,15.53,14.99,0.253,0.283,0.278,22.31,18.92,19.39
"2013-08-03 16:00:00",38051,0,0.298,0.104,0.304,-0.005,-0.007,0.065,-0.002,-0.005,27.75,20.72,27.94,14.91,14.73,18.89,15.08,14.91,0.274,0.289,0.288,19.89,18.21,18.31
"2013-08-03 16:15:00",38052,0,0.299,0.103,0.304,-0.005,-0.007,0.065,-0.002,-0.005,27.78,20.68,27.93,14.89,14.73,18.92,15.08,14.91,0.26,0.298,0.296,21.42,17.3,17.52
"2013-08-03 16:30:00",38053,0,0.295,0.103,0.303,-0.005,-0.007,0.065,-0.002,-0.005,27.67,20.68,27.91,14.91,14.72,18.89,15.08,14.91,0.295,0.301,0.302,17.61,16.99,16.83
"2013-08-03 17:00:00",38054,0,0.296,0.101,0.303,-0.005,-0.007,0.065,-0.002,-0.005,27.68,20.59,27.9,14.89,14.72,18.89,15.07,14.89,0.322,0.312,0.315,14.84,15.82,15.53
"2013-08-03 17:15:00",38055,0,0.296,0.1,0.303,-0.005,-0.008,0.065,-0.001,-0.005,27.68,20.56,27.91,14.89,14.7,18.91,15.14,14.91,0.336,0.324,0.326,13.52,14.64,14.41
"2013-08-03 17:30:00",38056,0,0.294,0.102,0.303,-0.005,-0.008,0.065,-0.002,-0.005,27.64,20.63,27.9,14.89,14.7,18.91,15.07,14.88,0.343,0.328,0.33,12.79,14.24,14.03
"2013-08-03 18:45:00",38057,0,0.295,0.1,0.303,-0.005,-0.008,0.065,0.003,-0.003,27.66,20.58,27.9,14.89,14.69,18.89,15.42,14.99,0.352,0.337,0.342,11.95,13.43,12.89
"2013-08-03 19:00:00",38058,0,0.295,0.1,0.303,-0.005,-0.008,0.065,0.002,-0.005,27.67,20.58,27.91,14.89,14.69,18.89,15.37,14.89,0.353,0.344,0.347,11.9,12.69,12.49
"2013-08-03 19:15:00",38059,0,0.295,0.1,0.302,-0.005,-0.008,0.064,0.003,-0.005,27.66,20.58,27.89,14.88,14.69,18.88,15.42,14.91,0.365,0.348,0.356,10.83,12.4,11.62
"2013-08-03 19:30:00",38060,0,0.295,0.1,0.302,-0.005,-0.008,0.065,-0.002,-0.004,27.66,20.58,27.89,14.85,14.69,18.89,15.06,14.95,0.365,0.352,0.354,10.77,11.98,11.81
"2013-08-03 19:45:00",38061,0,0.295,0.1,0.303,-0.005,-0.008,0.065,0.001,-0.005,27.66,20.55,27.9,14.88,14.69,18.89,15.27,14.89,0.36,0.349,0.353,11.28,12.25,11.93
"2013-08-03 20:00:00",38062,0,0.295,0.1,0.303,-0.005,-0.008,0.064,0.004,-0.005,27.66,20.56,27.9,14.88,14.69,18.88,15.48,14.91,0.364,0.354,0.357,10.85,11.82,11.55
"2013-08-03 20:45:00",38063,0,0.296,0.099,0.303,-0.005,-0.008,0.064,0.004,-0.005,27.68,20.52,27.9,14.87,14.69,18.87,15.46,14.91,0.373,0.357,0.364,10.06,11.52,10.87
"2013-08-03 21:00:00",38064,0,0.298,0.099,0.303,-0.005,-0.008,0.064,0.004,-0.005,27.75,20.52,27.91,14.87,14.66,18.88,15.46,14.91,0.378,0.361,0.372,9.62,11.13,10.19
"2013-08-03 21:15:00",38065,0,0.294,0.099,0.303,-0.005,-0.008,0.064,0.004,-0.003,27.64,20.52,27.9,14.87,14.68,18.88,15.48,14.99,0.386,0.367,0.372,8.97,10.58,10.17
"2013-08-03 21:30:00",38066,0,0.295,0.097,0.302,-0.005,-0.008,0.064,0.003,-0.005,27.67,20.44,27.89,14.87,14.68,18.85,15.45,14.89,0.396,0.368,0.385,8.06,10.53,9.07
"2013-08-03 21:45:00",38067,0,0.297,0.099,0.303,-0.006,-0.008,0.063,0.003,-0.005,27.74,20.49,27.91,14.84,14.69,18.8,15.44,14.89,0.411,0.38,0.402,6.783,9.46,7.573
"2013-08-03 22:00:00",38068,0,0.295,0.098,0.303,-0.005,-0.008,0.064,0.003,-0.005,27.66,20.48,27.9,14.85,14.65,18.85,15.44,14.88,0.418,0.387,0.411,6.163,8.84,6.8
"2013-08-03 22:15:00",38069,0,0.294,0.098,0.303,-0.005,-0.007,0.063,0.004,-0.005,27.64,20.48,27.9,14.87,14.72,18.84,15.46,14.91,0.415,0.39,0.408,6.459,8.58,7.067
"2013-08-03 22:45:00",38070,0,0.296,0.098,0.304,-0.006,-0.008,0.063,0.003,-0.005,27.68,20.47,27.93,14.8,14.66,18.84,15.42,14.88,0.415,0.39,0.402,6.484,8.55,7.544
"2013-08-03 23:00:00",38071,0,0.294,0.098,0.303,-0.005,-0.008,0.063,0.004,-0.005,27.64,20.45,27.9,14.89,14.66,18.84,15.48,14.89,0.406,0.388,0.399,7.175,8.73,7.819
"2013-08-03 23:15:00",38072,0,0.294,0.099,0.304,-0.005,-0.008,0.064,0.003,-0.005,27.64,20.49,27.94,14.85,14.69,18.85,15.44,14.88,0.407,0.389,0.401,7.09,8.65,7.634
"2013-08-03 23:30:00",38073,0,0.296,0.097,0.303,-0.006,-0.008,0.063,0.003,-0.005,27.68,20.44,27.91,14.78,14.66,18.84,15.44,14.88,0.392,0.385,0.39,8.38,9.03,8.59
"2013-08-03 23:45:00",38074,0,0.296,0.097,0.303,-0.006,-0.008,0.063,0.003,-0.005,27.68,20.44,27.91,14.81,14.66,18.84,15.44,14.89,0.391,0.382,0.388,8.5,9.3,8.76
"2013-08-04 00:00:00",38075,0,0.298,0.097,0.304,-0.005,-0.008,0.062,0.002,-0.005,27.76,20.43,27.93,14.85,14.69,18.79,15.35,14.88,0.383,0.38,0.381,9.19,9.49,9.4
"2013-08-04 00:15:00",38076,0,0.295,0.097,0.303,-0.005,-0.008,0.063,0.002,-0.005,27.66,20.41,27.91,14.85,14.68,18.83,15.37,14.88,0.384,0.378,0.378,9.06,9.64,9.68
"2013-08-04 00:30:00",38077,0,0.295,0.097,0.303,-0.006,-0.008,0.063,0.002,-0.005,27.67,20.41,27.91,14.84,14.68,18.84,15.35,14.88,0.392,0.382,0.388,8.38,9.3,8.78
"2013-08-04 00:45:00",38078,0,0.296,0.097,0.303,-0.006,-0.008,0.063,0.002,-0.005,27.68,20.41,27.91,14.84,14.68,18.83,15.35,14.88,0.381,0.381,0.382,9.33,9.36,9.29
"2013-08-04 01:00:00",38079,0,0.295,0.097,0.303,-0.005,-0.008,0.063,0.002,-0.005,27.67,20.41,27.91,14.87,14.68,18.83,15.35,14.88,0.381,0.378,0.376,9.36,9.66,9.82
"2013-08-04 01:15:00",38080,0,0.294,0.096,0.303,-0.006,-0.008,0.063,0.002,-0.005,27.64,20.39,27.91,14.84,14.68,18.83,15.35,14.89,0.39,0.382,0.386,8.6,9.32,8.94
"2013-08-04 01:30:00",38081,0,0.295,0.096,0.303,-0.006,-0.008,0.065,0.003,-0.005,27.66,20.4,27.9,14.82,14.66,18.91,15.42,14.88,0.4,0.387,0.395,7.727,8.85,8.17
"2013-08-04 01:45:00",38082,0,0.294,0.096,0.303,-0.006,-0.008,0.064,0.003,-0.005,27.64,20.39,27.91,14.84,14.66,18.87,15.39,14.88,0.404,0.389,0.399,7.419,8.7,7.839
"2013-08-04 02:00:00",38083,0,0.294,0.096,0.303,-0.005,-0.007,0.063,0.002,-0.005,27.64,20.37,27.9,14.88,14.72,18.83,15.37,14.88,0.4,0.39,0.396,7.713,8.61,8.06
"2013-08-04 02:15:00",38084,0,0.295,0.096,0.303,-0.005,-0.008,0.063,0.002,-0.005,27.66,20.37,27.91,14.87,14.66,18.81,15.35,14.91,0.39,0.384,0.388,8.57,9.08,8.77
"2013-08-04 02:30:00",38085,0,0.297,0.096,0.304,-0.005,-0.008,0.063,0.002,-0.005,27.74,20.37,27.93,14.87,14.68,18.81,15.35,14.87,0.374,0.378,0.373,9.97,9.65,10.04
"2013-08-04 02:45:00",38086,0,0.296,0.096,0.304,-0.005,-0.008,0.063,0.005,-0.004,27.7,20.37,27.93,14.87,14.68,18.81,15.53,14.92,0.378,0.375,0.371,9.61,9.9,10.27
"2013-08-04 03:00:00",38087,0,0.294,0.096,0.303,-0.005,-0.008,0.063,0.005,-0.004,27.64,20.39,27.91,14.88,14.68,18.81,15.53,14.93,0.36,0.368,0.359,11.22,10.51,11.35
"2013-08-04 03:15:00",38088,0,0.295,0.096,0.303,-0.005,-0.008,0.063,-0.001,-0.005,27.67,20.36,27.91,14.87,14.69,18.81,15.14,14.89,0.362,0.364,0.358,11.06,10.85,11.43
"2013-08-04 03:30:00",38089,0,0.296,0.096,0.303,-0.005,-0.008,0.063,-0.002,-0.005,27.68,20.36,27.91,14.88,14.68,18.81,15.08,14.91,0.367,0.368,0.362,10.61,10.55,11.07
"2013-08-04 03:45:00",38090,0,0.295,0.095,0.303,-0.005,-0.007,0.063,0.001,-0.005,27.66,20.35,27.9,14.91,14.74,18.81,15.31,14.88,0.364,0.368,0.362,10.87,10.55,11.07
"2013-08-04 04:15:00",38091,0,0.294,0.096,0.303,-0.005,-0.008,0.063,0,-0.005,27.63,20.36,27.91,14.87,14.69,18.8,15.22,14.88,0.374,0.371,0.366,10,10.27,10.67
"2013-08-04 04:45:00",38092,0,0.294,0.095,0.303,-0.006,-0.008,0.063,0.003,-0.005,27.64,20.33,27.91,14.84,14.66,18.81,15.39,14.89,0.398,0.384,0.391,7.87,9.13,8.47
"2013-08-04 05:00:00",38093,0,0.296,0.095,0.304,-0.006,-0.008,0.062,0.003,-0.005,27.68,20.32,27.93,14.82,14.66,18.79,15.41,14.88,0.404,0.392,0.398,7.419,8.45,7.854
"2013-08-04 05:30:00",38094,0,0.295,0.095,0.303,-0.006,-0.008,0.062,0.001,-0.005,27.66,20.32,27.9,14.84,14.65,18.79,15.3,14.85,0.416,0.397,0.408,6.362,8.01,7.003
"2013-08-04 05:45:00",38095,0,0.295,0.094,0.303,-0.006,-0.008,0.062,0.001,-0.006,27.66,20.3,27.9,14.81,14.65,18.79,15.3,14.84,0.431,0.407,0.424,5.141,7.085,5.714
"2013-08-04 06:00:00",38096,0,0.297,0.094,0.303,-0.006,-0.008,0.062,0.001,-0.005,27.71,20.3,27.91,14.82,14.66,18.79,15.27,14.85,0.426,0.408,0.416,5.492,7.014,6.372
"2013-08-04 06:15:00",38097,0,0.294,0.094,0.303,-0.006,-0.008,0.062,0.001,-0.004,27.64,20.29,27.9,14.81,14.65,18.77,15.27,14.92,0.428,0.408,0.418,5.407,7.006,6.179
"2013-08-04 06:30:00",38098,0,0.295,0.095,0.305,-0.006,-0.008,0.062,0.001,-0.005,27.66,20.32,27.95,14.84,14.68,18.77,15.29,14.85,0.416,0.404,0.413,6.361,7.374,6.614
"2013-08-04 06:45:00",38099,0,0.295,0.095,0.304,-0.006,-0.008,0.062,0.001,-0.005,27.66,20.35,27.94,14.84,14.68,18.79,15.27,14.85,0.407,0.402,0.404,7.164,7.541,7.404
"2013-08-04 07:00:00",38100,0,0.295,0.094,0.303,-0.005,-0.008,0.062,0.001,-0.005,27.66,20.29,27.91,14.85,14.66,18.79,15.27,14.88,0.396,0.393,0.392,8.07,8.32,8.4
"2013-08-04 07:15:00",38101,0,0.295,0.094,0.303,-0.005,-0.007,0.062,0.001,-0.005,27.66,20.29,27.9,14.89,14.73,18.79,15.29,14.87,0.389,0.386,0.383,8.67,8.92,9.18
"2013-08-04 07:30:00",38102,0,0.295,0.094,0.303,-0.005,-0.008,0.064,0.002,-0.005,27.67,20.28,27.91,14.87,14.66,18.85,15.33,14.87,0.392,0.389,0.386,8.44,8.64,8.96
"2013-08-04 07:45:00",38103,0,0.295,0.095,0.306,-0.005,-0.008,0.062,0.001,-0.006,27.66,20.35,28.01,14.85,14.69,18.79,15.29,14.81,0.385,0.387,0.385,9.05,8.8,9.06
"2013-08-04 08:00:00",38104,0,0.295,0.095,0.306,-0.005,-0.008,0.063,0,-0.005,27.67,20.33,28.01,14.87,14.7,18.8,15.22,14.89,0.348,0.368,0.357,12.35,10.5,11.51
"2013-08-04 08:15:00",38105,0,0.295,0.093,0.303,-0.005,-0.008,0.064,0,-0.005,27.67,20.26,27.91,14.91,14.69,18.87,15.2,14.89,0.327,0.353,0.331,14.35,11.91,14
"2013-08-04 08:30:00",38106,0,0.297,0.093,0.304,-0.005,-0.008,0.062,-0.001,-0.005,27.71,20.26,27.93,14.89,14.7,18.79,15.14,14.91,0.324,0.344,0.333,14.64,12.73,13.74
"2013-08-04 08:45:00",38107,0,0.295,0.093,0.304,-0.005,-0.008,0.062,0.003,-0.005,27.67,20.24,27.93,14.89,14.7,18.77,15.39,14.89,0.324,0.342,0.338,14.62,12.91,13.28
"2013-08-04 09:00:00",38108,0,0.295,0.093,0.303,-0.005,-0.008,0.064,0.003,-0.005,27.67,20.22,27.91,14.89,14.7,18.87,15.41,14.91,0.302,0.331,0.321,16.95,13.94,14.92
"2013-08-04 09:15:00",38109,0,0.295,0.092,0.303,-0.005,-0.007,0.062,0,-0.004,27.67,20.21,27.91,14.91,14.72,18.79,15.2,14.93,0.289,0.309,0.299,18.23,16.14,17.15
"2013-08-04 09:30:00",38110,0,0.296,0.093,0.304,-0.004,-0.007,0.062,0,-0.004,27.7,20.22,27.93,14.92,14.73,18.79,15.2,14.95,0.233,0.287,0.255,24.84,18.43,22.02
"2013-08-04 09:45:00",38111,0,0.295,0.092,0.303,-0.004,-0.007,0.063,-0.002,-0.004,27.67,20.18,27.91,14.93,14.73,18.8,15.1,14.97,0.225,0.294,0.286,25.86,17.7,18.51
"2013-08-04 10:00:00",38112,0,0.298,0.092,0.304,-0.004,-0.007,0.063,-0.002,-0.004,27.76,20.2,27.94,14.93,14.73,18.8,15.1,14.92,0.262,0.287,0.277,21.17,18.51,19.53
"2013-08-04 10:30:00",38113,0,0.296,0.091,0.304,-0.005,-0.007,0.063,0.001,-0.004,27.68,20.16,27.93,14.88,14.73,18.8,15.26,14.93,0.265,0.271,0.256,20.94,20.2,21.95
"2013-08-04 11:00:00",38114,0,0.298,0.09,0.304,-0.004,-0.007,0.064,-0.002,-0.004,27.76,20.13,27.93,14.92,14.74,18.85,15.1,14.95,0.254,0.234,0.237,22.18,24.62,24.23
"2013-08-04 11:15:00",38115,0,0.296,0.09,0.303,-0.004,-0.007,0.063,0,-0.004,27.7,20.11,27.91,14.96,14.74,18.83,15.2,14.97,0.257,0.271,0.278,21.88,20.23,19.42
"2013-08-04 11:45:00",38116,0,0.295,0.09,0.303,-0.004,-0.007,0.064,0.002,-0.003,27.67,20.09,27.9,14.92,14.76,18.87,15.35,15.01,0.236,0.237,0.226,24.37,24.27,25.73
"2013-08-04 12:15:00",38117,0,0.295,0.089,0.303,-0.004,-0.007,0.064,-0.001,-0.002,27.67,20.06,27.9,14.93,14.73,18.85,15.14,15.07,0.232,0.242,0.242,24.96,23.65,23.64
"2013-08-04 12:45:00",38118,0,0.295,0.089,0.303,-0.004,-0.007,0.066,-0.001,-0.004,27.67,20.06,27.9,14.93,14.73,18.96,15.14,14.93,0.255,0.273,0.27,22.02,20.02,20.29
"2013-08-04 13:15:00",38119,0,0.295,0.088,0.303,-0.005,-0.007,0.064,-0.002,-0.004,27.67,20.03,27.91,14.88,14.73,18.87,15.07,14.92,0.246,0.277,0.276,23.11,19.52,19.67
"2013-08-04 13:30:00",38120,0,0.295,0.088,0.302,-0.004,-0.007,0.064,-0.001,-0.004,27.66,20.02,27.89,14.93,14.74,18.87,15.15,14.93,0.219,0.276,0.274,26.52,19.64,19.87
"2013-08-04 14:00:00",38121,0,0.295,0.088,0.302,-0.004,-0.007,0.064,-0.002,-0.004,27.67,19.99,27.87,14.92,14.73,18.88,15.1,14.95,0.218,0.267,0.268,26.74,20.62,20.54
"2013-08-04 14:15:00",38122,0,0.295,0.088,0.302,-0.004,-0.007,0.064,0.003,-0.004,27.66,19.99,27.87,14.92,14.73,18.88,15.45,14.97,0.197,0.275,0.274,29.71,19.75,19.84
"2013-08-04 14:30:00",38123,0,0.294,0.087,0.302,-0.004,-0.007,0.065,-0.001,-0.004,27.64,19.98,27.87,14.92,14.73,18.89,15.14,14.93,0.223,0.28,0.281,26.06,19.21,19.04
"2013-08-04 15:00:00",38124,0,0.295,0.087,0.302,-0.004,-0.007,0.067,0.002,-0.004,27.66,19.97,27.87,14.92,14.72,19,15.37,14.95,0.259,0.286,0.287,21.64,18.51,18.41
"2013-08-04 15:15:00",38125,0,0.298,0.086,0.303,-0.005,-0.008,0.065,-0.003,-0.005,27.75,19.94,27.9,14.91,14.7,18.92,15,14.91,0.273,0.29,0.293,19.96,18.12,17.8
"2013-08-04 15:30:00",38126,0,0.294,0.087,0.302,-0.005,-0.007,0.065,-0.003,-0.005,27.62,19.95,27.87,14.91,14.72,18.91,14.99,14.89,0.301,0.302,0.304,17,16.86,16.69
"2013-08-04 15:45:00",38127,0,0.295,0.086,0.302,-0.005,-0.008,0.065,-0.003,-0.005,27.67,19.91,27.89,14.87,14.7,18.91,14.99,14.88,0.306,0.304,0.308,16.41,16.67,16.26
"2013-08-04 16:00:00",38128,0,0.294,0.086,0.301,-0.005,-0.008,0.066,-0.002,-0.005,27.64,19.94,27.86,14.91,14.7,18.98,15.06,14.89,0.312,0.306,0.309,15.86,16.42,16.11
"2013-08-04 16:15:00",38129,0,0.294,0.086,0.302,-0.005,-0.008,0.065,-0.003,-0.005,27.64,19.92,27.87,14.89,14.7,18.91,15,14.89,0.308,0.306,0.312,16.22,16.41,15.83
"2013-08-04 16:45:00",38130,0,0.294,0.086,0.301,-0.005,-0.008,0.065,-0.003,-0.005,27.63,19.91,27.86,14.91,14.7,18.91,14.99,14.91,0.31,0.311,0.313,16.01,15.93,15.73
"2013-08-04 17:00:00",38131,0,0.294,0.085,0.301,-0.005,-0.008,0.065,-0.003,-0.005,27.64,19.9,27.86,14.89,14.7,18.91,14.99,14.88,0.328,0.319,0.323,14.27,15.16,14.76
"2013-08-04 17:15:00",38132,0,0.294,0.085,0.301,-0.005,-0.008,0.065,-0.003,-0.005,27.63,19.9,27.86,14.89,14.7,18.91,14.99,14.88,0.34,0.327,0.33,13.14,14.4,14.07
"2013-08-04 17:30:00",38133,0,0.294,0.085,0.301,-0.005,-0.008,0.065,-0.003,-0.004,27.63,19.88,27.86,14.88,14.69,18.91,14.99,14.96,0.359,0.34,0.351,11.31,13.12,12.09
"2013-08-04 17:45:00",38134,0,0.294,0.085,0.301,-0.005,-0.008,0.065,-0.003,-0.005,27.63,19.87,27.86,14.89,14.69,18.91,14.99,14.87,0.356,0.34,0.345,11.62,13.12,12.65
"2013-08-04 18:30:00",38135,0,0.294,0.085,0.301,-0.005,-0.008,0.067,-0.002,-0.005,27.63,19.87,27.86,14.88,14.69,19,15.06,14.87,0.36,0.346,0.349,11.23,12.57,12.22
"2013-08-04 19:00:00",38136,0,0.295,0.085,0.302,-0.005,-0.008,0.065,-0.004,-0.005,27.66,19.86,27.87,14.87,14.68,18.89,14.97,14.85,0.364,0.349,0.352,10.92,12.3,11.99
"2013-08-04 19:30:00",38137,0,0.295,0.084,0.302,-0.006,-0.008,0.064,-0.004,-0.006,27.66,19.84,27.87,14.84,14.68,18.88,14.96,14.84,0.389,0.361,0.375,8.67,11.13,9.94
"2013-08-04 19:45:00",38138,0,0.294,0.084,0.301,-0.005,-0.008,0.066,-0.003,-0.005,27.62,19.82,27.85,14.87,14.66,18.95,15.03,14.85,0.399,0.371,0.391,7.833,10.23,8.46
"2013-08-04 20:00:00",38139,0,0.294,0.084,0.301,-0.006,-0.008,0.064,-0.004,-0.006,27.64,19.82,27.86,14.84,14.66,18.87,14.96,14.84,0.397,0.373,0.39,7.94,10.1,8.58
"2013-08-04 20:15:00",38140,0,0.294,0.084,0.301,-0.005,-0.008,0.064,-0.004,-0.005,27.62,19.82,27.86,14.85,14.65,18.87,14.96,14.91,0.416,0.378,0.403,6.386,9.59,7.458
"2013-08-04 20:30:00",38141,0,0.297,0.083,0.302,-0.005,-0.008,0.064,-0.004,-0.006,27.72,19.8,27.87,14.85,14.68,18.85,14.96,14.84,0.411,0.383,0.407,6.789,9.24,7.136
"2013-08-04 20:45:00",38142,0,0.294,0.083,0.301,-0.005,-0.008,0.064,-0.004,-0.006,27.62,19.8,27.86,14.85,14.66,18.85,14.96,14.84,0.415,0.387,0.408,6.482,8.87,7.047
"2013-08-04 21:00:00",38143,0,0.292,0.083,0.301,-0.006,-0.008,0.063,-0.004,-0.006,27.57,19.8,27.86,14.84,14.65,18.84,14.95,14.84,0.42,0.388,0.407,6.047,8.78,7.123
"2013-08-04 21:15:00",38144,0,0.293,0.083,0.301,-0.006,-0.008,0.064,-0.004,-0.006,27.6,19.78,27.86,14.84,14.65,18.85,14.95,14.82,0.423,0.394,0.419,5.8,8.21,6.154
"2013-08-04 21:45:00",38145,0,0.293,0.083,0.301,-0.006,-0.009,0.063,-0.004,-0.006,27.6,19.76,27.86,14.82,14.63,18.83,14.95,14.84,0.424,0.399,0.421,5.672,7.831,5.938
"2013-08-04 22:00:00",38146,0,0.297,0.083,0.302,-0.006,-0.009,0.063,-0.004,-0.006,27.72,19.78,27.89,14.82,14.63,18.84,14.95,14.82,0.423,0.4,0.417,5.806,7.731,6.282
"2013-08-04 22:15:00",38147,0,0.294,0.082,0.301,-0.006,-0.009,0.063,-0.004,-0.006,27.62,19.75,27.86,14.84,14.63,18.83,14.96,14.84,0.425,0.402,0.423,5.64,7.51,5.82
"2013-08-04 22:30:00",38148,0,0.294,0.082,0.301,-0.005,-0.008,0.063,-0.004,-0.006,27.62,19.73,27.86,14.85,14.65,18.83,14.96,14.82,0.42,0.404,0.415,6.031,7.409,6.466
"2013-08-04 22:45:00",38149,0,0.294,0.082,0.301,-0.005,-0.008,0.063,-0.004,-0.006,27.63,19.75,27.83,14.87,14.65,18.83,14.96,14.82,0.421,0.404,0.42,5.931,7.38,6.053
"2013-08-04 23:00:00",38150,0,0.293,0.082,0.301,-0.006,-0.009,0.063,-0.004,-0.005,27.6,19.72,27.86,14.82,14.63,18.83,14.96,14.91,0.426,0.405,0.426,5.561,7.258,5.52
"2013-08-04 23:30:00",38151,0,0.295,0.082,0.302,-0.006,-0.008,0.063,-0.004,-0.006,27.66,19.72,27.89,14.82,14.65,18.81,14.96,14.82,0.421,0.406,0.422,5.951,7.195,5.857
"2013-08-04 23:45:00",38152,0,0.294,0.081,0.302,-0.005,-0.008,0.063,-0.004,-0.006,27.62,19.71,27.87,14.85,14.65,18.81,14.96,14.84,0.408,0.4,0.406,7.057,7.736,7.196
"2013-08-05 00:00:00",38153,0,0.294,0.081,0.302,-0.005,-0.008,0.064,-0.003,-0.006,27.62,19.69,27.87,14.85,14.65,18.88,15.04,14.84,0.405,0.398,0.407,7.334,7.93,7.166
"2013-08-05 00:15:00",38154,0,0.294,0.081,0.301,-0.005,-0.008,0.063,-0.004,-0.006,27.62,19.69,27.86,14.85,14.66,18.81,14.96,14.84,0.398,0.396,0.401,7.855,8.11,7.6
"2013-08-05 00:30:00",38155,0,0.292,0.082,0.301,-0.005,-0.008,0.063,-0.004,-0.006,27.57,19.72,27.86,14.85,14.66,18.81,14.97,14.84,0.402,0.398,0.405,7.546,7.924,7.252
"2013-08-05 00:45:00",38156,0,0.294,0.081,0.302,-0.005,-0.008,0.063,-0.004,-0.005,27.62,19.69,27.87,14.87,14.66,18.81,14.97,14.85,0.395,0.393,0.4,8.15,8.34,7.749
"2013-08-05 01:00:00",38157,0,0.294,0.081,0.302,-0.005,-0.008,0.063,-0.004,-0.005,27.63,19.69,27.87,14.87,14.66,18.81,14.97,14.91,0.396,0.395,0.399,8.07,8.17,7.79
"2013-08-05 01:15:00",38158,0,0.294,0.081,0.302,-0.006,-0.008,0.063,-0.004,-0.006,27.64,19.68,27.87,14.84,14.66,18.81,14.97,14.84,0.399,0.395,0.402,7.774,8.19,7.558
"2013-08-05 01:30:00",38159,0,0.294,0.082,0.304,-0.006,-0.008,0.063,-0.004,-0.006,27.62,19.73,27.93,14.84,14.68,18.81,14.97,14.84,0.395,0.39,0.389,8.19,8.61,8.68
"2013-08-05 01:45:00",38160,0,0.294,0.081,0.302,-0.005,-0.008,0.063,-0.004,-0.005,27.63,19.68,27.89,14.85,14.68,18.8,14.97,14.88,0.386,0.386,0.382,8.95,8.89,9.25
"2013-08-05 02:00:00",38161,0,0.294,0.081,0.302,-0.005,-0.008,0.063,-0.004,-0.006,27.62,19.68,27.87,14.87,14.66,18.8,14.97,14.84,0.389,0.386,0.383,8.66,8.97,9.17
"2013-08-05 02:15:00",38162,0,0.294,0.081,0.302,-0.005,-0.008,0.065,-0.003,-0.005,27.63,19.67,27.87,14.87,14.66,18.89,15.01,14.85,0.39,0.386,0.382,8.61,8.97,9.28
"2013-08-05 02:30:00",38163,0,0.297,0.081,0.302,-0.005,-0.008,0.062,-0.004,-0.006,27.72,19.68,27.89,14.85,14.68,18.79,14.97,14.84,0.404,0.391,0.394,7.402,8.48,8.22
"2013-08-05 02:45:00",38164,0,0.297,0.081,0.302,-0.006,-0.008,0.062,-0.004,-0.006,27.71,19.67,27.87,14.84,14.66,18.77,14.96,14.82,0.426,0.402,0.42,5.525,7.582,6.035
"2013-08-05 03:00:00",38165,0,0.294,0.08,0.301,-0.006,-0.009,0.062,-0.004,-0.006,27.62,19.65,27.86,14.81,14.63,18.77,14.95,14.82,0.435,0.414,0.434,4.794,6.518,4.835
"2013-08-05 03:15:00",38166,0,0.294,0.08,0.302,-0.005,-0.009,0.062,-0.004,-0.006,27.62,19.65,27.87,14.85,14.63,18.77,14.97,14.82,0.438,0.421,0.437,4.545,5.984,4.593
"2013-08-05 03:30:00",38167,0,0.294,0.081,0.305,-0.006,-0.008,0.062,-0.004,-0.006,27.62,19.71,27.95,14.81,14.65,18.79,14.96,14.82,0.436,0.419,0.434,4.717,6.091,4.904
"2013-08-05 03:45:00",38168,0,0.294,0.08,0.302,-0.006,-0.008,0.062,-0.004,-0.006,27.63,19.64,27.89,14.82,14.65,18.77,14.95,14.81,0.437,0.421,0.435,4.626,5.963,4.773
"2013-08-05 04:00:00",38169,0,0.294,0.08,0.302,-0.006,-0.009,0.062,-0.004,-0.006,27.64,19.65,27.89,14.81,14.62,18.76,14.95,14.82,0.437,0.425,0.438,4.592,5.582,4.526
"2013-08-05 04:15:00",38170,0,0.294,0.08,0.301,-0.006,-0.009,0.062,-0.004,-0.005,27.62,19.64,27.86,14.81,14.62,18.76,14.95,14.85,0.434,0.422,0.43,4.842,5.887,5.201
"2013-08-05 04:30:00",38171,0,0.294,0.08,0.302,-0.006,-0.009,0.063,-0.003,-0.006,27.62,19.64,27.87,14.81,14.63,18.81,14.99,14.82,0.426,0.421,0.428,5.56,5.986,5.369
"2013-08-05 05:15:00",38172,0,0.294,0.08,0.302,-0.006,-0.009,0.062,-0.004,-0.006,27.63,19.64,27.87,14.8,14.63,18.76,14.95,14.82,0.438,0.424,0.437,4.554,5.669,4.663
"2013-08-05 05:45:00",38173,0,0.294,0.079,0.302,-0.006,-0.009,0.062,-0.004,-0.006,27.62,19.61,27.87,14.8,14.62,18.74,14.95,14.82,0.451,0.433,0.448,3.457,4.921,3.753
"2013-08-05 06:15:00",38174,61,0.297,0.079,0.301,-0.007,-0.009,0.061,-0.004,-0.005,27.72,19.61,27.86,14.77,14.62,18.7,14.92,14.88,0.454,0.441,0.455,3.241,4.292,3.137
"2013-08-05 06:30:00",38175,0,0.296,0.079,0.301,-0.006,-0.009,0.061,-0.004,-0.005,27.68,19.61,27.83,14.78,14.62,18.7,14.92,14.88,0.455,0.442,0.457,3.159,4.218,2.989
"2013-08-05 07:00:00",38176,0,0.296,0.079,0.302,-0.007,-0.009,0.062,-0.004,-0.005,27.68,19.61,27.89,14.77,14.62,18.77,14.96,14.88,0.454,0.442,0.457,3.22,4.196,2.994
"2013-08-05 07:15:00",38177,0,0.295,0.079,0.303,-0.006,-0.009,0.063,-0.003,-0.005,27.67,19.61,27.91,14.78,14.63,18.81,15,14.88,0.451,0.443,0.455,3.501,4.11,3.139
"2013-08-05 07:30:00",38178,0,0.296,0.08,0.304,-0.006,-0.009,0.061,-0.004,-0.005,27.68,19.63,27.93,14.78,14.63,18.7,14.95,14.89,0.427,0.43,0.426,5.424,5.199,5.525
"2013-08-05 07:45:00",38179,0,0.296,0.079,0.304,-0.006,-0.008,0.061,-0.004,-0.005,27.7,19.61,27.94,14.81,14.65,18.7,14.96,14.91,0.407,0.42,0.413,7.133,6.003,6.6
"2013-08-05 08:30:00",38180,0,0.297,0.08,0.306,-0.005,-0.008,0.061,-0.003,-0.004,27.71,19.64,27.99,14.88,14.69,18.73,15,14.93,0.349,0.382,0.342,12.39,9.32,12.98
"2013-08-05 08:45:00",38181,0,0.296,0.08,0.306,-0.005,-0.007,0.061,-0.003,-0.004,27.7,19.64,27.99,14.89,14.72,18.73,15,14.96,0.285,0.342,0.29,18.65,12.9,18.08
"2013-08-05 09:15:00",38182,0,0.296,0.08,0.306,-0.005,-0.007,0.061,-0.003,-0.003,27.7,19.64,28.01,14.88,14.72,18.73,15,14.99,0.3,0.31,0.285,17.14,16.09,18.67
"2013-08-05 09:30:00",38183,0,0.296,0.08,0.307,-0.004,-0.007,0.062,-0.003,-0.004,27.7,19.65,28.02,14.92,14.72,18.76,15,14.96,0.256,0.298,0.273,21.99,17.25,20.1
"2013-08-05 10:00:00",38184,0,0.296,0.081,0.307,-0.004,-0.007,0.062,-0.003,-0.004,27.7,19.67,28.02,14.93,14.72,18.76,15.01,14.96,0.25,0.306,0.289,22.67,16.46,18.3
"2013-08-05 10:15:00",38185,0,0.296,0.081,0.307,-0.005,-0.007,0.062,-0.003,-0.004,27.7,19.68,28.04,14.89,14.73,18.79,15.01,14.96,0.27,0.282,0.254,20.33,19,22.22
"2013-08-05 10:30:00",38186,0,0.297,0.081,0.306,-0.004,-0.007,0.062,-0.003,-0.004,27.72,19.69,28.01,14.92,14.74,18.77,15.03,14.97,0.27,0.243,0.217,20.31,23.49,26.83
"2013-08-05 10:45:00",38187,0,0.299,0.081,0.308,-0.004,-0.007,0.063,-0.003,-0.003,27.79,19.71,28.05,14.92,14.74,18.8,15.03,14.99,0.239,0.228,0.218,24.06,25.32,26.71
"2013-08-05 11:00:00",38188,0,0.3,0.082,0.308,-0.004,-0.007,0.063,-0.003,-0.003,27.8,19.72,28.05,14.92,14.73,18.81,15.03,14.99,0.242,0.225,0.224,23.72,25.74,25.94
"2013-08-05 11:30:00",38189,0,0.3,0.082,0.308,-0.004,-0.007,0.063,-0.003,-0.004,27.8,19.75,28.06,14.93,14.74,18.81,15.04,14.97,0.245,0.257,0.258,23.3,21.9,21.81
"2013-08-05 12:00:00",38190,0,0.295,0.083,0.307,-0.004,-0.007,0.063,-0.003,-0.004,27.67,19.8,28.02,14.92,14.74,18.81,15.04,14.97,0.227,0.237,0.231,25.57,24.22,25.05
"2013-08-05 12:30:00",38191,0,0.296,0.085,0.307,-0.004,-0.007,0.063,-0.002,-0.003,27.7,19.87,28.02,14.93,14.73,18.83,15.06,15,0.235,0.266,0.268,24.51,20.74,20.59
"2013-08-05 12:45:00",38192,0,0.296,0.085,0.307,-0.004,-0.007,0.063,-0.002,-0.004,27.7,19.88,28.02,14.93,14.73,18.83,15.06,14.97,0.254,0.274,0.272,22.16,19.85,20.04
"2013-08-05 13:00:00",38193,0,0.297,0.086,0.307,-0.004,-0.007,0.065,-0.002,-0.004,27.71,19.91,28.02,14.95,14.72,18.92,15.08,14.97,0.257,0.272,0.27,21.84,20.04,20.28
"2013-08-05 13:15:00",38194,0,0.297,0.086,0.307,-0.004,-0.007,0.064,-0.002,-0.003,27.71,19.94,28.02,14.95,14.73,18.85,15.06,15.04,0.226,0.272,0.267,25.81,20.12,20.59
"2013-08-05 13:30:00",38195,0,0.295,0.087,0.306,-0.004,-0.007,0.064,-0.002,-0.004,27.67,19.98,28.01,14.93,14.73,18.85,15.06,14.97,0.212,0.272,0.271,27.57,20.07,20.19
"2013-08-05 13:45:00",38196,0,0.297,0.087,0.306,-0.004,-0.007,0.064,-0.003,-0.002,27.71,19.98,28.01,14.93,14.73,18.85,15.04,15.07,0.224,0.26,0.258,25.93,21.47,21.68
"2013-08-05 14:45:00",38197,0,0.296,0.089,0.306,-0.004,-0.007,0.064,-0.002,-0.004,27.7,20.06,27.99,14.93,14.73,18.88,15.06,14.96,0.213,0.271,0.269,27.43,20.22,20.44
"2013-08-05 15:15:00",38198,0,0.296,0.089,0.305,-0.004,-0.007,0.066,-0.002,-0.004,27.7,20.07,27.98,14.93,14.72,18.96,15.1,14.96,0.239,0.276,0.272,24.04,19.58,20.07
"2013-08-05 15:45:00",38199,0,0.296,0.09,0.305,-0.004,-0.007,0.065,-0.002,-0.003,27.7,20.1,27.98,14.93,14.72,18.89,15.06,14.99,0.276,0.282,0.28,19.66,18.99,19.2
"2013-08-05 16:30:00",38200,0,0.296,0.091,0.305,-0.005,-0.007,0.065,-0.003,-0.004,27.7,20.14,27.98,14.89,14.72,18.91,15.04,14.95,0.273,0.29,0.289,20.02,18.12,18.19
"2013-08-05 16:45:00",38201,0,0.299,0.091,0.306,-0.005,-0.007,0.065,-0.002,-0.004,27.79,20.16,27.99,14.89,14.72,18.91,15.06,14.95,0.308,0.302,0.304,16.22,16.83,16.62
"2013-08-05 17:30:00",38202,0,0.296,0.09,0.305,-0.005,-0.008,0.065,-0.003,-0.004,27.7,20.13,27.97,14.89,14.7,18.91,15.04,14.93,0.329,0.316,0.318,14.19,15.49,15.24
"2013-08-05 17:45:00",38203,0,0.295,0.091,0.305,-0.005,-0.008,0.065,-0.003,-0.004,27.67,20.17,27.97,14.89,14.7,18.89,15.03,14.92,0.347,0.328,0.333,12.45,14.29,13.76
"2013-08-05 18:00:00",38204,0,0.296,0.092,0.304,-0.005,-0.008,0.065,-0.003,-0.004,27.7,20.18,27.93,14.91,14.69,18.89,15.03,14.92,0.354,0.334,0.338,11.78,13.72,13.26
"2013-08-05 18:30:00",38205,0,0.296,0.092,0.305,-0.005,-0.008,0.066,-0.002,-0.004,27.68,20.18,27.97,14.88,14.68,18.98,15.11,14.93,0.368,0.339,0.351,10.5,13.16,12.12
"2013-08-05 18:45:00",38206,0,0.296,0.092,0.305,-0.005,-0.008,0.064,-0.003,-0.004,27.68,20.2,27.97,14.87,14.68,18.88,15.01,14.95,0.374,0.344,0.355,10.02,12.71,11.69
"2013-08-05 19:15:00",38207,0,0.296,0.091,0.305,-0.006,-0.008,0.064,-0.003,-0.005,27.7,20.14,27.95,14.84,14.66,18.88,15.01,14.91,0.394,0.355,0.38,8.25,11.67,9.43
"2013-08-05 19:30:00",38208,0,0.295,0.092,0.305,-0.006,-0.008,0.064,-0.003,-0.004,27.67,20.2,27.95,14.84,14.66,18.88,15,14.92,0.406,0.369,0.398,7.173,10.43,7.87
"2013-08-05 20:00:00",38209,0,0.295,0.092,0.305,-0.006,-0.008,0.064,-0.003,-0.005,27.67,20.2,27.95,14.82,14.65,18.87,14.99,14.91,0.411,0.375,0.401,6.796,9.88,7.62
"2013-08-05 20:15:00",38210,0,0.298,0.092,0.305,-0.006,-0.009,0.064,-0.003,-0.005,27.75,20.21,27.98,14.82,14.63,18.87,15,14.91,0.426,0.386,0.419,5.555,8.93,6.116
"2013-08-05 20:30:00",38211,0,0.297,0.092,0.305,-0.006,-0.008,0.064,-0.003,-0.005,27.74,20.2,27.98,14.84,14.65,18.85,15,14.89,0.425,0.388,0.419,5.648,8.77,6.153
"2013-08-05 20:45:00",38212,0,0.295,0.092,0.305,-0.006,-0.009,0.063,-0.003,-0.005,27.67,20.2,27.95,14.8,14.63,18.84,14.99,14.91,0.441,0.397,0.437,4.289,8.01,4.632
"2013-08-05 21:00:00",38213,0,0.295,0.092,0.305,-0.006,-0.009,0.063,-0.004,-0.004,27.66,20.18,27.95,14.8,14.62,18.84,14.97,14.95,0.446,0.403,0.443,3.864,7.492,4.161
"2013-08-05 21:15:00",38214,0,0.295,0.092,0.305,-0.006,-0.009,0.065,-0.002,-0.005,27.67,20.18,27.97,14.8,14.63,18.92,15.06,14.88,0.445,0.406,0.445,3.935,7.184,3.95
"2013-08-05 21:30:00",38215,0,0.295,0.092,0.305,-0.006,-0.009,0.063,-0.003,-0.005,27.67,20.18,27.95,14.81,14.63,18.84,14.99,14.88,0.429,0.405,0.424,5.296,7.308,5.734
"2013-08-05 21:45:00",38216,0,0.296,0.092,0.305,-0.006,-0.009,0.063,-0.003,-0.005,27.7,20.18,27.98,14.81,14.63,18.84,14.99,14.88,0.426,0.401,0.423,5.554,7.627,5.758
"2013-08-05 22:00:00",38217,0,0.296,0.092,0.305,-0.006,-0.009,0.063,-0.003,-0.005,27.68,20.18,27.97,14.81,14.63,18.83,14.99,14.88,0.435,0.407,0.433,4.752,7.15,4.943
"2013-08-05 22:15:00",38218,0,0.295,0.092,0.305,-0.006,-0.008,0.065,-0.002,-0.005,27.67,20.18,27.97,14.82,14.65,18.93,15.07,14.89,0.418,0.405,0.419,6.221,7.319,6.122
"2013-08-05 22:30:00",38219,0,0.295,0.091,0.305,-0.006,-0.008,0.063,-0.003,-0.004,27.67,20.17,27.97,14.82,14.66,18.84,15.01,14.97,0.399,0.388,0.387,7.806,8.75,8.87
"2013-08-05 23:00:00",38220,0,0.296,0.091,0.305,-0.006,-0.008,0.063,-0.003,-0.005,27.68,20.17,27.98,14.84,14.66,18.83,15.01,14.89,0.386,0.378,0.374,8.91,9.61,9.97
"2013-08-05 23:30:00",38221,0,0.298,0.092,0.306,-0.005,-0.008,0.063,-0.003,-0.005,27.76,20.18,27.99,14.85,14.69,18.83,15.01,14.89,0.386,0.377,0.376,8.93,9.71,9.79
"2013-08-05 23:45:00",38222,0,0.294,0.092,0.305,-0.006,-0.008,0.063,-0.003,-0.005,27.63,20.18,27.98,14.82,14.65,18.81,15.01,14.89,0.4,0.383,0.387,7.723,9.16,8.81
