"TOA5","ROS_1","CR1000","33754","CR1000.Std.19","CPU:ROS01.ROS08.29.6.2012.CR1","13","ROS01Table15min"
"TIMESTAMP","RECORD","Rain_mm_Tot","VW(1)","VW(2)","VW(3)","VW(4)","VW(5)","VW(6)","VW(7)","VW(8)","PA_uS(1)","PA_uS(2)","PA_uS(3)","PA_uS(4)","PA_uS(5)","PA_uS(6)","PA_uS(7)","PA_uS(8)","HalfBR_Avg(1)","HalfBR_Avg(2)","HalfBR_Avg(3)","SoilTemp_Avg(1)","SoilTemp_Avg(2)","SoilTemp_Avg(3)"
"TS","RN","mm","","","","","","","","","uSec","uSec","uSec","uSec","uSec","uSec","uSec","uSec","mV/mV","mV/mV","mV/mV","Deg C","Deg C","Deg C"
"","","Tot","Smp","Smp","Smp","Smp","Smp","Smp","Smp","Smp","Smp","Smp","Smp","Smp","Smp","Smp","Smp","Smp","Avg","Avg","Avg","Avg","Avg","Avg"
"2013-07-31 00:15:00",38045,0,0.328,0.334,0.326,0.321,-0.006,-0.006,0.049,0.01,28.65,28.84,28.61,28.44,14.84,14.82,18.12,15.84,0.332,0.359,0.356,13.92,11.36,11.62
"2013-07-31 00:30:00",38046,0,0.328,0.334,0.326,0.32,-0.006,-0.006,0.049,0.01,28.66,28.84,28.61,28.43,14.84,14.84,18.12,15.86,0.332,0.358,0.356,13.83,11.42,11.6
"2013-07-31 00:45:00",38047,0,0.328,0.334,0.326,0.32,-0.006,-0.006,0.049,0.01,28.66,28.84,28.61,28.43,14.84,14.84,18.12,15.86,0.333,0.358,0.357,13.74,11.4,11.53
"2013-07-31 01:00:00",38048,0,0.328,0.334,0.326,0.321,-0.006,-0.006,0.049,0.01,28.65,28.84,28.61,28.44,14.82,14.82,18.12,15.86,0.334,0.354,0.354,13.64,11.77,11.83
"2013-07-31 01:15:00",38049,0,0.328,0.334,0.326,0.32,-0.006,-0.006,0.049,0.01,28.65,28.84,28.61,28.43,14.84,14.84,18.12,15.86,0.335,0.349,0.349,13.54,12.24,12.25
"2013-07-31 01:30:00",38050,0,0.328,0.334,0.326,0.32,-0.006,-0.006,0.049,0.01,28.66,28.84,28.61,28.43,14.84,14.84,18.12,15.86,0.336,0.348,0.348,13.45,12.33,12.34
"2013-07-31 01:45:00",38051,0,0.328,0.334,0.326,0.32,-0.006,-0.006,0.049,0.01,28.66,28.84,28.61,28.43,14.84,14.84,18.11,15.86,0.337,0.349,0.349,13.38,12.26,12.26
"2013-07-31 02:00:00",38052,0,0.328,0.334,0.326,0.32,-0.006,-0.006,0.049,0.01,28.66,28.84,28.61,28.43,14.84,14.84,18.12,15.86,0.338,0.348,0.348,13.31,12.33,12.33
"2013-07-31 02:15:00",38053,0,0.328,0.335,0.326,0.32,-0.006,-0.006,0.049,0.01,28.66,28.85,28.61,28.43,14.84,14.84,18.12,15.87,0.338,0.346,0.347,13.25,12.54,12.49
"2013-07-31 02:30:00",38054,0,0.328,0.334,0.326,0.32,-0.005,-0.006,0.049,0.01,28.66,28.84,28.61,28.43,14.85,14.84,18.12,15.86,0.339,0.341,0.344,13.21,12.97,12.77
"2013-07-31 02:45:00",38055,0,0.328,0.335,0.326,0.321,-0.005,-0.006,0.049,0.01,28.66,28.85,28.61,28.44,14.85,14.84,18.12,15.87,0.339,0.341,0.343,13.17,13,12.82
"2013-07-31 03:00:00",38056,0,0.328,0.334,0.326,0.32,-0.006,-0.005,0.049,0.01,28.65,28.84,28.61,28.43,14.84,14.85,18.12,15.87,0.34,0.342,0.343,13.14,12.93,12.82
"2013-07-31 03:15:00",38057,0,0.328,0.334,0.326,0.32,-0.006,-0.005,0.049,0.01,28.66,28.84,28.61,28.43,14.84,14.85,18.12,15.86,0.34,0.341,0.343,13.12,13,12.86
"2013-07-31 03:30:00",38058,0,0.328,0.334,0.326,0.321,-0.006,-0.005,0.049,0.01,28.66,28.84,28.61,28.44,14.84,14.85,18.11,15.86,0.34,0.341,0.342,13.1,13.03,12.9
"2013-07-31 03:45:00",38059,0,0.328,0.334,0.326,0.32,-0.006,-0.005,0.049,0.01,28.66,28.84,28.61,28.43,14.84,14.85,18.11,15.86,0.34,0.341,0.343,13.09,13,12.8
"2013-07-31 04:00:00",38060,0,0.328,0.334,0.326,0.321,-0.005,-0.005,0.049,0.01,28.66,28.84,28.61,28.44,14.85,14.85,18.11,15.87,0.34,0.341,0.343,13.08,12.98,12.8
"2013-07-31 04:15:00",38061,0,0.328,0.334,0.326,0.321,-0.005,-0.005,0.049,0.01,28.66,28.84,28.61,28.44,14.85,14.85,18.11,15.87,0.34,0.343,0.344,13.07,12.86,12.72
"2013-07-31 04:30:00",38062,0,0.328,0.334,0.326,0.32,-0.005,-0.005,0.049,0.01,28.66,28.84,28.61,28.43,14.85,14.85,18.11,15.86,0.34,0.343,0.345,13.07,12.8,12.67
"2013-07-31 04:45:00",38063,0,0.328,0.335,0.326,0.32,-0.005,-0.005,0.049,0.01,28.66,28.85,28.61,28.43,14.85,14.85,18.11,15.86,0.341,0.342,0.344,13.06,12.89,12.71
"2013-07-31 05:00:00",38064,0,0.328,0.334,0.326,0.32,-0.005,-0.005,0.049,0.01,28.65,28.84,28.61,28.43,14.85,14.85,18.11,15.86,0.341,0.343,0.344,13.05,12.86,12.69
"2013-07-31 05:15:00",38065,0,0.328,0.335,0.326,0.32,-0.005,-0.005,0.049,0.01,28.66,28.85,28.61,28.43,14.85,14.85,18.11,15.86,0.341,0.344,0.345,13.03,12.72,12.62
"2013-07-31 05:30:00",38066,0,0.328,0.334,0.326,0.32,-0.005,-0.005,0.049,0.01,28.65,28.84,28.61,28.43,14.87,14.85,18.11,15.87,0.341,0.343,0.345,13.03,12.86,12.63
"2013-07-31 05:45:00",38067,0,0.328,0.334,0.326,0.32,-0.005,-0.005,0.049,0.01,28.65,28.84,28.61,28.43,14.85,14.85,18.12,15.86,0.341,0.342,0.345,13.01,12.93,12.66
"2013-07-31 06:00:00",38068,0,0.328,0.335,0.326,0.32,-0.005,-0.005,0.049,0.01,28.66,28.85,28.61,28.43,14.87,14.85,18.11,15.86,0.341,0.342,0.344,13,12.94,12.7
"2013-07-31 06:15:00",38069,0,0.328,0.335,0.326,0.32,-0.005,-0.005,0.049,0.01,28.65,28.85,28.61,28.43,14.87,14.85,18.11,15.86,0.341,0.341,0.344,12.99,12.97,12.69
"2013-07-31 06:30:00",38070,0,0.328,0.334,0.326,0.32,-0.005,-0.005,0.049,0.01,28.66,28.84,28.61,28.43,14.87,14.85,18.11,15.87,0.341,0.342,0.344,12.98,12.94,12.7
"2013-07-31 06:45:00",38071,0,0.328,0.335,0.326,0.321,-0.005,-0.005,0.049,0.01,28.66,28.85,28.61,28.44,14.87,14.85,18.11,15.86,0.341,0.341,0.344,12.97,13.01,12.76
"2013-07-31 07:00:00",38072,0,0.328,0.335,0.326,0.32,-0.005,-0.005,0.049,0.01,28.66,28.85,28.61,28.43,14.87,14.87,18.11,15.86,0.342,0.341,0.344,12.96,13.02,12.77
"2013-07-31 07:15:00",38073,0,0.328,0.335,0.326,0.32,-0.005,-0.005,0.049,0.01,28.66,28.85,28.61,28.43,14.87,14.87,18.11,15.86,0.342,0.34,0.343,12.96,13.08,12.86
"2013-07-31 07:30:00",38074,0,0.328,0.334,0.326,0.32,-0.005,-0.005,0.049,0.01,28.66,28.84,28.61,28.43,14.87,14.85,18.11,15.87,0.342,0.339,0.341,12.95,13.23,13.03
"2013-07-31 07:45:00",38075,0,0.328,0.334,0.326,0.32,-0.005,-0.005,0.049,0.01,28.66,28.84,28.61,28.43,14.87,14.87,18.11,15.86,0.342,0.338,0.338,12.94,13.33,13.31
"2013-07-31 08:00:00",38076,0,0.328,0.334,0.326,0.321,-0.005,-0.005,0.049,0.01,28.66,28.84,28.61,28.44,14.87,14.87,18.12,15.86,0.342,0.335,0.334,12.94,13.58,13.63
"2013-07-31 08:15:00",38077,0,0.328,0.335,0.326,0.32,-0.005,-0.005,0.049,0.01,28.66,28.85,28.61,28.43,14.87,14.87,18.11,15.87,0.342,0.335,0.333,12.94,13.63,13.77
"2013-07-31 08:30:00",38078,0,0.328,0.334,0.326,0.321,-0.005,-0.005,0.049,0.01,28.66,28.84,28.61,28.44,14.87,14.87,18.11,15.87,0.342,0.332,0.33,12.95,13.89,14.08
"2013-07-31 08:45:00",38079,0,0.328,0.334,0.326,0.321,-0.005,-0.005,0.049,0.01,28.66,28.84,28.61,28.44,14.87,14.88,18.11,15.87,0.341,0.317,0.311,12.96,15.32,15.91
"2013-07-31 09:00:00",38080,0,0.329,0.334,0.326,0.32,-0.005,-0.005,0.049,0.01,28.67,28.84,28.61,28.43,14.87,14.87,18.11,15.87,0.341,0.315,0.308,12.98,15.52,16.22
"2013-07-31 09:15:00",38081,0,0.328,0.334,0.326,0.32,-0.005,-0.005,0.049,0.01,28.66,28.84,28.61,28.43,14.88,14.87,18.11,15.88,0.341,0.312,0.303,13.02,15.82,16.73
"2013-07-31 09:30:00",38082,0,0.328,0.334,0.326,0.32,-0.005,-0.005,0.049,0.01,28.66,28.84,28.61,28.43,14.88,14.88,18.11,15.87,0.34,0.298,0.29,13.07,17.31,18.14
"2013-07-31 09:45:00",38083,0,0.328,0.335,0.327,0.321,-0.002,-0.001,0.049,0.01,28.66,28.85,28.62,28.44,15.11,15.12,18.12,15.9,0.34,0.259,0.251,13.13,21.57,22.5
"2013-07-31 10:00:00",38084,0,0.328,0.335,0.326,0.321,-0.001,-0.001,0.049,0.01,28.66,28.85,28.61,28.44,15.15,15.15,18.12,15.88,0.339,0.28,0.265,13.22,19.22,20.91
"2013-07-31 10:15:00",38085,0,0.328,0.334,0.326,0.32,-0.001,-0.001,0.049,0.01,28.66,28.84,28.61,28.43,15.14,15.12,18.12,15.88,0.338,0.293,0.276,13.33,17.78,19.68
"2013-07-31 10:30:00",38086,0,0.328,0.334,0.326,0.32,-0.001,-0.001,0.05,0.01,28.66,28.84,28.61,28.43,15.14,15.12,18.13,15.9,0.336,0.29,0.276,13.46,18.13,19.66
"2013-07-31 10:45:00",38087,0,0.328,0.334,0.326,0.32,-0.001,-0.001,0.05,0.01,28.66,28.84,28.61,28.43,15.12,15.12,18.13,15.9,0.335,0.286,0.273,13.58,18.49,19.97
"2013-07-31 11:00:00",38088,0,0.328,0.334,0.326,0.321,-0.001,-0.002,0.049,0.01,28.66,28.84,28.61,28.44,15.12,15.11,18.12,15.88,0.334,0.292,0.278,13.72,17.9,19.44
"2013-07-31 11:15:00",38089,0,0.328,0.334,0.326,0.32,-0.002,-0.002,0.049,0.01,28.65,28.84,28.61,28.43,15.11,15.11,18.12,15.9,0.332,0.288,0.272,13.85,18.29,20.06
"2013-07-31 11:30:00",38090,0,0.328,0.334,0.326,0.32,-0.001,-0.001,0.049,0.01,28.65,28.84,28.61,28.43,15.12,15.12,18.12,15.9,0.331,0.3,0.288,13.98,17.08,18.28
"2013-07-31 11:45:00",38091,0,0.328,0.334,0.326,0.32,-0.002,-0.001,0.049,0.01,28.65,28.84,28.59,28.43,15.11,15.12,18.12,15.9,0.33,0.309,0.304,14.1,16.11,16.63
"2013-07-31 12:00:00",38092,0,0.328,0.334,0.326,0.32,-0.001,-0.001,0.05,0.01,28.65,28.84,28.61,28.43,15.12,15.12,18.13,15.9,0.328,0.303,0.297,14.21,16.79,17.41
"2013-07-31 12:15:00",38093,0,0.328,0.334,0.326,0.32,-0.002,-0.001,0.05,0.01,28.65,28.84,28.61,28.43,15.11,15.12,18.13,15.9,0.328,0.288,0.278,14.29,18.34,19.44
"2013-07-31 12:30:00",38094,0,0.328,0.334,0.326,0.32,-0.001,-0.001,0.05,0.01,28.65,28.84,28.61,28.43,15.12,15.12,18.13,15.9,0.327,0.283,0.268,14.36,18.86,20.51
"2013-07-31 12:45:00",38095,0,0.328,0.334,0.326,0.32,-0.001,-0.002,0.05,0.01,28.65,28.84,28.61,28.42,15.12,15.11,18.13,15.9,0.326,0.298,0.288,14.44,17.3,18.31
"2013-07-31 13:00:00",38096,0,0.328,0.334,0.326,0.32,-0.002,-0.002,0.05,0.01,28.65,28.84,28.61,28.43,15.11,15.11,18.13,15.9,0.325,0.301,0.295,14.53,17,17.53
"2013-07-31 13:15:00",38097,0,0.328,0.334,0.326,0.32,-0.002,-0.002,0.05,0.01,28.65,28.84,28.61,28.43,15.11,15.11,18.13,15.9,0.324,0.302,0.293,14.62,16.9,17.77
"2013-07-31 13:30:00",38098,0,0.328,0.334,0.326,0.32,-0.002,-0.002,0.05,0.01,28.65,28.82,28.61,28.43,15.11,15.11,18.15,15.9,0.324,0.291,0.28,14.69,18.05,19.24
"2013-07-31 13:45:00",38099,0,0.327,0.334,0.326,0.32,-0.002,-0.002,0.05,0.01,28.63,28.82,28.61,28.43,15.1,15.1,18.15,15.9,0.323,0.288,0.278,14.77,18.37,19.4
"2013-07-31 14:00:00",38100,0,0.328,0.334,0.326,0.32,-0.002,-0.002,0.05,0.01,28.65,28.84,28.61,28.42,15.1,15.1,18.15,15.9,0.322,0.298,0.291,14.84,17.24,18.03
"2013-07-31 14:15:00",38101,0,0.328,0.334,0.326,0.32,-0.002,-0.002,0.05,0.01,28.65,28.84,28.61,28.42,15.1,15.1,18.15,15.9,0.321,0.307,0.303,14.91,16.3,16.71
"2013-07-31 14:30:00",38102,0,0.327,0.334,0.326,0.32,-0.002,-0.002,0.05,0.01,28.63,28.82,28.61,28.43,15.08,15.08,18.15,15.9,0.321,0.314,0.312,14.97,15.64,15.84
"2013-07-31 14:45:00",38103,0,0.327,0.334,0.326,0.32,-0.002,-0.002,0.05,0.01,28.63,28.82,28.61,28.42,15.08,15.08,18.15,15.88,0.32,0.314,0.311,15.02,15.66,15.89
"2013-07-31 15:00:00",38104,0,0.327,0.334,0.326,0.32,-0.002,-0.002,0.05,0.01,28.63,28.82,28.59,28.42,15.08,15.08,18.15,15.88,0.32,0.314,0.314,15.05,15.59,15.64
"2013-07-31 15:15:00",38105,0,0.327,0.334,0.326,0.32,-0.002,-0.002,0.05,0.01,28.63,28.84,28.59,28.42,15.08,15.08,18.15,15.9,0.32,0.314,0.314,15.07,15.67,15.65
"2013-07-31 15:30:00",38106,0,0.327,0.334,0.326,0.32,-0.002,-0.002,0.05,0.01,28.63,28.82,28.59,28.42,15.08,15.08,18.15,15.9,0.32,0.314,0.314,15.08,15.59,15.61
"2013-07-31 15:45:00",38107,0,0.327,0.334,0.326,0.32,-0.002,-0.002,0.05,0.01,28.63,28.84,28.59,28.42,15.08,15.08,18.15,15.9,0.32,0.314,0.315,15.08,15.59,15.51
"2013-07-31 16:00:00",38108,0,0.327,0.334,0.326,0.32,-0.002,-0.002,0.05,0.01,28.63,28.82,28.59,28.42,15.08,15.08,18.15,15.9,0.32,0.316,0.318,15.08,15.41,15.27
"2013-07-31 16:15:00",38109,0,0.327,0.334,0.326,0.32,-0.002,-0.002,0.05,0.01,28.63,28.82,28.59,28.42,15.07,15.08,18.15,15.88,0.32,0.319,0.32,15.07,15.16,15.02
"2013-07-31 16:30:00",38110,0,0.327,0.334,0.326,0.32,-0.002,-0.002,0.05,0.01,28.63,28.82,28.59,28.42,15.07,15.07,18.15,15.9,0.32,0.321,0.322,15.05,14.94,14.81
"2013-07-31 16:45:00",38111,0,0.327,0.334,0.326,0.32,-0.001,-0.001,0.05,-0.001,28.63,28.82,28.59,28.42,15.14,15.12,18.15,15.15,0.32,0.323,0.324,15.04,14.71,14.66
"2013-07-31 17:00:00",38112,0,0.327,0.334,0.326,0.32,-0.001,-0.001,0.05,-0.001,28.63,28.82,28.59,28.42,15.16,15.15,18.15,15.15,0.32,0.325,0.326,15.01,14.57,14.42
"2013-07-31 17:15:00",38113,0,0.327,0.334,0.326,0.32,-0.001,-0.001,0.05,-0.001,28.63,28.82,28.59,28.42,15.15,15.15,18.15,15.14,0.321,0.331,0.333,14.98,14.01,13.8
"2013-07-31 17:30:00",38114,0,0.327,0.333,0.325,0.319,-0.001,-0.001,0.05,0,28.62,28.81,28.58,28.4,15.18,15.18,18.13,15.22,0.321,0.348,0.346,14.95,12.38,12.52
"2013-07-31 17:45:00",38115,0,0.327,0.333,0.326,0.319,0,-0.001,0.049,0.002,28.62,28.81,28.59,28.4,15.19,15.18,18.12,15.35,0.321,0.362,0.358,14.91,11.06,11.42
"2013-07-31 18:00:00",38116,0,0.327,0.333,0.325,0.319,-0.001,-0.001,0.049,-0.001,28.62,28.81,28.58,28.4,15.18,15.18,18.12,15.12,0.322,0.374,0.366,14.85,10.03,10.75
"2013-07-31 18:15:00",38117,0,0.327,0.333,0.325,0.319,-0.001,-0.001,0.049,-0.001,28.62,28.81,28.58,28.4,15.16,15.16,18.12,15.12,0.323,0.386,0.372,14.77,8.9,10.12
"2013-07-31 18:30:00",38118,0,0.327,0.333,0.325,0.319,-0.001,-0.001,0.049,-0.002,28.62,28.81,28.58,28.39,15.15,15.15,18.12,15.11,0.324,0.392,0.378,14.67,8.4,9.65
"2013-07-31 18:45:00",38119,0,0.327,0.333,0.325,0.319,-0.002,-0.003,0.049,-0.001,28.62,28.81,28.58,28.4,15.06,15.04,18.11,15.14,0.325,0.398,0.381,14.54,7.927,9.4
"2013-07-31 19:00:00",38120,0,0.327,0.333,0.325,0.319,-0.001,-0.001,0.049,-0.001,28.62,28.81,28.58,28.4,15.14,15.14,18.11,15.12,0.327,0.393,0.379,14.39,8.36,9.52
"2013-07-31 19:15:00",38121,0,0.327,0.333,0.325,0.319,-0.001,-0.001,0.049,-0.001,28.62,28.8,28.56,28.4,15.14,15.12,18.11,15.14,0.328,0.396,0.382,14.23,8.03,9.27
"2013-07-31 19:30:00",38122,0,0.327,0.333,0.325,0.319,-0.001,-0.001,0.049,-0.001,28.62,28.81,28.56,28.39,15.15,15.14,18.11,15.15,0.33,0.407,0.386,14.08,7.106,8.95
"2013-07-31 19:45:00",38123,0,0.327,0.333,0.325,0.319,-0.004,-0.004,0.049,-0.001,28.63,28.81,28.56,28.4,14.93,14.92,18.11,15.18,0.332,0.402,0.385,13.92,7.577,9.04
"2013-07-31 20:00:00",38124,0,0.327,0.333,0.325,0.319,-0.003,-0.003,0.049,-0.001,28.62,28.81,28.56,28.39,15.01,15.01,18.09,15.18,0.333,0.398,0.383,13.75,7.864,9.16
"2013-07-31 20:15:00",38125,0,0.327,0.333,0.325,0.319,-0.004,-0.004,0.049,0,28.62,28.81,28.56,28.4,14.95,14.95,18.09,15.2,0.335,0.405,0.387,13.59,7.275,8.86
"2013-07-31 20:30:00",38126,0,0.327,0.333,0.325,0.319,-0.005,-0.005,0.049,0,28.63,28.81,28.56,28.4,14.85,14.87,18.09,15.22,0.337,0.412,0.391,13.43,6.676,8.53
"2013-07-31 20:45:00",38127,0,0.327,0.333,0.325,0.319,-0.006,-0.006,0.049,0,28.62,28.81,28.56,28.39,14.81,14.82,18.09,15.22,0.338,0.398,0.383,13.28,7.885,9.17
"2013-07-31 21:00:00",38128,0,0.327,0.333,0.325,0.319,-0.002,-0.002,0.049,0,28.63,28.8,28.56,28.4,15.08,15.08,18.09,15.2,0.34,0.404,0.385,13.12,7.399,8.99
"2013-07-31 21:15:00",38129,0,0.327,0.333,0.325,0.319,-0.005,-0.005,0.049,0.001,28.63,28.81,28.56,28.4,14.88,14.88,18.08,15.26,0.341,0.415,0.392,12.98,6.457,8.41
"2013-07-31 21:30:00",38130,0,0.327,0.333,0.325,0.319,-0.006,-0.006,0.049,0.001,28.63,28.81,28.56,28.39,14.84,14.84,18.08,15.26,0.343,0.399,0.385,12.83,7.786,8.99
"2013-07-31 21:45:00",38131,0,0.327,0.333,0.325,0.319,-0.003,-0.003,0.049,0,28.63,28.81,28.56,28.4,15.03,15.03,18.08,15.25,0.344,0.394,0.38,12.7,8.19,9.46
"2013-07-31 22:00:00",38132,0,0.327,0.333,0.325,0.319,-0.002,-0.002,0.049,0,28.63,28.81,28.56,28.4,15.08,15.08,18.08,15.25,0.346,0.389,0.374,12.57,8.67,10.01
"2013-07-31 22:15:00",38133,0,0.327,0.333,0.325,0.319,-0.002,-0.002,0.049,0.001,28.63,28.81,28.56,28.4,15.1,15.1,18.08,15.26,0.347,0.382,0.37,12.45,9.24,10.37
"2013-07-31 22:30:00",38134,0,0.328,0.333,0.325,0.319,-0.002,-0.002,0.049,0.001,28.65,28.81,28.56,28.4,15.1,15.1,18.08,15.26,0.348,0.379,0.371,12.35,9.54,10.26
"2013-07-31 22:45:00",38135,0,0.327,0.333,0.325,0.319,-0.002,-0.002,0.049,0,28.63,28.81,28.56,28.4,15.1,15.1,18.08,15.25,0.349,0.379,0.372,12.27,9.56,10.21
"2013-07-31 23:00:00",38136,0,0.328,0.334,0.325,0.32,-0.002,-0.002,0.049,0.001,28.65,28.82,28.56,28.42,15.11,15.1,18.08,15.26,0.35,0.378,0.369,12.21,9.66,10.4
"2013-07-31 23:15:00",38137,0,0.328,0.334,0.325,0.32,-0.002,-0.002,0.049,0.001,28.65,28.82,28.56,28.42,15.1,15.1,18.08,15.26,0.35,0.378,0.369,12.14,9.64,10.43
"2013-07-31 23:30:00",38138,0,0.327,0.334,0.325,0.319,-0.002,-0.002,0.049,0.001,28.63,28.82,28.56,28.4,15.1,15.11,18.08,15.26,0.351,0.378,0.37,12.08,9.63,10.39
"2013-07-31 23:45:00",38139,0,0.328,0.334,0.325,0.319,-0.002,-0.002,0.049,0.001,28.65,28.82,28.56,28.4,15.1,15.1,18.08,15.26,0.352,0.38,0.369,12.02,9.42,10.47
"2013-08-01 00:00:00",38140,0,0.327,0.334,0.325,0.32,-0.002,-0.002,0.048,0.001,28.63,28.82,28.56,28.42,15.11,15.11,18.07,15.26,0.352,0.383,0.371,11.96,9.16,10.27
"2013-08-01 00:15:00",38141,0,0.327,0.334,0.325,0.32,-0.002,-0.002,0.049,0,28.63,28.82,28.56,28.42,15.1,15.11,18.08,15.25,0.353,0.386,0.373,11.91,8.96,10.05
"2013-08-01 00:30:00",38142,0,0.327,0.333,0.325,0.32,-0.002,-0.002,0.048,0,28.63,28.81,28.56,28.42,15.1,15.08,18.07,15.25,0.353,0.388,0.376,11.86,8.73,9.85
"2013-08-01 00:45:00",38143,0,0.327,0.333,0.325,0.32,-0.002,-0.002,0.048,0,28.63,28.81,28.56,28.42,15.08,15.08,18.07,15.25,0.354,0.396,0.38,11.81,8.09,9.46
"2013-08-01 01:00:00",38144,0,0.328,0.333,0.325,0.32,-0.002,-0.002,0.048,0,28.65,28.81,28.56,28.42,15.1,15.1,18.05,15.25,0.355,0.407,0.387,11.75,7.162,8.83
"2013-08-01 01:15:00",38145,0,0.327,0.333,0.325,0.32,-0.006,-0.006,0.048,0,28.63,28.81,28.56,28.42,14.84,14.84,18.05,15.19,0.355,0.419,0.394,11.69,6.146,8.27
"2013-08-01 01:30:00",38146,0,0.328,0.333,0.324,0.319,-0.005,-0.005,0.048,-0.001,28.65,28.81,28.55,28.4,14.89,14.89,18.05,15.18,0.356,0.424,0.398,11.61,5.734,7.903
"2013-08-01 01:45:00",38147,0,0.327,0.334,0.325,0.319,-0.006,-0.006,0.048,0.001,28.63,28.82,28.56,28.4,14.82,14.81,18.05,15.3,0.357,0.423,0.398,11.52,5.805,7.851
"2013-08-01 02:00:00",38148,0,0.328,0.333,0.324,0.319,-0.006,-0.006,0.048,0.001,28.65,28.81,28.55,28.4,14.81,14.81,18.04,15.29,0.358,0.418,0.398,11.41,6.172,7.855
"2013-08-01 02:15:00",38149,0,0.327,0.333,0.324,0.319,-0.006,-0.006,0.048,-0.001,28.63,28.81,28.55,28.4,14.81,14.81,18.04,15.16,0.359,0.435,0.405,11.3,4.777,7.284
"2013-08-01 02:30:00",38150,0,0.327,0.334,0.324,0.319,-0.006,-0.006,0.048,-0.001,28.63,28.82,28.55,28.4,14.8,14.8,18.04,15.14,0.361,0.441,0.408,11.18,4.324,7.036
"2013-08-01 02:45:00",38151,0,0.327,0.333,0.324,0.319,-0.006,-0.006,0.048,-0.001,28.63,28.81,28.55,28.4,14.78,14.8,18.04,15.12,0.362,0.439,0.409,11.06,4.449,6.916
"2013-08-01 03:00:00",38152,0,0.327,0.333,0.324,0.32,-0.006,-0.006,0.048,-0.001,28.63,28.81,28.55,28.42,14.78,14.78,18.04,15.12,0.364,0.442,0.412,10.92,4.229,6.717
"2013-08-01 03:15:00",38153,0,0.327,0.333,0.324,0.319,-0.006,-0.006,0.048,-0.001,28.63,28.81,28.55,28.4,14.78,14.78,18.03,15.12,0.365,0.45,0.416,10.79,3.54,6.355
"2013-08-01 03:30:00",38154,0,0.327,0.333,0.324,0.319,-0.006,-0.006,0.047,-0.001,28.63,28.81,28.55,28.4,14.78,14.78,18.01,15.12,0.367,0.455,0.419,10.65,3.121,6.093
"2013-08-01 03:45:00",38155,0,0.327,0.333,0.324,0.32,-0.007,-0.006,0.048,0.002,28.63,28.81,28.55,28.42,14.77,14.78,18.03,15.37,0.368,0.458,0.42,10.49,2.928,6.031
"2013-08-01 04:00:00",38156,0,0.327,0.333,0.324,0.319,-0.007,-0.007,0.047,0.002,28.63,28.81,28.54,28.4,14.76,14.77,18.01,15.38,0.37,0.458,0.421,10.34,2.906,5.968
"2013-08-01 04:15:00",38157,0,0.328,0.333,0.324,0.319,-0.007,-0.007,0.047,0.003,28.65,28.81,28.55,28.4,14.76,14.76,18.01,15.45,0.372,0.46,0.423,10.19,2.734,5.773
"2013-08-01 04:30:00",38158,0,0.328,0.333,0.324,0.32,-0.007,-0.007,0.047,0.004,28.65,28.81,28.54,28.42,14.74,14.76,18,15.48,0.373,0.45,0.42,10.04,3.526,6.022
"2013-08-01 04:45:00",38159,0,0.327,0.333,0.324,0.319,-0.007,-0.007,0.047,0.003,28.63,28.81,28.55,28.4,14.74,14.76,18,15.44,0.375,0.46,0.424,9.88,2.721,5.713
"2013-08-01 05:00:00",38160,48.2,0.329,0.333,0.324,0.32,-0.007,-0.007,0.047,0.006,28.7,28.81,28.54,28.42,14.76,14.76,18,15.58,0.377,0.46,0.423,9.73,2.772,5.79
"2013-08-01 05:15:00",38161,12.4,0.337,0.334,0.324,0.32,-0.007,-0.007,0.047,0.005,28.92,28.82,28.55,28.43,14.74,14.74,18,15.54,0.379,0.46,0.424,9.58,2.737,5.725
"2013-08-01 05:30:00",38162,0,0.335,0.335,0.325,0.321,-0.007,-0.007,0.047,0.006,28.86,28.85,28.56,28.44,14.73,14.73,17.99,15.6,0.38,0.459,0.425,9.44,2.813,5.647
"2013-08-01 05:45:00",38163,0,0.335,0.335,0.325,0.322,-0.007,-0.007,0.047,0.005,28.85,28.85,28.56,28.48,14.72,14.73,17.99,15.54,0.382,0.454,0.423,9.3,3.211,5.772
"2013-08-01 06:00:00",38164,0,0.335,0.335,0.325,0.323,-0.007,-0.007,0.047,0.006,28.85,28.85,28.58,28.5,14.74,14.74,17.99,15.61,0.383,0.469,0.428,9.16,2.057,5.385
"2013-08-01 06:15:00",38165,0,0.334,0.335,0.325,0.323,-0.007,-0.007,0.047,0.006,28.84,28.85,28.58,28.51,14.73,14.74,17.99,15.61,0.385,0.465,0.426,9.02,2.358,5.494
"2013-08-01 06:30:00",38166,0,0.334,0.335,0.325,0.324,-0.007,-0.007,0.047,0.006,28.82,28.86,28.58,28.52,14.73,14.73,17.99,15.63,0.386,0.46,0.424,8.9,2.759,5.656
"2013-08-01 06:45:00",38167,0,0.334,0.335,0.325,0.324,-0.007,-0.007,0.047,0.006,28.82,28.86,28.58,28.52,14.73,14.73,17.99,15.61,0.388,0.462,0.426,8.77,2.627,5.514
"2013-08-01 07:00:00",38168,0,0.333,0.335,0.326,0.324,-0.007,-0.007,0.047,0.006,28.81,28.86,28.61,28.54,14.73,14.73,17.99,15.6,0.389,0.458,0.423,8.64,2.959,5.763
"2013-08-01 07:15:00",38169,0,0.333,0.335,0.326,0.324,-0.006,-0.006,0.047,0.006,28.81,28.88,28.59,28.55,14.8,14.81,17.99,15.64,0.391,0.455,0.421,8.53,3.174,5.938
"2013-08-01 07:30:00",38170,0,0.333,0.335,0.326,0.324,-0.006,-0.006,0.047,0.007,28.81,28.88,28.61,28.55,14.78,14.78,17.97,15.65,0.392,0.455,0.419,8.42,3.153,6.125
"2013-08-01 07:45:00",38171,0,0.333,0.336,0.327,0.324,-0.007,-0.006,0.047,0.007,28.8,28.89,28.62,28.55,14.77,14.78,17.97,15.69,0.393,0.422,0.397,8.32,5.855,8.02
"2013-08-01 08:00:00",38172,0,0.333,0.336,0.327,0.325,-0.006,-0.006,0.047,0.007,28.81,28.89,28.62,28.58,14.78,14.8,17.97,15.67,0.394,0.419,0.391,8.23,6.137,8.48
"2013-08-01 08:15:00",38173,0,0.333,0.336,0.327,0.327,-0.006,-0.006,0.047,0.007,28.81,28.9,28.62,28.62,14.81,14.8,17.97,15.67,0.395,0.389,0.381,8.14,8.71,9.36
"2013-08-01 08:30:00",38174,0,0.333,0.336,0.327,0.326,-0.006,-0.006,0.047,0.007,28.81,28.9,28.62,28.59,14.82,14.82,17.99,15.68,0.396,0.353,0.345,8.08,11.9,12.61
"2013-08-01 08:45:00",38175,0,0.333,0.337,0.327,0.326,-0.006,-0.005,0.047,0.007,28.81,28.92,28.63,28.59,14.84,14.85,17.99,15.68,0.396,0.349,0.312,8.04,12.28,15.88
"2013-08-01 09:00:00",38176,0,0.333,0.336,0.327,0.327,-0.006,-0.005,0.047,0.006,28.81,28.9,28.63,28.63,14.84,14.85,18,15.6,0.396,0.374,0.287,8.03,10,18.43
"2013-08-01 09:15:00",38177,0,0.333,0.337,0.328,0.326,-0.005,-0.005,0.047,0.006,28.81,28.92,28.65,28.61,14.88,14.88,18.01,15.58,0.396,0.358,0.267,8.05,11.41,20.58
"2013-08-01 09:30:00",38178,0,0.333,0.337,0.328,0.326,-0.005,-0.005,0.047,0.005,28.81,28.92,28.65,28.61,14.91,14.91,18,15.53,0.395,0.319,0.249,8.12,15.2,22.8
"2013-08-01 09:45:00",38179,0,0.333,0.337,0.328,0.326,-0.004,-0.004,0.047,0.001,28.81,28.93,28.66,28.61,14.92,14.93,18.01,15.27,0.394,0.268,0.233,8.25,20.51,24.71
"2013-08-01 10:00:00",38180,0,0.333,0.337,0.328,0.326,-0.004,-0.004,0.047,0.001,28.81,28.93,28.66,28.61,14.92,14.92,18.01,15.29,0.392,0.268,0.215,8.44,20.51,27.09
"2013-08-01 10:15:00",38181,0,0.333,0.337,0.329,0.326,-0.004,-0.004,0.048,0.001,28.81,28.92,28.67,28.61,14.92,14.92,18.03,15.29,0.389,0.253,0.243,8.69,22.25,23.71
"2013-08-01 10:30:00",38182,0,0.333,0.337,0.328,0.326,-0.004,-0.004,0.048,0.001,28.81,28.93,28.66,28.61,14.93,14.92,18.04,15.27,0.386,0.245,0.288,8.97,23.23,18.29
"2013-08-01 10:45:00",38183,0,0.333,0.337,0.329,0.327,-0.004,-0.004,0.048,0.001,28.81,28.92,28.67,28.62,14.93,14.92,18.04,15.27,0.382,0.234,0.288,9.28,24.64,18.32
"2013-08-01 11:00:00",38184,0,0.333,0.337,0.329,0.326,-0.004,-0.004,0.048,0.001,28.81,28.92,28.67,28.61,14.93,14.92,18.04,15.27,0.378,0.21,0.246,9.62,27.86,23.34
"2013-08-01 11:15:00",38185,0,0.333,0.337,0.329,0.326,-0.004,-0.004,0.048,0.001,28.8,28.92,28.69,28.61,14.92,14.92,18.05,15.29,0.374,0.212,0.173,10,27.52,33.39
"2013-08-01 11:30:00",38186,0,0.333,0.337,0.329,0.326,-0.004,-0.004,0.048,0.001,28.8,28.93,28.67,28.61,14.92,14.92,18.07,15.27,0.369,0.215,0.168,10.39,27.1,34.3
"2013-08-01 11:45:00",38187,0,0.333,0.337,0.329,0.326,-0.005,-0.005,0.048,0,28.8,28.92,28.69,28.61,14.89,14.89,18.07,15.25,0.365,0.193,0.151,10.82,30.31,37.32
"2013-08-01 12:00:00",38188,0,0.333,0.337,0.329,0.326,-0.005,-0.005,0.048,0,28.8,28.92,28.69,28.59,14.88,14.89,18.07,15.25,0.36,0.245,0.148,11.27,23.35,37.89
"2013-08-01 12:15:00",38189,0,0.332,0.337,0.329,0.326,-0.005,-0.005,0.049,0,28.78,28.92,28.69,28.59,14.89,14.88,18.08,15.25,0.355,0.268,0.158,11.66,20.49,36.05
"2013-08-01 12:30:00",38190,0,0.332,0.337,0.329,0.326,-0.005,-0.005,0.049,0.001,28.78,28.92,28.69,28.59,14.89,14.89,18.08,15.27,0.352,0.23,0.149,12.03,25.2,37.67
"2013-08-01 12:45:00",38191,0,0.332,0.337,0.329,0.325,-0.005,-0.005,0.049,0.001,28.77,28.92,28.67,28.58,14.89,14.89,18.09,15.27,0.348,0.221,0.182,12.38,26.37,32.28
"2013-08-01 13:00:00",38192,0,0.332,0.336,0.329,0.325,-0.005,-0.005,0.049,0.001,28.77,28.9,28.67,28.58,14.89,14.88,18.09,15.26,0.344,0.211,0.249,12.77,27.67,22.72
"2013-08-01 13:15:00",38193,0,0.332,0.337,0.329,0.325,-0.005,-0.005,0.049,0.001,28.77,28.92,28.69,28.58,14.89,14.88,18.11,15.26,0.339,0.26,0.22,13.21,21.52,26.63
"2013-08-01 13:30:00",38194,0,0.331,0.337,0.329,0.325,-0.005,-0.005,0.049,0.001,28.75,28.92,28.67,28.58,14.89,14.88,18.11,15.26,0.334,0.234,0.188,13.69,24.63,31.09
"2013-08-01 13:45:00",38195,0,0.331,0.336,0.329,0.325,-0.005,-0.005,0.049,0,28.75,28.9,28.67,28.56,14.87,14.88,18.11,15.25,0.329,0.254,0.207,14.15,22.21,28.4
"2013-08-01 14:00:00",38196,0,0.331,0.336,0.328,0.325,-0.005,-0.005,0.049,0,28.74,28.9,28.66,28.56,14.88,14.88,18.12,15.25,0.325,0.245,0.222,14.52,23.33,26.44
"2013-08-01 14:15:00",38197,0,0.331,0.336,0.329,0.325,-0.005,-0.005,0.05,0.001,28.74,28.9,28.67,28.56,14.87,14.88,18.13,15.26,0.322,0.239,0.193,14.79,24,30.32
"2013-08-01 14:30:00",38198,0,0.331,0.336,0.328,0.324,-0.005,-0.005,0.05,0.001,28.74,28.9,28.66,28.55,14.87,14.87,18.13,15.26,0.32,0.237,0.175,15.04,24.17,33.09
"2013-08-01 14:45:00",38199,0,0.33,0.336,0.328,0.324,-0.005,-0.005,0.05,0,28.73,28.9,28.66,28.55,14.87,14.87,18.13,15.25,0.317,0.243,0.202,15.32,23.45,28.91
"2013-08-01 15:00:00",38200,0,0.33,0.336,0.328,0.324,-0.005,-0.005,0.05,0,28.73,28.9,28.66,28.54,14.87,14.87,18.15,15.25,0.314,0.27,0.232,15.61,20.35,25.12
"2013-08-01 15:15:00",38201,0,0.33,0.336,0.328,0.324,-0.005,-0.005,0.05,0,28.73,28.89,28.66,28.52,14.88,14.87,18.16,15.23,0.311,0.258,0.221,15.91,21.63,26.34
"2013-08-01 15:30:00",38202,0,0.33,0.336,0.328,0.324,-0.005,-0.005,0.05,0,28.73,28.89,28.66,28.52,14.89,14.89,18.16,15.23,0.309,0.272,0.242,16.19,20.07,23.62
"2013-08-01 15:45:00",38203,0,0.33,0.336,0.328,0.324,-0.005,-0.005,0.05,0,28.73,28.89,28.66,28.52,14.89,14.89,18.16,15.25,0.306,0.274,0.26,16.43,19.86,21.44
"2013-08-01 16:00:00",38204,0,0.33,0.336,0.328,0.324,-0.005,-0.005,0.05,0,28.71,28.89,28.66,28.52,14.88,14.88,18.16,15.25,0.304,0.286,0.272,16.62,18.54,20.03
"2013-08-01 16:15:00",38205,0,0.33,0.335,0.328,0.324,-0.005,-0.005,0.05,0,28.71,28.88,28.66,28.52,14.88,14.88,18.16,15.23,0.303,0.274,0.252,16.77,19.84,22.42
"2013-08-01 16:30:00",38206,0,0.329,0.336,0.328,0.323,-0.005,-0.005,0.05,0,28.7,28.89,28.65,28.51,14.87,14.87,18.17,15.23,0.302,0.278,0.288,16.88,19.47,18.32
"2013-08-01 16:45:00",38207,0,0.33,0.335,0.328,0.323,-0.005,-0.005,0.05,0,28.71,28.88,28.65,28.5,14.88,14.87,18.17,15.23,0.301,0.29,0.303,16.95,18.12,16.73
"2013-08-01 17:00:00",38208,0,0.329,0.335,0.328,0.323,-0.005,-0.005,0.05,0,28.7,28.86,28.65,28.51,14.85,14.85,18.16,15.22,0.301,0.309,0.314,16.97,16.12,15.6
"2013-08-01 17:15:00",38209,0,0.329,0.335,0.327,0.323,-0.006,-0.006,0.05,0,28.7,28.86,28.63,28.5,14.84,14.84,18.16,15.22,0.301,0.333,0.331,16.97,13.78,14
"2013-08-01 17:30:00",38210,0,0.329,0.335,0.327,0.322,-0.006,-0.006,0.05,0,28.7,28.86,28.63,28.48,14.82,14.82,18.16,15.22,0.301,0.357,0.348,16.93,11.54,12.34
"2013-08-01 17:45:00",38211,0,0.329,0.335,0.327,0.322,-0.006,-0.006,0.05,0,28.69,28.86,28.63,28.48,14.82,14.81,18.16,15.2,0.302,0.365,0.356,16.85,10.84,11.58
"2013-08-01 18:00:00",38212,0,0.329,0.335,0.327,0.322,-0.006,-0.006,0.05,0,28.69,28.85,28.62,28.48,14.81,14.81,18.16,15.23,0.303,0.378,0.364,16.74,9.67,10.87
"2013-08-01 18:15:00",38213,0,0.329,0.335,0.327,0.322,-0.006,-0.006,0.05,0,28.69,28.85,28.62,28.48,14.8,14.8,18.16,15.23,0.305,0.377,0.367,16.59,9.72,10.63
"2013-08-01 18:30:00",38214,0,0.329,0.335,0.327,0.322,-0.006,-0.006,0.05,0,28.69,28.85,28.62,28.48,14.8,14.78,18.16,15.23,0.306,0.386,0.37,16.42,8.97,10.31
"2013-08-01 18:45:00",38215,0,0.329,0.335,0.327,0.322,-0.006,-0.006,0.05,0,28.69,28.85,28.62,28.47,14.8,14.8,18.16,15.23,0.308,0.38,0.371,16.23,9.44,10.24
"2013-08-01 19:00:00",38216,0,0.329,0.335,0.327,0.322,-0.006,-0.006,0.05,0,28.69,28.85,28.62,28.47,14.78,14.8,18.15,15.23,0.31,0.384,0.372,16.04,9.13,10.16
"2013-08-01 19:15:00",38217,0,0.329,0.335,0.327,0.322,-0.006,-0.006,0.05,0,28.69,28.85,28.62,28.47,14.8,14.78,18.15,15.23,0.312,0.394,0.378,15.84,8.22,9.67
"2013-08-01 19:30:00",38218,0,0.329,0.334,0.327,0.322,-0.006,-0.006,0.05,0,28.69,28.84,28.62,28.47,14.78,14.78,18.13,15.23,0.314,0.408,0.384,15.64,7.067,9.11
"2013-08-01 19:45:00",38219,0,0.329,0.334,0.326,0.322,-0.006,-0.007,0.049,0.001,28.69,28.84,28.61,28.47,14.78,14.77,18.12,15.26,0.316,0.407,0.386,15.43,7.16,8.96
"2013-08-01 20:00:00",38220,0,0.329,0.334,0.326,0.322,-0.006,-0.007,0.049,0,28.69,28.84,28.61,28.47,14.78,14.77,18.12,15.25,0.318,0.404,0.385,15.22,7.397,9.03
"2013-08-01 20:15:00",38221,0,0.329,0.335,0.326,0.321,-0.007,-0.007,0.049,0,28.69,28.85,28.61,28.46,14.77,14.77,18.12,15.25,0.32,0.409,0.386,15,6.978,8.91
"2013-08-01 20:30:00",38222,0,0.329,0.335,0.326,0.322,-0.007,-0.007,0.049,0,28.69,28.85,28.61,28.47,14.77,14.77,18.12,15.25,0.323,0.41,0.387,14.79,6.903,8.85
"2013-08-01 20:45:00",38223,0,0.329,0.335,0.326,0.321,-0.007,-0.007,0.049,0,28.69,28.85,28.61,28.46,14.76,14.76,18.12,15.25,0.325,0.418,0.392,14.58,6.158,8.4
"2013-08-01 21:00:00",38224,0,0.329,0.335,0.326,0.321,-0.007,-0.007,0.049,0,28.69,28.85,28.61,28.46,14.77,14.77,18.11,15.25,0.327,0.415,0.393,14.38,6.442,8.32
"2013-08-01 21:15:00",38225,0,0.329,0.334,0.326,0.322,-0.007,-0.007,0.049,0,28.69,28.84,28.61,28.47,14.77,14.76,18.11,15.25,0.329,0.413,0.394,14.17,6.59,8.27
"2013-08-01 21:30:00",38226,0,0.329,0.335,0.326,0.322,-0.007,-0.007,0.049,0,28.69,28.85,28.61,28.47,14.77,14.76,18.09,15.25,0.331,0.424,0.395,13.97,5.733,8.14
"2013-08-01 21:45:00",38227,0,0.329,0.335,0.326,0.321,-0.007,-0.007,0.049,0,28.69,28.85,28.59,28.46,14.77,14.76,18.11,15.25,0.333,0.428,0.399,13.77,5.353,7.814
"2013-08-01 22:00:00",38228,0,0.329,0.335,0.326,0.322,-0.007,-0.007,0.049,0,28.69,28.85,28.59,28.47,14.76,14.76,18.09,15.25,0.335,0.43,0.4,13.57,5.23,7.752
"2013-08-01 22:15:00",38229,0,0.329,0.335,0.327,0.322,-0.007,-0.007,0.049,0.001,28.69,28.85,28.62,28.47,14.76,14.77,18.09,15.26,0.337,0.421,0.396,13.38,5.925,8.07
"2013-08-01 22:30:00",38230,0,0.329,0.334,0.326,0.322,-0.007,-0.007,0.049,0.001,28.7,28.84,28.61,28.47,14.76,14.76,18.09,15.26,0.339,0.434,0.402,13.19,4.908,7.551
"2013-08-01 22:45:00",38231,0,0.329,0.335,0.326,0.322,-0.007,-0.007,0.049,0,28.69,28.85,28.61,28.47,14.76,14.76,18.09,15.25,0.341,0.421,0.399,13,5.983,7.8
"2013-08-01 23:00:00",38232,0,0.329,0.335,0.326,0.322,-0.007,-0.007,0.049,0,28.69,28.85,28.61,28.47,14.74,14.74,18.08,15.23,0.343,0.442,0.409,12.83,4.209,6.982
"2013-08-01 23:15:00",38233,0,0.329,0.335,0.326,0.322,-0.007,-0.007,0.048,0.001,28.69,28.85,28.59,28.47,14.74,14.74,18.07,15.26,0.345,0.442,0.411,12.65,4.183,6.796
"2013-08-01 23:30:00",38234,0,0.329,0.335,0.326,0.322,-0.007,-0.007,0.049,0.001,28.7,28.85,28.61,28.47,14.76,14.74,18.08,15.26,0.347,0.437,0.41,12.47,4.609,6.911
"2013-08-01 23:45:00",38235,0,0.329,0.335,0.326,0.322,-0.007,-0.007,0.048,0,28.7,28.85,28.61,28.47,14.74,14.74,18.07,15.25,0.349,0.444,0.411,12.27,4.092,6.826
"2013-08-02 00:00:00",38236,0,0.329,0.335,0.326,0.322,-0.007,-0.007,0.048,0,28.7,28.85,28.61,28.47,14.74,14.74,18.07,15.25,0.351,0.449,0.413,12.09,3.648,6.654
"2013-08-02 00:15:00",38237,0,0.329,0.335,0.326,0.322,-0.007,-0.007,0.048,0,28.69,28.85,28.61,28.47,14.74,14.74,18.05,15.25,0.353,0.451,0.416,11.9,3.501,6.323
"2013-08-02 00:30:00",38238,0,0.329,0.335,0.326,0.322,-0.007,-0.007,0.048,0,28.7,28.85,28.61,28.47,14.73,14.73,18.05,15.25,0.355,0.448,0.415,11.72,3.739,6.474
"2013-08-02 00:45:00",38239,0,0.329,0.334,0.326,0.322,-0.007,-0.007,0.048,0,28.69,28.84,28.59,28.47,14.73,14.73,18.05,15.25,0.357,0.452,0.418,11.55,3.38,6.183
"2013-08-02 01:00:00",38240,0,0.329,0.334,0.326,0.322,-0.007,-0.007,0.048,0,28.69,28.84,28.59,28.47,14.73,14.73,18.04,15.23,0.359,0.452,0.419,11.37,3.409,6.141
"2013-08-02 01:15:00",38241,0,0.329,0.334,0.326,0.322,-0.007,-0.007,0.048,0,28.7,28.84,28.61,28.48,14.73,14.72,18.04,15.23,0.361,0.461,0.423,11.19,2.682,5.787
"2013-08-02 01:30:00",38242,0,0.329,0.335,0.326,0.322,-0.007,-0.007,0.048,0,28.7,28.85,28.59,28.47,14.72,14.72,18.03,15.23,0.363,0.456,0.423,11.01,3.096,5.754
"2013-08-02 01:45:00",38243,0,0.33,0.335,0.326,0.322,-0.007,-0.007,0.048,-0.001,28.71,28.85,28.59,28.48,14.72,14.72,18.04,15.12,0.365,0.447,0.418,10.83,3.823,6.178
"2013-08-02 02:00:00",38244,0,0.329,0.335,0.326,0.322,-0.007,-0.007,0.048,-0.001,28.7,28.85,28.59,28.48,14.72,14.72,18.04,15.14,0.367,0.454,0.423,10.66,3.224,5.746
"2013-08-02 02:15:00",38245,0,0.33,0.335,0.326,0.322,-0.007,-0.007,0.048,-0.001,28.71,28.85,28.59,28.48,14.73,14.73,18.03,15.16,0.368,0.45,0.419,10.49,3.574,6.111
"2013-08-02 02:30:00",38246,0,0.33,0.335,0.326,0.322,-0.007,-0.007,0.048,-0.001,28.71,28.85,28.59,28.48,14.73,14.73,18.03,15.14,0.37,0.456,0.422,10.32,3.102,5.886
"2013-08-02 02:45:00",38247,0,0.329,0.335,0.326,0.322,-0.007,-0.007,0.047,-0.001,28.7,28.85,28.59,28.48,14.73,14.72,18.01,15.12,0.372,0.464,0.427,10.17,2.41,5.418
"2013-08-02 03:00:00",38248,0,0.329,0.335,0.326,0.323,-0.007,-0.007,0.048,-0.001,28.7,28.86,28.59,28.5,14.72,14.72,18.03,15.18,0.374,0.461,0.422,10.01,2.707,5.837
"2013-08-02 03:15:00",38249,0,0.33,0.335,0.326,0.323,-0.007,-0.007,0.047,0.001,28.71,28.85,28.59,28.5,14.73,14.73,18.01,15.26,0.375,0.448,0.413,9.86,3.767,6.576
"2013-08-02 03:30:00",38250,0,0.33,0.335,0.326,0.323,-0.007,-0.007,0.047,0.001,28.73,28.86,28.59,28.5,14.73,14.72,18.01,15.31,0.377,0.441,0.41,9.73,4.268,6.829
"2013-08-02 03:45:00",38251,0,0.33,0.335,0.326,0.323,-0.007,-0.007,0.047,0.004,28.73,28.86,28.61,28.51,14.73,14.73,18.01,15.48,0.378,0.433,0.404,9.6,4.943,7.385
"2013-08-02 04:00:00",38252,0,0.33,0.335,0.326,0.323,-0.007,-0.007,0.047,0.004,28.73,28.88,28.59,28.5,14.73,14.74,18.01,15.48,0.38,0.425,0.401,9.5,5.627,7.667
"2013-08-02 04:15:00",38253,0,0.33,0.335,0.326,0.323,-0.007,-0.007,0.047,0.004,28.73,28.88,28.61,28.5,14.74,14.74,18.01,15.46,0.381,0.426,0.4,9.4,5.496,7.726
"2013-08-02 04:30:00",38254,0,0.33,0.335,0.326,0.323,-0.007,-0.007,0.047,0.002,28.73,28.86,28.61,28.51,14.74,14.74,18.01,15.38,0.382,0.423,0.397,9.32,5.775,7.995
"2013-08-02 04:45:00",38255,0,0.33,0.335,0.327,0.323,-0.007,-0.007,0.047,0.001,28.73,28.86,28.62,28.51,14.76,14.74,18.01,15.3,0.382,0.421,0.397,9.25,5.94,7.945
"2013-08-02 05:00:00",38256,0,0.33,0.335,0.326,0.323,-0.007,-0.007,0.047,0.001,28.73,28.88,28.61,28.5,14.76,14.74,18.01,15.3,0.383,0.425,0.402,9.2,5.582,7.566
"2013-08-02 05:15:00",38257,0,0.33,0.335,0.326,0.323,-0.007,-0.007,0.047,0.001,28.73,28.86,28.61,28.51,14.76,14.74,18.01,15.3,0.384,0.426,0.403,9.15,5.501,7.449
"2013-08-02 05:30:00",38258,0,0.33,0.335,0.326,0.323,-0.007,-0.007,0.047,0.001,28.73,28.86,28.61,28.51,14.76,14.76,18,15.29,0.384,0.431,0.405,9.09,5.131,7.255
"2013-08-02 05:45:00",38259,0,0.331,0.335,0.326,0.323,-0.007,-0.007,0.047,0.001,28.74,28.86,28.61,28.51,14.74,14.76,18,15.27,0.385,0.435,0.407,9.04,4.753,7.111
"2013-08-02 06:00:00",38260,0,0.33,0.335,0.326,0.323,-0.007,-0.007,0.047,0.001,28.73,28.88,28.59,28.51,14.74,14.74,18,15.26,0.385,0.436,0.409,8.98,4.719,6.917
"2013-08-02 06:15:00",38261,0,0.33,0.335,0.326,0.323,-0.007,-0.007,0.047,0.001,28.73,28.86,28.59,28.51,14.74,14.74,17.99,15.26,0.386,0.441,0.412,8.92,4.282,6.69
"2013-08-02 06:30:00",38262,0,0.33,0.335,0.326,0.323,-0.007,-0.007,0.047,0,28.73,28.88,28.61,28.51,14.73,14.73,17.99,15.25,0.387,0.446,0.416,8.86,3.86,6.395
"2013-08-02 06:45:00",38263,0,0.33,0.335,0.326,0.323,-0.007,-0.007,0.047,0.001,28.73,28.86,28.59,28.51,14.73,14.73,17.99,15.26,0.388,0.44,0.411,8.78,4.386,6.75
"2013-08-02 07:00:00",38264,0,0.331,0.335,0.326,0.323,-0.007,-0.007,0.047,0.001,28.74,28.88,28.61,28.51,14.73,14.73,18,15.26,0.389,0.434,0.408,8.7,4.848,7.062
"2013-08-02 07:15:00",38265,0,0.33,0.335,0.326,0.323,-0.007,-0.007,0.047,0,28.73,28.88,28.59,28.51,14.74,14.73,18,15.25,0.39,0.429,0.403,8.62,5.305,7.494
"2013-08-02 07:30:00",38266,0,0.331,0.335,0.326,0.324,-0.007,-0.007,0.047,0,28.74,28.88,28.61,28.52,14.74,14.74,18,15.23,0.39,0.424,0.398,8.55,5.679,7.924
"2013-08-02 07:45:00",38267,0,0.331,0.335,0.326,0.324,-0.007,-0.007,0.047,0,28.74,28.88,28.61,28.52,14.76,14.76,17.99,15.23,0.391,0.417,0.391,8.49,6.24,8.51
"2013-08-02 08:00:00",38268,0,0.331,0.335,0.326,0.324,-0.007,-0.007,0.047,0,28.74,28.88,28.61,28.52,14.77,14.77,17.99,15.23,0.392,0.412,0.387,8.44,6.724,8.83
"2013-08-02 08:15:00",38269,0,0.331,0.336,0.326,0.324,-0.007,-0.007,0.047,0,28.75,28.89,28.61,28.52,14.77,14.77,18,15.22,0.392,0.41,0.383,8.41,6.904,9.18
"2013-08-02 08:30:00",38270,0,0.331,0.336,0.327,0.324,-0.006,-0.006,0.047,0,28.75,28.89,28.62,28.54,14.78,14.78,18,15.22,0.392,0.404,0.378,8.4,7.387,9.65
"2013-08-02 08:45:00",38271,0,0.331,0.335,0.327,0.324,-0.006,-0.006,0.047,0,28.75,28.88,28.62,28.54,14.78,14.8,18,15.2,0.392,0.393,0.367,8.4,8.36,10.63
"2013-08-02 09:00:00",38272,0,0.331,0.335,0.327,0.324,-0.006,-0.006,0.047,0,28.74,28.88,28.62,28.54,14.8,14.8,18,15.19,0.392,0.378,0.352,8.42,9.65,11.98
"2013-08-02 09:15:00",38273,0,0.331,0.336,0.327,0.324,-0.006,-0.006,0.047,0,28.75,28.89,28.63,28.54,14.81,14.81,18.01,15.19,0.392,0.372,0.341,8.45,10.16,13
"2013-08-02 09:30:00",38274,0,0.331,0.336,0.327,0.324,-0.006,-0.006,0.047,-0.001,28.75,28.89,28.63,28.52,14.82,14.84,18.01,15.18,0.391,0.364,0.337,8.51,10.92,13.41
"2013-08-02 09:45:00",38275,0,0.331,0.336,0.327,0.324,-0.006,-0.006,0.047,-0.001,28.75,28.89,28.63,28.54,14.84,14.84,18.01,15.18,0.39,0.342,0.317,8.6,12.94,15.4
"2013-08-02 10:00:00",38276,0,0.331,0.336,0.327,0.324,-0.005,-0.005,0.048,0,28.75,28.9,28.63,28.55,14.87,14.87,18.03,15.2,0.389,0.292,0.248,8.71,17.88,22.84
"2013-08-02 10:15:00",38277,0,0.331,0.336,0.328,0.324,-0.005,-0.005,0.048,0,28.75,28.89,28.65,28.54,14.89,14.88,18.03,15.2,0.387,0.273,0.249,8.86,19.97,22.77
"2013-08-02 10:30:00",38278,0,0.331,0.336,0.327,0.324,-0.005,-0.005,0.048,0,28.75,28.9,28.63,28.54,14.88,14.88,18.03,15.2,0.384,0.291,0.286,9.06,18.13,18.61
"2013-08-02 10:45:00",38279,0,0.331,0.336,0.328,0.324,-0.005,-0.005,0.048,0,28.75,28.89,28.65,28.54,14.88,14.88,18.04,15.2,0.381,0.287,0.293,9.33,18.48,17.82
"2013-08-02 11:00:00",38280,0,0.331,0.336,0.328,0.324,-0.005,-0.005,0.048,0,28.75,28.9,28.65,28.55,14.88,14.88,18.04,15.23,0.378,0.299,0.279,9.62,17.27,19.31
"2013-08-02 11:15:00",38281,0,0.331,0.336,0.327,0.324,-0.005,-0.005,0.048,0,28.74,28.9,28.63,28.55,14.89,14.88,18.04,15.2,0.375,0.272,0.244,9.9,20.13,23.45
"2013-08-02 11:30:00",38282,0,0.331,0.336,0.327,0.324,-0.005,-0.005,0.048,0,28.74,28.9,28.63,28.55,14.89,14.89,18.04,15.22,0.372,0.222,0.18,10.2,26.16,32.28
"2013-08-02 11:45:00",38283,0,0.331,0.336,0.328,0.324,-0.005,-0.005,0.048,0,28.74,28.89,28.65,28.54,14.88,14.88,18.05,15.25,0.368,0.23,0.172,10.51,25.25,33.55
"2013-08-02 12:00:00",38284,0,0.331,0.336,0.327,0.324,-0.005,-0.005,0.048,0,28.74,28.89,28.63,28.54,14.88,14.88,18.05,15.22,0.364,0.275,0.173,10.85,19.71,33.51
"2013-08-02 12:15:00",38285,0,0.331,0.336,0.328,0.324,-0.005,-0.005,0.048,0,28.74,28.9,28.65,28.54,14.88,14.88,18.07,15.2,0.361,0.276,0.162,11.19,19.61,35.33
"2013-08-02 12:30:00",38286,0,0.331,0.336,0.327,0.324,-0.005,-0.005,0.048,0,28.74,28.9,28.63,28.54,14.89,14.89,18.07,15.22,0.357,0.222,0.147,11.53,26.31,38.17
"2013-08-02 12:45:00",38287,0,0.33,0.336,0.328,0.324,-0.005,-0.005,0.049,0,28.73,28.89,28.65,28.54,14.89,14.89,18.08,15.22,0.353,0.197,0.189,11.88,29.73,31.32
"2013-08-02 13:00:00",38288,0,0.33,0.336,0.328,0.324,-0.005,-0.005,0.049,0,28.73,28.89,28.65,28.54,14.88,14.88,18.08,15.19,0.349,0.215,0.248,12.28,27.1,22.8
"2013-08-02 13:15:00",38289,0,0.33,0.336,0.327,0.324,-0.002,-0.002,0.049,0,28.71,28.89,28.63,28.52,15.11,15.11,18.09,15.19,0.344,0.249,0.214,12.73,22.78,27.56
"2013-08-02 13:30:00",38290,0,0.33,0.335,0.328,0.324,-0.002,-0.002,0.049,0,28.71,28.88,28.65,28.52,15.1,15.1,18.08,15.19,0.339,0.219,0.193,13.19,26.53,30.36
"2013-08-02 13:45:00",38291,0,0.33,0.335,0.327,0.323,-0.002,-0.002,0.049,0,28.71,28.88,28.63,28.51,15.1,15.1,18.11,15.2,0.335,0.25,0.243,13.63,22.62,23.5
"2013-08-02 14:00:00",38292,0,0.329,0.336,0.327,0.323,-0.002,-0.002,0.049,0,28.7,28.89,28.63,28.51,15.1,15.08,18.11,15.19,0.331,0.238,0.255,14,24.2,22.02
"2013-08-02 14:15:00",38293,0,0.329,0.335,0.327,0.323,-0.002,-0.002,0.049,0,28.7,28.88,28.63,28.51,15.1,15.1,18.11,15.19,0.327,0.228,0.24,14.3,25.42,23.87
"2013-08-02 14:30:00",38294,0,0.329,0.335,0.327,0.323,-0.002,-0.002,0.049,0,28.7,28.88,28.62,28.51,15.1,15.1,18.12,15.2,0.325,0.222,0.232,14.59,26.24,24.81
"2013-08-02 14:45:00",38295,0,0.329,0.335,0.327,0.323,-0.002,-0.002,0.049,-0.001,28.7,28.88,28.63,28.5,15.1,15.1,18.12,15.18,0.322,0.261,0.259,14.89,21.38,21.62
"2013-08-02 15:00:00",38296,0,0.329,0.335,0.327,0.323,-0.002,-0.002,0.05,-0.001,28.69,28.88,28.63,28.5,15.1,15.08,18.13,15.18,0.318,0.267,0.267,15.19,20.71,20.65
"2013-08-02 15:15:00",38297,0,0.329,0.335,0.327,0.322,-0.002,-0.002,0.05,-0.001,28.69,28.86,28.63,28.48,15.1,15.1,18.13,15.18,0.316,0.252,0.252,15.46,22.43,22.36
"2013-08-02 15:30:00",38298,0,0.329,0.335,0.327,0.322,-0.002,-0.002,0.05,-0.001,28.69,28.86,28.63,28.48,15.11,15.11,18.15,15.18,0.313,0.256,0.254,15.69,21.9,22.15
"2013-08-02 15:45:00",38299,0,0.329,0.335,0.327,0.322,-0.002,-0.002,0.05,-0.001,28.69,28.86,28.62,28.48,15.11,15.11,18.15,15.18,0.311,0.253,0.256,15.91,22.3,21.9
"2013-08-02 16:00:00",38300,0,0.329,0.335,0.327,0.322,-0.002,-0.002,0.05,-0.001,28.67,28.85,28.62,28.48,15.1,15.1,18.16,15.18,0.309,0.263,0.266,16.12,21.08,20.73
"2013-08-02 16:15:00",38301,0,0.329,0.335,0.327,0.321,-0.002,-0.002,0.05,-0.001,28.67,28.85,28.62,28.46,15.1,15.08,18.16,15.18,0.307,0.263,0.269,16.31,21.04,20.41
"2013-08-02 16:30:00",38302,0,0.329,0.335,0.327,0.321,-0.002,-0.002,0.05,-0.001,28.67,28.85,28.62,28.46,15.1,15.08,18.16,15.18,0.306,0.263,0.284,16.47,21.07,18.8
"2013-08-02 16:45:00",38303,0,0.328,0.335,0.327,0.322,-0.002,-0.002,0.05,-0.001,28.66,28.85,28.62,28.47,15.1,15.08,18.16,15.16,0.305,0.276,0.294,16.59,19.63,17.74
"2013-08-02 17:00:00",38304,0,0.328,0.335,0.326,0.321,-0.002,-0.002,0.05,-0.001,28.66,28.85,28.61,28.46,15.08,15.08,18.16,15.16,0.304,0.291,0.303,16.67,17.97,16.75
"2013-08-02 17:15:00",38305,0,0.329,0.334,0.326,0.321,-0.002,-0.002,0.05,-0.001,28.67,28.84,28.61,28.46,15.07,15.07,18.16,15.15,0.303,0.303,0.316,16.72,16.73,15.47
"2013-08-02 17:30:00",38306,0,0.328,0.334,0.326,0.321,-0.002,-0.002,0.05,0,28.66,28.84,28.61,28.44,15.08,15.07,18.16,15.19,0.303,0.316,0.328,16.73,15.4,14.22
"2013-08-02 17:45:00",38307,0,0.328,0.334,0.326,0.321,-0.002,-0.002,0.05,0,28.66,28.82,28.61,28.44,15.07,15.07,18.16,15.19,0.303,0.32,0.335,16.71,15.02,13.54
"2013-08-02 18:00:00",38308,0,0.328,0.334,0.326,0.32,-0.002,-0.002,0.05,0.001,28.66,28.82,28.59,28.43,15.07,15.07,18.16,15.3,0.304,0.328,0.342,16.65,14.24,12.95
"2013-08-02 18:15:00",38309,0,0.328,0.334,0.326,0.321,-0.002,-0.002,0.05,0.002,28.66,28.84,28.59,28.44,15.07,15.07,18.16,15.37,0.305,0.334,0.344,16.58,13.7,12.71
"2013-08-02 18:30:00",38310,0,0.328,0.334,0.326,0.32,-0.002,-0.002,0.05,0.002,28.65,28.82,28.59,28.43,15.07,15.08,18.16,15.35,0.306,0.33,0.345,16.48,14.07,12.61
"2013-08-02 18:45:00",38311,0,0.328,0.334,0.326,0.32,-0.002,-0.002,0.05,0.002,28.65,28.82,28.59,28.43,15.08,15.07,18.16,15.35,0.307,0.322,0.341,16.37,14.82,13.02
"2013-08-02 19:00:00",38312,0,0.328,0.334,0.326,0.321,-0.002,-0.002,0.05,-0.001,28.66,28.84,28.59,28.44,15.07,15.08,18.16,15.14,0.308,0.338,0.349,16.26,13.26,12.26
"2013-08-02 19:15:00",38313,0,0.328,0.334,0.325,0.32,-0.002,-0.002,0.05,-0.001,28.65,28.82,28.58,28.43,15.07,15.07,18.16,15.15,0.309,0.359,0.36,16.15,11.31,11.26
"2013-08-02 19:30:00",38314,0,0.328,0.334,0.325,0.32,-0.002,-0.002,0.05,-0.001,28.65,28.82,28.58,28.42,15.07,15.07,18.15,15.14,0.31,0.37,0.364,16.03,10.34,10.84
"2013-08-02 19:45:00",38315,0,0.328,0.334,0.325,0.32,-0.006,-0.006,0.05,-0.001,28.65,28.82,28.58,28.42,14.81,14.81,18.15,15.14,0.311,0.368,0.365,15.89,10.54,10.76
"2013-08-02 20:00:00",38316,0,0.328,0.334,0.326,0.32,-0.006,-0.006,0.05,-0.001,28.65,28.82,28.59,28.42,14.81,14.81,18.15,15.14,0.313,0.361,0.364,15.74,11.18,10.86
"2013-08-02 20:15:00",38317,0,0.328,0.334,0.325,0.32,-0.006,-0.006,0.05,-0.001,28.65,28.82,28.58,28.43,14.8,14.8,18.13,15.12,0.315,0.376,0.37,15.58,9.8,10.37
"2013-08-02 20:30:00",38318,0,0.328,0.334,0.325,0.32,-0.006,-0.006,0.05,-0.001,28.66,28.82,28.58,28.42,14.8,14.8,18.13,15.12,0.316,0.391,0.377,15.41,8.47,9.69
"2013-08-02 20:45:00",38319,0,0.328,0.334,0.325,0.32,-0.006,-0.006,0.05,-0.001,28.65,28.82,28.58,28.42,14.78,14.78,18.13,15.14,0.318,0.372,0.373,15.24,10.17,10.07
"2013-08-02 21:00:00",38320,0,0.328,0.334,0.325,0.32,-0.006,-0.006,0.05,-0.001,28.65,28.82,28.58,28.43,14.78,14.78,18.13,15.12,0.32,0.371,0.372,15.06,10.24,10.14
"2013-08-02 21:15:00",38321,0,0.328,0.334,0.325,0.32,-0.006,-0.006,0.049,-0.001,28.66,28.82,28.58,28.42,14.78,14.78,18.12,15.12,0.322,0.384,0.377,14.88,9.15,9.76
"2013-08-02 21:30:00",38322,0,0.328,0.333,0.325,0.32,-0.006,-0.007,0.049,-0.001,28.66,28.81,28.56,28.42,14.78,14.77,18.12,15.12,0.323,0.407,0.386,14.71,7.139,8.96
"2013-08-02 21:45:00",38323,0,0.328,0.333,0.325,0.32,-0.006,-0.007,0.049,-0.001,28.65,28.81,28.56,28.42,14.78,14.77,18.11,15.12,0.325,0.403,0.388,14.54,7.441,8.73
"2013-08-02 22:00:00",38324,0,0.328,0.333,0.325,0.32,-0.007,-0.007,0.049,-0.001,28.66,28.81,28.58,28.43,14.77,14.77,18.11,15.12,0.327,0.413,0.389,14.36,6.634,8.7
"2013-08-02 22:15:00",38325,0,0.328,0.333,0.325,0.32,-0.007,-0.007,0.049,-0.002,28.66,28.81,28.56,28.42,14.76,14.76,18.11,15.11,0.329,0.418,0.391,14.17,6.167,8.47
"2013-08-02 22:30:00",38326,0,0.328,0.333,0.325,0.32,-0.007,-0.007,0.049,-0.001,28.66,28.81,28.56,28.42,14.77,14.77,18.11,15.15,0.331,0.402,0.391,13.98,7.537,8.53
"2013-08-02 22:45:00",38327,0,0.328,0.334,0.325,0.32,-0.007,-0.007,0.049,-0.001,28.66,28.82,28.56,28.43,14.77,14.76,18.09,15.12,0.333,0.393,0.387,13.78,8.33,8.83
"2013-08-02 23:00:00",38328,0,0.328,0.334,0.325,0.32,-0.007,-0.007,0.049,0.004,28.66,28.82,28.58,28.42,14.77,14.77,18.11,15.52,0.335,0.39,0.387,13.59,8.59,8.86
"2013-08-02 23:15:00",38329,0,0.329,0.334,0.325,0.32,-0.007,-0.007,0.049,-0.001,28.67,28.82,28.56,28.43,14.77,14.77,18.11,15.15,0.337,0.385,0.385,13.42,9.01,9.04
"2013-08-02 23:30:00",38330,0,0.329,0.334,0.325,0.32,-0.006,-0.007,0.049,0.003,28.67,28.82,28.56,28.42,14.78,14.77,18.09,15.45,0.338,0.382,0.382,13.26,9.24,9.28
"2013-08-02 23:45:00",38331,0,0.328,0.334,0.325,0.32,-0.006,-0.006,0.049,-0.001,28.66,28.82,28.58,28.43,14.78,14.78,18.09,15.15,0.34,0.394,0.386,13.11,8.23,8.92
"2013-08-03 00:00:00",38332,0,0.329,0.334,0.325,0.32,-0.007,-0.007,0.049,-0.001,28.67,28.84,28.56,28.43,14.77,14.77,18.09,15.14,0.341,0.393,0.381,12.98,8.32,9.38
"2013-08-03 00:15:00",38333,0,0.328,0.334,0.325,0.32,-0.007,-0.007,0.049,-0.001,28.66,28.82,28.56,28.43,14.77,14.77,18.08,15.15,0.343,0.388,0.377,12.86,8.73,9.71
"2013-08-03 00:30:00",38334,0,0.328,0.334,0.325,0.32,-0.007,-0.007,0.049,-0.001,28.66,28.84,28.56,28.43,14.77,14.77,18.08,15.15,0.344,0.392,0.38,12.74,8.45,9.47
"2013-08-03 00:45:00",38335,0,0.329,0.334,0.325,0.32,-0.007,-0.006,0.049,-0.001,28.67,28.84,28.56,28.43,14.77,14.78,18.08,15.16,0.345,0.395,0.384,12.63,8.12,9.1
"2013-08-03 01:00:00",38336,0,0.328,0.334,0.325,0.32,-0.007,-0.007,0.049,-0.001,28.66,28.82,28.56,28.42,14.77,14.77,18.08,15.15,0.346,0.404,0.388,12.52,7.416,8.79
"2013-08-03 01:15:00",38337,0,0.328,0.334,0.325,0.32,-0.007,-0.007,0.049,-0.001,28.66,28.84,28.56,28.43,14.77,14.77,18.08,15.15,0.347,0.403,0.388,12.41,7.449,8.72
"2013-08-03 01:30:00",38338,0,0.328,0.334,0.325,0.32,-0.007,-0.007,0.049,-0.001,28.66,28.82,28.56,28.42,14.77,14.77,18.08,15.14,0.349,0.411,0.396,12.3,6.808,8.08
"2013-08-03 01:45:00",38339,0,0.329,0.334,0.325,0.32,-0.007,-0.007,0.048,-0.001,28.67,28.82,28.56,28.43,14.77,14.77,18.07,15.14,0.35,0.417,0.398,12.18,6.308,7.866
"2013-08-03 02:00:00",38340,0,0.328,0.334,0.325,0.32,-0.007,-0.007,0.048,-0.001,28.66,28.82,28.56,28.43,14.76,14.77,18.07,15.12,0.351,0.418,0.395,12.06,6.239,8.14
"2013-08-03 02:15:00",38341,0,0.328,0.334,0.325,0.32,-0.007,-0.007,0.048,-0.001,28.66,28.84,28.56,28.42,14.76,14.76,18.07,15.14,0.353,0.429,0.403,11.92,5.282,7.488
"2013-08-03 02:30:00",38342,0,0.328,0.334,0.324,0.32,-0.007,-0.007,0.048,-0.001,28.66,28.82,28.55,28.42,14.76,14.76,18.05,15.12,0.354,0.428,0.404,11.78,5.361,7.355
"2013-08-03 02:45:00",38343,0,0.328,0.334,0.325,0.32,-0.007,-0.007,0.048,-0.001,28.66,28.82,28.56,28.43,14.76,14.76,18.04,15.12,0.356,0.424,0.404,11.64,5.731,7.396
"2013-08-03 03:00:00",38344,0,0.329,0.334,0.325,0.32,-0.007,-0.007,0.048,-0.001,28.67,28.84,28.58,28.43,14.77,14.76,18.05,15.14,0.357,0.408,0.403,11.49,7.072,7.491
"2013-08-03 03:15:00",38345,0,0.329,0.334,0.325,0.32,-0.007,-0.007,0.048,-0.001,28.67,28.82,28.56,28.43,14.77,14.76,18.05,15.16,0.359,0.406,0.4,11.34,7.177,7.707
"2013-08-03 03:30:00",38346,0,0.329,0.334,0.325,0.32,-0.007,-0.007,0.048,-0.001,28.67,28.82,28.56,28.43,14.77,14.77,18.04,15.15,0.361,0.417,0.401,11.2,6.271,7.593
"2013-08-03 03:45:00",38347,0,0.329,0.334,0.324,0.32,-0.007,-0.007,0.048,0,28.67,28.82,28.55,28.43,14.76,14.77,18.05,15.19,0.362,0.419,0.403,11.07,6.151,7.459
"2013-08-03 04:00:00",38348,0,0.329,0.334,0.325,0.321,-0.007,-0.007,0.048,-0.001,28.67,28.82,28.56,28.44,14.77,14.77,18.04,15.16,0.363,0.416,0.404,10.94,6.325,7.405
"2013-08-03 04:15:00",38349,0,0.329,0.334,0.325,0.32,-0.007,-0.007,0.048,-0.001,28.67,28.82,28.56,28.43,14.77,14.77,18.04,15.16,0.365,0.418,0.406,10.83,6.187,7.238
"2013-08-03 04:30:00",38350,0,0.329,0.334,0.325,0.32,-0.007,-0.007,0.048,-0.001,28.67,28.84,28.56,28.43,14.77,14.77,18.03,15.15,0.366,0.421,0.408,10.71,5.979,7.079
"2013-08-03 04:45:00",38351,0,0.329,0.334,0.325,0.32,-0.007,-0.007,0.048,-0.001,28.67,28.82,28.56,28.43,14.76,14.76,18.04,15.15,0.367,0.422,0.408,10.59,5.881,6.999
"2013-08-03 05:00:00",38352,0,0.329,0.334,0.324,0.32,-0.007,-0.007,0.048,-0.001,28.67,28.84,28.55,28.43,14.76,14.76,18.04,15.15,0.369,0.429,0.41,10.47,5.306,6.895
"2013-08-03 05:15:00",38353,0,0.329,0.334,0.324,0.32,-0.007,-0.007,0.048,-0.001,28.67,28.82,28.55,28.43,14.74,14.76,18.03,15.15,0.37,0.447,0.415,10.36,3.806,6.49
"2013-08-03 05:30:00",38354,0,0.329,0.334,0.324,0.32,-0.007,-0.007,0.048,-0.001,28.67,28.82,28.55,28.43,14.74,14.74,18.03,15.18,0.371,0.436,0.413,10.24,4.679,6.645
"2013-08-03 05:45:00",38355,0,0.329,0.334,0.324,0.32,-0.007,-0.007,0.048,-0.001,28.67,28.84,28.55,28.43,14.74,14.74,18.03,15.16,0.373,0.438,0.414,10.11,4.518,6.572
"2013-08-03 06:00:00",38356,0,0.329,0.334,0.324,0.32,-0.007,-0.007,0.047,-0.001,28.69,28.82,28.55,28.43,14.74,14.74,18.01,15.18,0.374,0.449,0.418,9.98,3.638,6.237
"2013-08-03 06:15:00",38357,0,0.328,0.334,0.324,0.32,-0.007,-0.007,0.047,-0.001,28.66,28.84,28.55,28.43,14.73,14.73,18.01,15.15,0.375,0.46,0.422,9.86,2.753,5.828
"2013-08-03 06:30:00",38358,0,0.328,0.334,0.324,0.32,-0.007,-0.007,0.047,0,28.66,28.82,28.55,28.43,14.73,14.74,18,15.19,0.377,0.466,0.428,9.73,2.244,5.356
"2013-08-03 06:45:00",38359,0,0.329,0.334,0.324,0.32,-0.007,-0.007,0.047,-0.001,28.67,28.84,28.55,28.43,14.73,14.73,18,15.18,0.379,0.453,0.426,9.58,3.287,5.55
"2013-08-03 07:00:00",38360,0,0.329,0.334,0.324,0.32,-0.007,-0.007,0.047,-0.001,28.67,28.82,28.55,28.43,14.73,14.72,18,15.15,0.38,0.469,0.428,9.44,2.046,5.351
"2013-08-03 07:15:00",38361,0,0.329,0.334,0.324,0.32,-0.007,-0.008,0.047,-0.001,28.67,28.84,28.54,28.43,14.72,14.7,17.99,15.18,0.382,0.472,0.428,9.29,1.765,5.36
"2013-08-03 07:30:00",38362,0,0.329,0.334,0.325,0.32,-0.007,-0.007,0.047,-0.001,28.69,28.84,28.56,28.43,14.72,14.72,17.99,15.16,0.384,0.454,0.418,9.14,3.283,6.209
"2013-08-03 07:45:00",38363,0,0.329,0.334,0.325,0.321,-0.007,-0.007,0.047,-0.001,28.69,28.84,28.56,28.44,14.72,14.72,18,15.14,0.385,0.402,0.377,8.99,7.558,9.71
"2013-08-03 08:00:00",38364,0,0.329,0.335,0.325,0.321,-0.007,-0.007,0.047,-0.001,28.7,28.85,28.56,28.44,14.76,14.74,18,15.14,0.387,0.393,0.37,8.86,8.36,10.34
"2013-08-03 08:15:00",38365,0,0.329,0.335,0.325,0.321,-0.007,-0.007,0.047,-0.001,28.7,28.86,28.58,28.44,14.77,14.77,18.01,15.14,0.388,0.346,0.338,8.75,12.55,13.32
"2013-08-03 08:30:00",38366,0,0.329,0.335,0.325,0.321,-0.006,-0.006,0.048,-0.001,28.7,28.86,28.58,28.46,14.8,14.8,18.03,15.15,0.389,0.304,0.303,8.69,16.64,16.74
"2013-08-03 08:45:00",38367,0,0.329,0.335,0.326,0.321,-0.006,-0.006,0.048,-0.001,28.7,28.86,28.59,28.46,14.81,14.81,18.04,15.15,0.389,0.315,0.281,8.68,15.52,19.07
"2013-08-03 09:00:00",38368,0,0.329,0.335,0.326,0.322,-0.006,-0.006,0.048,-0.001,28.7,28.86,28.59,28.47,14.82,14.81,18.04,15.15,0.388,0.325,0.257,8.74,14.51,21.74
"2013-08-03 09:15:00",38369,0,0.33,0.335,0.326,0.321,-0.006,-0.005,0.048,-0.001,28.71,28.86,28.59,28.46,14.84,14.85,18.04,15.16,0.387,0.311,0.227,8.85,15.95,25.54
"2013-08-03 09:30:00",38370,0,0.329,0.335,0.326,0.322,-0.005,-0.005,0.048,-0.001,28.7,28.88,28.61,28.47,14.87,14.85,18.04,15.18,0.385,0.265,0.199,9,20.94,29.35
"2013-08-03 09:45:00",38371,0,0.329,0.335,0.326,0.322,-0.005,-0.005,0.048,-0.001,28.7,28.88,28.61,28.47,14.87,14.87,18.05,15.18,0.383,0.219,0.187,9.21,26.6,31.21
"2013-08-03 10:00:00",38372,0,0.329,0.335,0.326,0.322,-0.002,-0.002,0.048,-0.001,28.7,28.86,28.61,28.47,15.08,15.08,18.05,15.16,0.38,0.232,0.203,9.49,24.79,28.76
"2013-08-03 10:15:00",38373,0,0.329,0.335,0.326,0.322,-0.002,-0.002,0.048,0.001,28.7,28.86,28.61,28.47,15.08,15.08,18.05,15.3,0.376,0.237,0.266,9.81,24.26,20.84
"2013-08-03 10:30:00",38374,0,0.329,0.335,0.326,0.322,-0.002,-0.002,0.048,0.001,28.7,28.86,28.61,28.47,15.08,15.08,18.07,15.31,0.372,0.224,0.285,10.14,25.85,18.64
"2013-08-03 10:45:00",38375,0,0.329,0.335,0.326,0.321,-0.002,-0.002,0.048,0.001,28.69,28.86,28.61,28.46,15.1,15.1,18.07,15.31,0.369,0.231,0.278,10.48,25.11,19.46
"2013-08-03 11:00:00",38376,0,0.329,0.335,0.326,0.321,-0.004,-0.004,0.048,-0.001,28.7,28.86,28.59,28.46,14.95,14.95,18.07,15.18,0.364,0.235,0.229,10.85,24.45,25.4
"2013-08-03 11:15:00",38377,0,0.329,0.335,0.326,0.321,-0.005,-0.005,0.048,0.005,28.69,28.86,28.61,28.46,14.91,14.91,18.07,15.53,0.36,0.23,0.19,11.23,25.05,30.7
"2013-08-03 11:30:00",38378,0,0.329,0.335,0.326,0.321,-0.005,-0.005,0.049,0.005,28.69,28.86,28.59,28.46,14.89,14.88,18.08,15.53,0.356,0.227,0.189,11.6,25.53,30.83
"2013-08-03 11:45:00",38379,0,0.329,0.335,0.326,0.321,-0.005,-0.005,0.049,0.004,28.69,28.86,28.59,28.46,14.87,14.87,18.08,15.52,0.352,0.215,0.191,12.01,27.03,30.5
"2013-08-03 12:00:00",38380,0,0.329,0.335,0.326,0.321,-0.005,-0.005,0.049,0.004,28.69,28.85,28.59,28.46,14.88,14.88,18.08,15.46,0.347,0.26,0.199,12.42,21.53,29.35
"2013-08-03 12:15:00",38381,0,0.329,0.335,0.326,0.321,-0.005,-0.005,0.049,-0.001,28.69,28.85,28.59,28.46,14.88,14.87,18.09,15.18,0.343,0.267,0.21,12.79,20.63,27.75
"2013-08-03 12:30:00",38382,0,0.329,0.335,0.326,0.321,-0.005,-0.005,0.049,-0.001,28.69,28.85,28.59,28.44,14.88,14.88,18.09,15.18,0.34,0.251,0.208,13.13,22.51,28.08
"2013-08-03 12:45:00",38383,0,0.329,0.335,0.326,0.321,-0.005,-0.005,0.049,-0.001,28.67,28.85,28.59,28.44,14.87,14.87,18.11,15.18,0.336,0.235,0.238,13.45,24.49,24.08
"2013-08-03 13:00:00",38384,0,0.328,0.335,0.325,0.321,-0.005,-0.005,0.049,-0.001,28.66,28.85,28.58,28.44,14.87,14.88,18.11,15.18,0.333,0.229,0.256,13.78,25.27,21.94
"2013-08-03 13:15:00",38385,0,0.329,0.335,0.326,0.32,-0.005,-0.005,0.049,-0.001,28.67,28.85,28.59,28.43,14.87,14.87,18.12,15.18,0.329,0.251,0.236,14.15,22.57,24.4
"2013-08-03 13:30:00",38386,0,0.328,0.335,0.326,0.32,-0.005,-0.005,0.049,-0.001,28.66,28.85,28.59,28.43,14.88,14.87,18.12,15.18,0.325,0.228,0.227,14.56,25.37,25.44
"2013-08-03 13:45:00",38387,0,0.328,0.334,0.325,0.32,-0.005,-0.005,0.049,-0.001,28.66,28.84,28.58,28.43,14.87,14.87,18.12,15.18,0.321,0.261,0.202,14.95,21.36,29.21
"2013-08-03 14:00:00",38388,0,0.328,0.335,0.325,0.32,-0.005,-0.005,0.05,-0.001,28.66,28.85,28.58,28.43,14.87,14.87,18.13,15.16,0.318,0.254,0.237,15.28,22.13,24.35
"2013-08-03 14:15:00",38389,0,0.328,0.334,0.325,0.32,-0.005,-0.005,0.05,-0.001,28.66,28.84,28.58,28.42,14.87,14.87,18.15,15.18,0.315,0.246,0.215,15.52,23.07,27.21
"2013-08-03 14:30:00",38390,0,0.328,0.334,0.325,0.32,-0.005,-0.005,0.05,-0.001,28.65,28.84,28.58,28.42,14.87,14.87,18.15,15.18,0.313,0.244,0.226,15.73,23.31,25.65
"2013-08-03 14:45:00",38391,0,0.327,0.334,0.325,0.32,-0.005,-0.005,0.05,-0.001,28.63,28.84,28.58,28.42,14.87,14.87,18.15,15.16,0.311,0.252,0.244,15.96,22.38,23.35
"2013-08-03 15:00:00",38392,0,0.327,0.334,0.325,0.319,-0.005,-0.005,0.05,-0.001,28.63,28.84,28.58,28.4,14.85,14.87,18.15,15.15,0.309,0.271,0.256,16.19,20.18,21.88
"2013-08-03 15:15:00",38393,0,0.327,0.334,0.325,0.319,-0.005,-0.005,0.05,-0.001,28.63,28.82,28.56,28.4,14.87,14.87,18.17,15.16,0.306,0.267,0.267,16.41,20.68,20.62
"2013-08-03 15:30:00",38394,0,0.327,0.334,0.325,0.319,-0.005,-0.005,0.05,-0.001,28.63,28.82,28.58,28.39,14.88,14.88,18.16,15.15,0.304,0.277,0.272,16.61,19.54,20.11
"2013-08-03 15:45:00",38395,0,0.327,0.334,0.325,0.319,-0.005,-0.005,0.05,-0.001,28.63,28.82,28.58,28.4,14.88,14.88,18.16,15.15,0.303,0.278,0.28,16.77,19.4,19.23
"2013-08-03 16:00:00",38396,0,0.327,0.334,0.325,0.319,-0.005,-0.005,0.05,-0.001,28.63,28.82,28.56,28.39,14.87,14.87,18.16,15.15,0.302,0.284,0.288,16.9,18.71,18.35
"2013-08-03 16:15:00",38397,0,0.327,0.334,0.325,0.319,-0.005,-0.005,0.05,-0.001,28.62,28.82,28.58,28.39,14.87,14.87,18.17,15.15,0.301,0.281,0.284,16.99,19.05,18.79
"2013-08-03 16:30:00",38398,0,0.327,0.333,0.325,0.319,-0.005,-0.005,0.05,-0.001,28.62,28.81,28.56,28.37,14.85,14.85,18.17,15.16,0.3,0.291,0.298,17.06,18.04,17.28
"2013-08-03 16:45:00",38399,0,0.327,0.333,0.325,0.319,-0.005,-0.005,0.05,-0.001,28.62,28.81,28.56,28.37,14.87,14.85,18.17,15.15,0.3,0.302,0.311,17.08,16.83,15.99
"2013-08-03 17:00:00",38400,0,0.326,0.333,0.325,0.318,-0.005,-0.005,0.05,-0.001,28.61,28.81,28.56,28.36,14.85,14.85,18.17,15.14,0.3,0.311,0.317,17.06,15.96,15.34
"2013-08-03 17:15:00",38401,0,0.326,0.333,0.324,0.318,-0.006,-0.006,0.05,-0.001,28.61,28.81,28.55,28.36,14.82,14.82,18.16,15.14,0.3,0.319,0.326,17.01,15.18,14.49
"2013-08-03 17:30:00",38402,0,0.326,0.333,0.324,0.318,-0.006,-0.006,0.05,-0.001,28.61,28.8,28.55,28.36,14.82,14.82,18.17,15.14,0.301,0.327,0.332,16.94,14.31,13.84
"2013-08-03 17:45:00",38403,0,0.326,0.333,0.324,0.318,-0.006,-0.006,0.05,-0.001,28.59,28.8,28.55,28.36,14.81,14.81,18.17,15.14,0.302,0.335,0.339,16.83,13.63,13.17
"2013-08-03 18:00:00",38404,0,0.326,0.333,0.324,0.318,-0.006,-0.006,0.05,-0.001,28.61,28.8,28.55,28.36,14.81,14.8,18.17,15.12,0.303,0.338,0.343,16.71,13.31,12.84
"2013-08-03 18:15:00",38405,0,0.326,0.333,0.324,0.318,-0.006,-0.006,0.05,-0.001,28.59,28.8,28.55,28.35,14.81,14.81,18.17,15.12,0.305,0.338,0.344,16.56,13.31,12.72
"2013-08-03 18:30:00",38406,0,0.326,0.333,0.324,0.318,-0.006,-0.006,0.05,-0.001,28.59,28.8,28.54,28.35,14.81,14.8,18.16,15.14,0.306,0.342,0.346,16.41,12.91,12.58
"2013-08-03 18:45:00",38407,0,0.326,0.333,0.324,0.318,-0.006,-0.006,0.05,-0.001,28.59,28.8,28.55,28.35,14.81,14.8,18.16,15.14,0.308,0.342,0.348,16.25,12.91,12.32
"2013-08-03 19:00:00",38408,0,0.326,0.333,0.324,0.318,-0.006,-0.006,0.05,-0.001,28.59,28.8,28.55,28.35,14.81,14.8,18.16,15.12,0.309,0.341,0.347,16.09,13.04,12.45
"2013-08-03 19:15:00",38409,0,0.326,0.333,0.324,0.317,-0.006,-0.006,0.05,-0.001,28.59,28.8,28.55,28.33,14.81,14.81,18.16,15.12,0.311,0.348,0.353,15.94,12.4,11.91
"2013-08-03 19:30:00",38410,0,0.326,0.333,0.324,0.318,-0.006,-0.006,0.05,-0.001,28.59,28.8,28.54,28.35,14.81,14.8,18.16,15.12,0.313,0.349,0.358,15.78,12.29,11.4
"2013-08-03 19:45:00",38411,0,0.326,0.333,0.324,0.318,-0.006,-0.006,0.05,-0.001,28.59,28.8,28.54,28.35,14.81,14.8,18.16,15.12,0.314,0.345,0.356,15.62,12.59,11.58
"2013-08-03 20:00:00",38412,0,0.326,0.333,0.324,0.317,-0.006,-0.006,0.05,-0.001,28.59,28.8,28.54,28.33,14.81,14.81,18.16,15.12,0.316,0.35,0.358,15.46,12.15,11.45
"2013-08-03 20:15:00",38413,0,0.326,0.333,0.324,0.317,-0.006,-0.006,0.05,-0.001,28.59,28.8,28.54,28.33,14.8,14.8,18.15,15.12,0.317,0.357,0.361,15.3,11.51,11.13
"2013-08-03 20:30:00",38414,0,0.326,0.333,0.324,0.317,-0.006,-0.006,0.05,-0.001,28.59,28.8,28.54,28.33,14.8,14.8,18.15,15.12,0.319,0.356,0.361,15.15,11.63,11.16
"2013-08-03 20:45:00",38415,0,0.326,0.333,0.324,0.317,-0.006,-0.006,0.05,-0.001,28.59,28.8,28.54,28.33,14.8,14.8,18.13,15.12,0.321,0.362,0.365,14.99,11.03,10.78
"2013-08-03 21:00:00",38416,0,0.326,0.333,0.324,0.318,-0.006,-0.006,0.05,-0.001,28.59,28.8,28.52,28.35,14.8,14.8,18.13,15.12,0.322,0.362,0.367,14.84,11.09,10.61
"2013-08-03 21:15:00",38417,0,0.325,0.333,0.324,0.317,-0.006,-0.006,0.05,-0.002,28.58,28.8,28.52,28.33,14.8,14.8,18.13,15.11,0.324,0.372,0.372,14.69,10.14,10.2
"2013-08-03 21:30:00",38418,0,0.326,0.333,0.324,0.317,-0.006,-0.006,0.049,-0.002,28.59,28.8,28.52,28.32,14.78,14.78,18.12,15.11,0.325,0.386,0.378,14.53,8.98,9.61
"2013-08-03 21:45:00",38419,0,0.326,0.332,0.324,0.317,-0.006,-0.006,0.049,-0.002,28.59,28.78,28.52,28.33,14.78,14.78,18.12,15.11,0.327,0.393,0.382,14.38,8.31,9.28
"2013-08-03 22:00:00",38420,0,0.326,0.333,0.324,0.317,-0.007,-0.007,0.049,-0.002,28.59,28.8,28.52,28.33,14.77,14.77,18.11,15.11,0.328,0.406,0.386,14.23,7.199,8.9
"2013-08-03 22:15:00",38421,0,0.326,0.333,0.323,0.317,-0.007,-0.007,0.049,-0.002,28.59,28.8,28.51,28.33,14.77,14.77,18.11,15.11,0.33,0.401,0.386,14.06,7.613,8.94
"2013-08-03 22:30:00",38422,0,0.326,0.333,0.324,0.317,-0.007,-0.007,0.049,-0.002,28.59,28.8,28.52,28.33,14.77,14.76,18.11,15.11,0.332,0.402,0.386,13.9,7.58,8.96
"2013-08-03 22:45:00",38423,0,0.325,0.333,0.323,0.317,-0.007,-0.007,0.049,-0.001,28.58,28.8,28.51,28.33,14.77,14.77,18.11,15.12,0.333,0.394,0.386,13.73,8.23,8.94
"2013-08-03 23:00:00",38424,0,0.326,0.333,0.324,0.317,-0.007,-0.007,0.049,-0.002,28.59,28.8,28.52,28.33,14.77,14.77,18.11,15.11,0.335,0.391,0.386,13.56,8.52,8.91
"2013-08-03 23:15:00",38425,0,0.325,0.333,0.324,0.317,-0.007,-0.007,0.049,-0.002,28.58,28.8,28.52,28.33,14.77,14.77,18.09,15.11,0.337,0.395,0.386,13.4,8.18,8.91
"2013-08-03 23:30:00",38426,0,0.326,0.333,0.324,0.317,-0.007,-0.007,0.049,-0.002,28.59,28.8,28.52,28.33,14.77,14.77,18.09,15.11,0.339,0.382,0.381,13.24,9.27,9.38
"2013-08-03 23:45:00",38427,0,0.326,0.333,0.324,0.318,-0.006,-0.007,0.049,-0.001,28.59,28.8,28.52,28.35,14.78,14.77,18.11,15.12,0.34,0.378,0.374,13.09,9.61,10.02
"2013-08-04 00:00:00",38428,0,0.326,0.333,0.324,0.318,-0.006,-0.006,0.049,-0.001,28.59,28.8,28.52,28.35,14.78,14.78,18.11,15.12,0.342,0.376,0.374,12.95,9.82,9.95
"2013-08-04 00:15:00",38429,0,0.326,0.333,0.324,0.318,-0.006,-0.006,0.049,-0.001,28.59,28.8,28.52,28.35,14.78,14.78,18.09,15.12,0.343,0.372,0.371,12.83,10.14,10.23
"2013-08-04 00:30:00",38430,0,0.326,0.333,0.324,0.318,-0.006,-0.006,0.049,-0.001,28.61,28.8,28.52,28.35,14.78,14.78,18.09,15.12,0.344,0.377,0.373,12.72,9.76,10.12
"2013-08-04 00:45:00",38431,0,0.326,0.333,0.324,0.318,-0.006,-0.006,0.049,-0.001,28.59,28.8,28.52,28.35,14.78,14.78,18.09,15.12,0.345,0.375,0.374,12.63,9.91,10.03
"2013-08-04 01:00:00",38432,0,0.326,0.333,0.323,0.317,-0.006,-0.006,0.049,-0.001,28.59,28.8,28.51,28.33,14.78,14.78,18.08,15.14,0.346,0.371,0.373,12.54,10.29,10.11
"2013-08-04 01:15:00",38433,0,0.326,0.333,0.324,0.318,-0.006,-0.006,0.049,-0.001,28.59,28.8,28.52,28.35,14.78,14.78,18.08,15.12,0.347,0.38,0.377,12.45,9.42,9.68
"2013-08-04 01:30:00",38434,0,0.326,0.333,0.323,0.318,-0.006,-0.006,0.049,-0.001,28.59,28.8,28.51,28.35,14.78,14.78,18.09,15.12,0.348,0.384,0.38,12.37,9.14,9.46
"2013-08-04 01:45:00",38435,0,0.326,0.333,0.323,0.317,-0.006,-0.006,0.049,-0.001,28.59,28.8,28.51,28.33,14.78,14.78,18.08,15.12,0.349,0.394,0.385,12.29,8.2,9
"2013-08-04 02:00:00",38436,0,0.326,0.333,0.323,0.318,-0.006,-0.007,0.049,-0.001,28.59,28.8,28.51,28.35,14.78,14.77,18.08,15.12,0.35,0.388,0.384,12.2,8.76,9.09
"2013-08-04 02:15:00",38437,0,0.326,0.333,0.323,0.317,-0.007,-0.006,0.049,-0.001,28.59,28.8,28.51,28.33,14.77,14.78,18.08,15.12,0.351,0.39,0.383,12.1,8.58,9.23
"2013-08-04 02:30:00",38438,0,0.326,0.333,0.323,0.318,-0.006,-0.006,0.049,-0.001,28.61,28.81,28.51,28.35,14.78,14.78,18.08,15.12,0.352,0.373,0.379,12,10.13,9.56
"2013-08-04 02:45:00",38439,0,0.326,0.333,0.324,0.317,-0.006,-0.006,0.049,-0.001,28.59,28.81,28.52,28.33,14.8,14.78,18.08,15.14,0.353,0.358,0.371,11.91,11.46,10.28
"2013-08-04 03:00:00",38440,0,0.326,0.333,0.324,0.317,-0.006,-0.006,0.049,-0.001,28.59,28.81,28.52,28.33,14.8,14.8,18.08,15.14,0.354,0.35,0.363,11.83,12.16,10.98
"2013-08-04 03:15:00",38441,0,0.326,0.333,0.324,0.318,-0.006,-0.006,0.049,-0.001,28.59,28.81,28.52,28.35,14.8,14.8,18.08,15.15,0.354,0.347,0.36,11.77,12.41,11.22
"2013-08-04 03:30:00",38442,0,0.326,0.333,0.324,0.317,-0.006,-0.006,0.049,-0.001,28.61,28.81,28.52,28.33,14.8,14.8,18.08,15.14,0.355,0.348,0.36,11.74,12.36,11.2
"2013-08-04 03:45:00",38443,0,0.326,0.333,0.324,0.317,-0.006,-0.006,0.048,-0.001,28.59,28.81,28.52,28.33,14.8,14.8,18.07,15.15,0.355,0.352,0.365,11.72,11.99,10.83
"2013-08-04 04:00:00",38444,0,0.326,0.333,0.324,0.317,-0.006,-0.006,0.048,-0.001,28.59,28.81,28.52,28.33,14.81,14.8,18.07,15.14,0.355,0.353,0.365,11.72,11.93,10.76
"2013-08-04 04:15:00",38445,0,0.326,0.333,0.324,0.318,-0.006,-0.006,0.048,-0.001,28.59,28.8,28.52,28.35,14.78,14.8,18.07,15.14,0.355,0.361,0.367,11.71,11.15,10.58
"2013-08-04 04:30:00",38446,0,0.326,0.333,0.324,0.317,-0.006,-0.006,0.048,-0.001,28.59,28.8,28.52,28.33,14.8,14.8,18.07,15.14,0.355,0.376,0.373,11.7,9.78,10.04
"2013-08-04 04:45:00",38447,0,0.326,0.333,0.323,0.318,-0.006,-0.006,0.048,-0.001,28.59,28.81,28.51,28.35,14.78,14.78,18.05,15.14,0.355,0.39,0.38,11.69,8.59,9.42
"2013-08-04 05:00:00",38448,0,0.326,0.333,0.323,0.317,-0.006,-0.006,0.048,-0.001,28.59,28.8,28.51,28.33,14.78,14.78,18.05,15.12,0.356,0.388,0.383,11.66,8.72,9.17
"2013-08-04 05:15:00",38449,0,0.326,0.333,0.323,0.318,-0.007,-0.007,0.048,-0.001,28.59,28.81,28.5,28.35,14.77,14.77,18.07,15.12,0.356,0.386,0.384,11.61,8.9,9.15
"2013-08-04 05:30:00",38450,0,0.326,0.333,0.323,0.318,-0.007,-0.007,0.048,-0.001,28.59,28.8,28.5,28.35,14.77,14.77,18.07,15.12,0.357,0.401,0.388,11.56,7.651,8.8
"2013-08-04 05:45:00",38451,0,0.326,0.333,0.323,0.318,-0.006,-0.007,0.048,-0.001,28.59,28.8,28.5,28.35,14.78,14.77,18.04,15.12,0.357,0.422,0.4,11.49,5.833,7.755
"2013-08-04 06:00:00",38452,0,0.325,0.333,0.323,0.317,-0.007,-0.007,0.048,-0.001,28.58,28.8,28.5,28.33,14.76,14.76,18.04,15.14,0.358,0.409,0.399,11.41,6.935,7.792
"2013-08-04 06:15:00",38453,0,0.326,0.333,0.323,0.317,-0.007,-0.007,0.048,-0.001,28.59,28.8,28.5,28.33,14.76,14.77,18.05,15.14,0.359,0.412,0.4,11.32,6.73,7.706
"2013-08-04 06:30:00",38454,0,0.326,0.333,0.323,0.317,-0.007,-0.007,0.048,-0.001,28.59,28.8,28.51,28.33,14.76,14.77,18.05,15.12,0.36,0.4,0.394,11.2,7.722,8.2
"2013-08-04 06:45:00",38455,0,0.326,0.333,0.323,0.318,-0.007,-0.007,0.048,-0.001,28.59,28.81,28.51,28.35,14.77,14.77,18.04,15.12,0.362,0.402,0.395,11.1,7.551,8.16
"2013-08-04 07:00:00",38456,0,0.326,0.333,0.323,0.318,-0.007,-0.006,0.048,-0.001,28.61,28.81,28.51,28.35,14.77,14.78,18.04,15.15,0.363,0.379,0.385,10.99,9.52,8.97
"2013-08-04 07:15:00",38457,0,0.326,0.333,0.323,0.318,-0.006,-0.006,0.048,-0.001,28.59,28.81,28.5,28.35,14.78,14.78,18.04,15.15,0.364,0.376,0.379,10.89,9.81,9.58
"2013-08-04 07:30:00",38458,0,0.326,0.333,0.323,0.318,-0.006,-0.006,0.048,-0.001,28.59,28.81,28.51,28.35,14.78,14.78,18.05,15.15,0.365,0.374,0.379,10.81,10.01,9.56
"2013-08-04 07:45:00",38459,0,0.326,0.333,0.323,0.318,-0.006,-0.006,0.048,-0.001,28.59,28.81,28.51,28.35,14.8,14.78,18.05,15.15,0.365,0.372,0.377,10.75,10.15,9.68
"2013-08-04 08:00:00",38460,0,0.326,0.334,0.323,0.318,-0.006,-0.006,0.048,-0.001,28.59,28.82,28.51,28.36,14.8,14.78,18.04,15.15,0.366,0.354,0.355,10.7,11.79,11.71
"2013-08-04 08:15:00",38461,0,0.326,0.333,0.323,0.318,-0.006,-0.006,0.048,-0.001,28.61,28.81,28.51,28.35,14.81,14.81,18.05,15.16,0.366,0.334,0.33,10.67,13.72,14.12
"2013-08-04 08:30:00",38462,0,0.326,0.334,0.324,0.318,-0.006,-0.006,0.048,-0.001,28.61,28.82,28.52,28.35,14.82,14.82,18.07,15.15,0.367,0.326,0.316,10.66,14.45,15.43
"2013-08-04 08:45:00",38463,0,0.326,0.334,0.324,0.318,-0.006,-0.006,0.048,-0.001,28.61,28.82,28.52,28.36,14.82,14.82,18.07,15.16,0.366,0.334,0.32,10.68,13.68,15.09
"2013-08-04 09:00:00",38464,0,0.326,0.333,0.324,0.318,-0.006,-0.006,0.048,-0.001,28.61,28.81,28.52,28.35,14.82,14.82,18.07,15.16,0.366,0.326,0.304,10.75,14.46,16.66
"2013-08-04 09:15:00",38465,0,0.326,0.334,0.324,0.318,-0.006,-0.006,0.048,-0.001,28.61,28.82,28.52,28.36,14.84,14.84,18.05,15.16,0.365,0.311,0.263,10.84,15.96,21.13
"2013-08-04 09:30:00",38466,0,0.327,0.334,0.324,0.318,-0.005,-0.005,0.049,-0.001,28.62,28.82,28.52,28.35,14.87,14.85,18.08,15.18,0.363,0.27,0.212,10.95,20.37,27.54
"2013-08-04 09:45:00",38467,0,0.327,0.334,0.324,0.318,-0.005,-0.005,0.048,-0.001,28.62,28.82,28.52,28.36,14.85,14.85,18.07,15.18,0.361,0.25,0.194,11.12,22.66,30.18
"2013-08-04 10:00:00",38468,0,0.327,0.334,0.324,0.318,-0.005,-0.005,0.049,-0.001,28.62,28.82,28.52,28.36,14.87,14.85,18.08,15.18,0.359,0.251,0.199,11.34,22.57,29.41
"2013-08-04 10:15:00",38469,0,0.326,0.334,0.324,0.318,-0.005,-0.005,0.049,-0.001,28.61,28.82,28.52,28.35,14.87,14.85,18.09,15.18,0.356,0.24,0.244,11.62,23.81,23.52
"2013-08-04 10:30:00",38470,0,0.326,0.334,0.324,0.318,-0.005,-0.005,0.049,-0.001,28.61,28.82,28.54,28.36,14.87,14.87,18.08,15.18,0.353,0.256,0.265,11.91,22,20.83
"2013-08-04 10:45:00",38471,0,0.326,0.334,0.324,0.318,-0.005,-0.005,0.049,-0.001,28.61,28.82,28.52,28.36,14.85,14.87,18.08,15.18,0.349,0.247,0.256,12.22,22.95,21.87
"2013-08-04 11:00:00",38472,0,0.326,0.333,0.324,0.318,-0.004,-0.004,0.049,-0.001,28.61,28.81,28.52,28.36,14.96,14.95,18.09,15.18,0.346,0.235,0.207,12.55,24.49,28.33
"2013-08-04 11:15:00",38473,0,0.326,0.334,0.324,0.318,-0.002,-0.002,0.049,0,28.61,28.82,28.52,28.35,15.11,15.11,18.09,15.19,0.342,0.226,0.197,12.9,25.68,29.6
"2013-08-04 11:30:00",38474,0,0.326,0.334,0.324,0.317,-0.002,-0.002,0.049,-0.001,28.61,28.82,28.52,28.33,15.08,15.07,18.11,15.18,0.339,0.235,0.2,13.24,24.48,29.24
"2013-08-04 11:45:00",38475,0,0.326,0.333,0.324,0.317,-0.005,-0.005,0.049,-0.001,28.59,28.81,28.52,28.33,14.85,14.85,18.09,15.18,0.335,0.238,0.199,13.61,24.06,29.33
"2013-08-04 12:00:00",38476,0,0.326,0.333,0.324,0.317,-0.002,-0.002,0.049,-0.001,28.59,28.81,28.52,28.33,15.11,15.11,18.11,15.18,0.331,0.262,0.208,13.99,21.22,28.01
"2013-08-04 12:15:00",38477,0,0.326,0.333,0.323,0.317,-0.002,-0.002,0.049,-0.001,28.59,28.81,28.51,28.33,15.1,15.08,18.12,15.18,0.327,0.263,0.216,14.33,21.09,26.99
"2013-08-04 12:30:00",38478,0,0.325,0.333,0.324,0.317,-0.002,-0.002,0.049,0,28.58,28.81,28.52,28.33,15.07,15.07,18.12,15.19,0.324,0.234,0.22,14.63,24.67,26.4
"2013-08-04 12:45:00",38479,0,0.325,0.333,0.324,0.317,-0.002,-0.002,0.05,0,28.58,28.81,28.52,28.33,15.07,15.07,18.13,15.19,0.321,0.23,0.246,14.92,25.05,23.15
"2013-08-04 13:00:00",38480,0,0.325,0.333,0.323,0.317,-0.002,-0.002,0.05,-0.001,28.58,28.8,28.51,28.32,15.08,15.1,18.13,15.18,0.318,0.232,0.258,15.23,24.8,21.63
"2013-08-04 13:15:00",38481,0,0.325,0.333,0.323,0.317,-0.002,-0.002,0.05,-0.001,28.56,28.8,28.51,28.32,15.08,15.07,18.15,15.18,0.315,0.256,0.244,15.58,21.92,23.32
"2013-08-04 13:30:00",38482,0,0.325,0.333,0.323,0.316,-0.002,-0.002,0.05,0,28.56,28.8,28.51,28.31,15.07,15.08,18.15,15.19,0.311,0.234,0.246,15.94,24.58,23.05
"2013-08-04 13:45:00",38483,0,0.325,0.333,0.323,0.317,-0.002,-0.002,0.05,-0.001,28.56,28.8,28.51,28.32,15.07,15.07,18.15,15.18,0.308,0.255,0.239,16.26,22,24.02
"2013-08-04 14:00:00",38484,0,0.325,0.333,0.323,0.316,-0.002,-0.002,0.05,-0.001,28.56,28.8,28.51,28.31,15.07,15.07,18.15,15.18,0.305,0.252,0.256,16.54,22.39,21.96
"2013-08-04 14:15:00",38485,0,0.324,0.333,0.323,0.316,-0.002,-0.002,0.05,-0.001,28.55,28.8,28.51,28.31,15.07,15.07,18.16,15.18,0.303,0.237,0.252,16.74,24.23,22.37
"2013-08-04 14:30:00",38486,0,0.325,0.332,0.323,0.316,-0.002,-0.002,0.05,0,28.56,28.78,28.5,28.31,15.07,15.07,18.16,15.19,0.301,0.239,0.242,16.91,23.98,23.56
"2013-08-04 14:45:00",38487,0,0.324,0.333,0.323,0.316,-0.005,-0.005,0.05,-0.001,28.55,28.8,28.51,28.29,14.91,14.91,18.16,15.16,0.3,0.263,0.257,17.09,21.05,21.75
"2013-08-04 15:00:00",38488,0,0.324,0.332,0.323,0.316,-0.005,-0.005,0.05,-0.001,28.55,28.78,28.5,28.29,14.89,14.88,18.16,15.16,0.298,0.278,0.271,17.28,19.37,20.16
"2013-08-04 15:15:00",38489,0,0.324,0.332,0.323,0.316,-0.002,-0.002,0.05,-0.001,28.55,28.78,28.5,28.29,15.06,15.07,18.17,15.18,0.296,0.276,0.274,17.43,19.6,19.9
"2013-08-04 15:30:00",38490,0,0.324,0.332,0.323,0.316,-0.006,-0.006,0.05,-0.001,28.55,28.77,28.5,28.29,14.84,14.84,18.17,15.15,0.295,0.293,0.29,17.53,17.74,18.06
"2013-08-04 15:45:00",38491,0,0.324,0.332,0.323,0.316,-0.006,-0.006,0.05,-0.001,28.54,28.77,28.5,28.29,14.82,14.82,18.17,15.14,0.295,0.298,0.295,17.59,17.32,17.56
"2013-08-04 16:00:00",38492,0,0.324,0.332,0.322,0.315,-0.006,-0.006,0.05,-0.001,28.54,28.77,28.48,28.28,14.82,14.81,18.17,15.15,0.295,0.3,0.301,17.61,17.02,17
"2013-08-04 16:15:00",38493,0,0.324,0.332,0.322,0.315,-0.006,-0.006,0.05,-0.001,28.54,28.78,28.48,28.28,14.82,14.82,18.17,15.15,0.295,0.301,0.3,17.59,16.97,17.04
"2013-08-04 16:30:00",38494,0,0.324,0.332,0.323,0.315,-0.006,-0.006,0.05,-0.001,28.52,28.77,28.5,28.27,14.82,14.82,18.17,15.15,0.295,0.299,0.303,17.54,17.18,16.78
"2013-08-04 16:45:00",38495,0,0.324,0.332,0.323,0.315,-0.006,-0.006,0.05,-0.001,28.52,28.77,28.5,28.28,14.82,14.82,18.17,15.15,0.296,0.29,0.303,17.47,18.1,16.77
"2013-08-04 17:00:00",38496,0,0.324,0.332,0.322,0.315,-0.006,-0.006,0.05,-0.001,28.52,28.77,28.48,28.28,14.81,14.82,18.17,15.14,0.297,0.307,0.315,17.39,16.37,15.54
"2013-08-04 17:15:00",38497,0,0.324,0.331,0.322,0.315,-0.006,-0.006,0.05,-0.001,28.52,28.75,28.48,28.27,14.81,14.81,18.16,15.14,0.298,0.318,0.328,17.32,15.27,14.24
"2013-08-04 17:30:00",38498,0,0.324,0.332,0.322,0.315,-0.006,-0.006,0.05,-0.001,28.52,28.77,28.48,28.27,14.8,14.81,18.16,15.14,0.298,0.336,0.339,17.23,13.44,13.16
"2013-08-04 17:45:00",38499,0,0.324,0.331,0.322,0.315,-0.006,-0.006,0.05,-0.001,28.52,28.75,28.47,28.27,14.82,14.82,18.16,15.14,0.299,0.339,0.345,17.11,13.18,12.61
"2013-08-04 18:00:00",38500,0,0.324,0.331,0.322,0.314,-0.006,-0.006,0.05,-0.001,28.52,28.75,28.48,28.25,14.82,14.82,18.16,15.14,0.301,0.335,0.343,16.97,13.57,12.8
"2013-08-04 18:15:00",38501,0,0.323,0.331,0.322,0.315,-0.006,-0.006,0.05,-0.001,28.51,28.75,28.47,28.27,14.81,14.82,18.16,15.14,0.303,0.344,0.349,16.8,12.7,12.31
"2013-08-04 18:30:00",38502,0,0.324,0.332,0.322,0.315,-0.006,-0.006,0.05,-0.001,28.52,28.77,28.47,28.27,14.82,14.81,18.15,15.14,0.304,0.343,0.351,16.63,12.87,12.12
"2013-08-04 18:45:00",38503,0,0.323,0.332,0.322,0.314,-0.006,-0.006,0.05,-0.001,28.51,28.77,28.47,28.25,14.84,14.82,18.16,15.14,0.306,0.34,0.349,16.45,13.12,12.3
"2013-08-04 19:00:00",38504,0,0.323,0.332,0.322,0.314,-0.002,-0.002,0.05,-0.001,28.51,28.77,28.47,28.25,15.07,15.07,18.16,15.14,0.308,0.343,0.351,16.27,12.83,12.11
"2013-08-04 19:15:00",38505,0,0.323,0.332,0.321,0.314,-0.002,-0.002,0.05,-0.001,28.51,28.77,28.46,28.25,15.06,15.06,18.16,15.14,0.309,0.361,0.36,16.1,11.21,11.28
"2013-08-04 19:30:00",38506,0,0.323,0.331,0.322,0.314,-0.002,-0.002,0.05,-0.001,28.51,28.75,28.47,28.25,15.06,15.06,18.13,15.12,0.311,0.372,0.369,15.93,10.19,10.45
"2013-08-04 19:45:00",38507,0,0.323,0.331,0.321,0.314,-0.002,-0.002,0.05,-0.001,28.51,28.75,28.46,28.25,15.06,15.06,18.13,15.12,0.313,0.38,0.373,15.77,9.49,10.06
"2013-08-04 20:00:00",38508,0,0.323,0.331,0.321,0.314,-0.003,-0.003,0.05,-0.001,28.51,28.75,28.46,28.25,15.03,15.01,18.13,15.12,0.314,0.381,0.376,15.59,9.4,9.85
"2013-08-04 20:15:00",38509,0,0.323,0.331,0.321,0.314,-0.003,-0.003,0.05,-0.001,28.51,28.75,28.46,28.25,15.03,15.04,18.13,15.12,0.316,0.396,0.38,15.42,8.06,9.46
"2013-08-04 20:30:00",38510,0,0.323,0.331,0.321,0.314,-0.003,-0.003,0.049,-0.001,28.51,28.75,28.44,28.25,15,15,18.12,15.12,0.318,0.396,0.383,15.23,8.04,9.19
"2013-08-04 20:45:00",38511,0,0.323,0.331,0.321,0.314,-0.003,-0.003,0.049,-0.001,28.51,28.75,28.44,28.25,15.01,15.01,18.12,15.12,0.32,0.403,0.387,15.04,7.509,8.87
"2013-08-04 21:00:00",38512,0,0.323,0.331,0.321,0.314,-0.003,-0.003,0.049,-0.001,28.51,28.74,28.44,28.25,15.03,15.04,18.12,15.12,0.322,0.402,0.387,14.83,7.538,8.86
"2013-08-04 21:15:00",38513,0,0.323,0.331,0.321,0.314,-0.003,-0.003,0.049,-0.001,28.51,28.74,28.44,28.25,15,15,18.11,15.12,0.324,0.409,0.392,14.63,6.968,8.41
"2013-08-04 21:30:00",38514,0,0.323,0.331,0.321,0.314,-0.003,-0.003,0.049,-0.002,28.51,28.74,28.44,28.24,15,15,18.11,15.11,0.326,0.409,0.392,14.42,6.917,8.43
"2013-08-04 21:45:00",38515,0,0.323,0.331,0.321,0.314,-0.003,-0.003,0.049,-0.002,28.51,28.75,28.46,28.24,15.03,15.03,18.11,15.11,0.328,0.409,0.393,14.21,6.936,8.29
"2013-08-04 22:00:00",38516,0,0.323,0.331,0.321,0.314,-0.003,-0.003,0.049,-0.002,28.51,28.75,28.44,28.24,15.04,15.03,18.11,15.11,0.331,0.416,0.396,14,6.399,8.06
"2013-08-04 22:15:00",38517,0,0.323,0.331,0.321,0.314,-0.003,-0.003,0.049,-0.002,28.51,28.75,28.44,28.25,15.03,15.03,18.09,15.11,0.333,0.414,0.396,13.8,6.564,8.03
"2013-08-04 22:30:00",38518,0,0.323,0.331,0.321,0.314,-0.003,-0.003,0.049,-0.001,28.51,28.75,28.44,28.25,15.03,15.03,18.09,15.12,0.335,0.408,0.394,13.59,7.024,8.22
"2013-08-04 22:45:00",38519,0,0.323,0.331,0.321,0.314,-0.003,-0.003,0.049,-0.001,28.51,28.75,28.44,28.25,15.03,15.03,18.08,15.12,0.337,0.412,0.393,13.4,6.674,8.31
"2013-08-04 23:00:00",38520,0,0.323,0.331,0.321,0.314,-0.003,-0.003,0.049,-0.002,28.51,28.75,28.44,28.25,15.03,15.03,18.08,15.11,0.339,0.422,0.396,13.21,5.876,8.03
"2013-08-04 23:15:00",38521,0,0.323,0.331,0.321,0.314,-0.003,-0.003,0.049,-0.002,28.51,28.75,28.44,28.25,15.03,15.03,18.08,15.11,0.341,0.423,0.396,13.03,5.786,8.05
"2013-08-04 23:30:00",38522,0,0.323,0.331,0.32,0.314,-0.006,-0.005,0.049,-0.002,28.51,28.75,28.43,28.25,14.84,14.85,18.08,15.11,0.343,0.412,0.395,12.85,6.669,8.16
"2013-08-04 23:45:00",38523,0,0.324,0.332,0.32,0.314,-0.005,-0.005,0.049,-0.001,28.52,28.77,28.43,28.25,14.85,14.85,18.08,15.12,0.345,0.402,0.389,12.68,7.554,8.71
"2013-08-05 00:00:00",38524,0,0.324,0.332,0.321,0.314,-0.005,-0.005,0.049,-0.001,28.52,28.77,28.44,28.25,14.87,14.85,18.08,15.12,0.346,0.409,0.39,12.51,6.97,8.58
"2013-08-05 00:15:00",38525,0,0.323,0.332,0.32,0.314,-0.005,-0.005,0.049,-0.001,28.51,28.77,28.43,28.24,14.87,14.85,18.08,15.14,0.348,0.398,0.384,12.36,7.877,9.11
"2013-08-05 00:30:00",38526,0,0.324,0.331,0.321,0.314,-0.005,-0.005,0.049,-0.001,28.52,28.75,28.44,28.25,14.87,14.87,18.08,15.12,0.349,0.391,0.381,12.22,8.49,9.35
"2013-08-05 00:45:00",38527,0,0.324,0.332,0.321,0.314,-0.005,-0.005,0.049,-0.001,28.54,28.77,28.44,28.25,14.87,14.87,18.08,15.12,0.351,0.39,0.379,12.09,8.54,9.58
"2013-08-05 01:00:00",38528,0,0.324,0.332,0.321,0.314,-0.005,-0.005,0.048,-0.001,28.52,28.77,28.44,28.25,14.88,14.88,18.07,15.14,0.352,0.387,0.377,11.98,8.87,9.71
"2013-08-05 01:15:00",38529,0,0.324,0.332,0.32,0.314,-0.005,-0.005,0.048,-0.001,28.52,28.77,28.43,28.25,14.88,14.88,18.07,15.14,0.353,0.388,0.38,11.88,8.75,9.48
"2013-08-05 01:30:00",38530,0,0.324,0.332,0.321,0.315,-0.005,-0.005,0.048,-0.001,28.54,28.78,28.44,28.27,14.88,14.87,18.07,15.14,0.354,0.376,0.376,11.8,9.83,9.81
"2013-08-05 01:45:00",38531,0,0.324,0.332,0.321,0.315,-0.005,-0.005,0.049,-0.001,28.52,28.77,28.44,28.27,14.88,14.88,18.08,15.14,0.355,0.372,0.374,11.72,10.2,10
"2013-08-05 02:00:00",38532,0,0.324,0.332,0.321,0.315,-0.005,-0.005,0.048,-0.001,28.52,28.77,28.44,28.27,14.88,14.88,18.07,15.14,0.356,0.375,0.376,11.66,9.9,9.82
"2013-08-05 02:15:00",38533,0,0.324,0.332,0.321,0.315,-0.005,-0.005,0.048,-0.001,28.52,28.77,28.44,28.27,14.88,14.88,18.05,15.14,0.356,0.37,0.376,11.6,10.36,9.78
"2013-08-05 02:30:00",38534,0,0.324,0.332,0.321,0.314,-0.005,-0.005,0.048,-0.001,28.54,28.77,28.44,28.25,14.88,14.88,18.07,15.14,0.357,0.387,0.383,11.55,8.86,9.21
"2013-08-05 02:45:00",38535,0,0.324,0.332,0.32,0.314,-0.005,-0.005,0.048,-0.001,28.52,28.77,28.43,28.25,14.88,14.88,18.04,15.12,0.357,0.416,0.396,11.5,6.36,8.03
"2013-08-05 03:00:00",38536,0,0.324,0.332,0.32,0.314,-0.006,-0.006,0.048,-0.001,28.52,28.77,28.43,28.25,14.84,14.84,18.05,15.12,0.358,0.42,0.402,11.44,6.029,7.531
"2013-08-05 03:15:00",38537,0,0.324,0.331,0.32,0.314,-0.006,-0.006,0.048,-0.001,28.52,28.75,28.43,28.25,14.81,14.81,18.04,15.12,0.359,0.431,0.407,11.36,5.135,7.114
"2013-08-05 03:30:00",38538,0,0.324,0.331,0.32,0.314,-0.007,-0.007,0.048,-0.002,28.52,28.75,28.43,28.25,14.76,14.77,18.04,15.11,0.36,0.426,0.407,11.26,5.543,7.126
"2013-08-05 03:45:00",38539,0,0.323,0.332,0.32,0.314,-0.006,-0.007,0.048,-0.002,28.51,28.77,28.43,28.25,14.78,14.77,18.04,15.11,0.361,0.428,0.408,11.14,5.348,7.003
"2013-08-05 04:00:00",38540,0,0.323,0.332,0.32,0.314,-0.003,-0.003,0.048,-0.001,28.51,28.77,28.42,28.25,14.99,14.99,18.03,15.12,0.363,0.428,0.409,11.01,5.398,6.987
"2013-08-05 04:15:00",38541,0,0.324,0.332,0.32,0.314,-0.003,-0.003,0.048,-0.001,28.52,28.77,28.43,28.25,14.99,14.99,18.03,15.12,0.364,0.415,0.404,10.88,6.455,7.395
"2013-08-05 04:30:00",38542,0,0.324,0.332,0.32,0.314,-0.003,-0.003,0.048,-0.002,28.52,28.77,28.43,28.25,14.99,15,18.04,15.11,0.365,0.413,0.403,10.76,6.61,7.436
"2013-08-05 04:45:00",38543,0,0.324,0.332,0.32,0.315,-0.003,-0.003,0.048,-0.001,28.52,28.77,28.43,28.27,15,15,18.04,15.12,0.367,0.408,0.402,10.64,7.072,7.554
"2013-08-05 05:00:00",38544,44.2,0.324,0.331,0.32,0.315,-0.003,-0.003,0.048,0,28.52,28.75,28.42,28.27,15,15,18.03,15.19,0.368,0.423,0.406,10.53,5.786,7.187
"2013-08-05 05:15:00",38545,15.6,0.333,0.332,0.32,0.315,-0.003,-0.003,0.048,-0.001,28.81,28.78,28.43,28.28,15,15,18.03,15.16,0.369,0.427,0.409,10.43,5.462,6.921
"2013-08-05 05:30:00",38546,0,0.333,0.333,0.32,0.316,-0.003,-0.003,0.047,-0.001,28.81,28.8,28.43,28.29,15,15,18.01,15.15,0.37,0.438,0.414,10.32,4.544,6.538
"2013-08-05 05:45:00",38547,0,0.333,0.333,0.321,0.316,-0.003,-0.003,0.047,-0.001,28.81,28.8,28.44,28.31,15.03,15.03,18.01,15.15,0.371,0.436,0.414,10.21,4.741,6.505
"2013-08-05 06:00:00",38548,0,0.333,0.333,0.321,0.317,-0.003,-0.003,0.047,-0.001,28.8,28.81,28.44,28.32,15,15,18,15.15,0.373,0.441,0.418,10.1,4.33,6.201
"2013-08-05 06:15:00",38549,0,0.333,0.333,0.321,0.317,-0.003,-0.003,0.047,0.006,28.8,28.81,28.44,28.33,15.03,15.03,18,15.61,0.374,0.448,0.421,9.98,3.752,5.949
"2013-08-05 06:30:00",38550,0,0.333,0.333,0.321,0.318,-0.003,-0.003,0.047,-0.001,28.8,28.81,28.46,28.35,14.99,14.99,18,15.14,0.376,0.451,0.422,9.85,3.445,5.861
"2013-08-05 06:45:00",38551,0,0.332,0.334,0.322,0.318,-0.003,-0.004,0.047,-0.001,28.78,28.82,28.47,28.35,14.99,14.97,18,15.14,0.377,0.449,0.421,9.72,3.665,5.916
"2013-08-05 07:00:00",38552,0,0.332,0.334,0.322,0.318,-0.003,-0.003,0.047,-0.001,28.78,28.84,28.47,28.36,14.99,14.99,18,15.14,0.379,0.448,0.419,9.59,3.706,6.107
"2013-08-05 07:15:00",38553,0,0.332,0.334,0.322,0.319,-0.003,-0.003,0.047,-0.001,28.78,28.84,28.47,28.37,14.99,14.99,17.99,15.14,0.38,0.448,0.419,9.45,3.716,6.096
"2013-08-05 07:30:00",38554,0,0.332,0.334,0.322,0.319,-0.003,-0.003,0.047,-0.001,28.78,28.84,28.47,28.37,14.99,15,18,15.14,0.382,0.433,0.411,9.32,4.94,6.774
"2013-08-05 07:45:00",38555,0,0.332,0.334,0.322,0.319,-0.003,-0.003,0.047,-0.001,28.78,28.84,28.48,28.39,15,15,18,15.15,0.383,0.392,0.381,9.2,8.4,9.4
"2013-08-05 08:00:00",38556,0,0.332,0.335,0.323,0.319,-0.003,-0.003,0.047,-0.001,28.78,28.85,28.5,28.39,15.01,15,18,15.16,0.384,0.381,0.366,9.09,9.36,10.67
"2013-08-05 08:15:00",38557,0,0.333,0.335,0.323,0.32,-0.003,-0.003,0.047,-0.001,28.8,28.86,28.51,28.42,15.03,15.03,18.01,15.18,0.385,0.333,0.337,9,13.77,13.45
"2013-08-05 08:30:00",38558,0,0.333,0.335,0.324,0.32,-0.003,-0.003,0.048,0,28.8,28.88,28.52,28.42,15.04,15.04,18.03,15.2,0.386,0.316,0.307,8.95,15.41,16.35
"2013-08-05 08:45:00",38559,0,0.332,0.335,0.324,0.32,-0.002,-0.002,0.048,0,28.78,28.88,28.52,28.43,15.07,15.07,18.03,15.19,0.386,0.317,0.283,8.94,15.38,18.88
"2013-08-05 09:00:00",38560,0,0.333,0.335,0.324,0.32,-0.002,-0.002,0.048,0,28.8,28.88,28.52,28.43,15.07,15.07,18.04,15.2,0.385,0.309,0.231,9,16.19,24.99
"2013-08-05 09:15:00",38561,0,0.333,0.335,0.324,0.32,-0.002,-0.002,0.048,0,28.8,28.88,28.54,28.43,15.1,15.11,18.04,15.2,0.384,0.305,0.215,9.12,16.51,27.15
"2013-08-05 09:30:00",38562,0,0.333,0.335,0.324,0.32,-0.006,-0.006,0.048,0,28.8,28.88,28.55,28.43,14.82,14.82,18.04,15.22,0.382,0.273,0.198,9.28,20.01,29.56
"2013-08-05 09:45:00",38563,0,0.333,0.335,0.324,0.321,-0.006,-0.006,0.048,0,28.8,28.88,28.54,28.44,14.84,14.84,18.04,15.2,0.38,0.265,0.194,9.5,20.82,30.13
"2013-08-05 10:00:00",38564,0,0.333,0.336,0.324,0.321,-0.005,-0.005,0.048,0,28.8,28.89,28.55,28.44,14.85,14.85,18.04,15.2,0.377,0.257,0.188,9.76,21.83,30.96
"2013-08-05 10:15:00",38565,0,0.332,0.336,0.324,0.321,-0.005,-0.005,0.048,0,28.78,28.89,28.55,28.44,14.85,14.85,18.04,15.22,0.373,0.251,0.254,10.07,22.47,22.23
"2013-08-05 10:30:00",38566,0,0.332,0.335,0.324,0.321,-0.005,-0.005,0.048,0,28.78,28.88,28.55,28.44,14.85,14.85,18.05,15.19,0.37,0.247,0.28,10.38,23.01,19.13
"2013-08-05 10:45:00",38567,0,0.332,0.336,0.324,0.321,-0.005,-0.005,0.048,0,28.78,28.89,28.55,28.46,14.87,14.88,18.05,15.2,0.366,0.249,0.273,10.72,22.76,19.97
"2013-08-05 11:00:00",38568,0,0.332,0.335,0.324,0.321,-0.005,-0.005,0.048,0,28.78,28.88,28.55,28.46,14.88,14.88,18.07,15.2,0.362,0.236,0.207,11.09,24.37,28.36
"2013-08-05 11:15:00",38569,0,0.332,0.336,0.324,0.321,-0.005,-0.005,0.048,0,28.77,28.89,28.55,28.44,14.88,14.88,18.07,15.2,0.357,0.234,0.19,11.49,24.55,30.65
"2013-08-05 11:30:00",38570,0,0.332,0.336,0.324,0.321,-0.005,-0.005,0.048,0,28.77,28.89,28.55,28.44,14.87,14.87,18.07,15.2,0.353,0.235,0.196,11.88,24.45,29.85
"2013-08-05 11:45:00",38571,0,0.332,0.336,0.324,0.321,-0.005,-0.005,0.049,-0.001,28.77,28.89,28.55,28.46,14.87,14.87,18.08,15.18,0.349,0.24,0.202,12.3,23.83,28.85
"2013-08-05 12:00:00",38572,0,0.331,0.335,0.324,0.321,-0.005,-0.005,0.049,0,28.75,28.88,28.55,28.46,14.87,14.87,18.09,15.19,0.344,0.267,0.21,12.72,20.69,27.76
"2013-08-05 12:15:00",38573,0,0.331,0.335,0.324,0.321,-0.005,-0.005,0.049,0,28.75,28.88,28.55,28.44,14.87,14.87,18.09,15.19,0.34,0.263,0.21,13.13,21.11,27.83
"2013-08-05 12:30:00",38574,0,0.331,0.335,0.324,0.321,-0.005,-0.005,0.049,0,28.74,28.88,28.55,28.44,14.88,14.87,18.09,15.2,0.336,0.229,0.213,13.5,25.24,27.35
"2013-08-05 12:45:00",38575,0,0.331,0.335,0.324,0.321,-0.005,-0.005,0.049,0,28.74,28.88,28.54,28.44,14.87,14.87,18.11,15.2,0.332,0.228,0.241,13.85,25.33,23.75
"2013-08-05 13:00:00",38576,0,0.331,0.335,0.324,0.321,-0.002,-0.002,0.049,0,28.74,28.88,28.54,28.44,15.07,15.07,18.11,15.19,0.328,0.242,0.256,14.21,23.61,21.95
"2013-08-05 13:15:00",38577,0,0.33,0.335,0.324,0.321,-0.002,-0.002,0.049,0,28.73,28.86,28.54,28.44,15.08,15.07,18.12,15.2,0.324,0.251,0.233,14.61,22.52,24.75
"2013-08-05 13:30:00",38578,0,0.33,0.335,0.324,0.32,-0.002,-0.002,0.049,0,28.73,28.88,28.54,28.43,15.07,15.06,18.12,15.19,0.32,0.232,0.234,15.02,24.88,24.66
"2013-08-05 13:45:00",38579,0,0.33,0.335,0.324,0.32,-0.002,-0.002,0.05,0,28.73,28.86,28.52,28.43,15.07,15.07,18.13,15.19,0.316,0.259,0.232,15.41,21.6,24.91
"2013-08-05 14:00:00",38580,0,0.33,0.335,0.324,0.32,-0.002,-0.002,0.05,0.001,28.73,28.85,28.52,28.43,15.07,15.07,18.13,15.31,0.313,0.256,0.257,15.74,21.9,21.83
"2013-08-05 14:15:00",38581,0,0.33,0.335,0.324,0.32,-0.002,-0.002,0.05,0,28.71,28.86,28.52,28.42,15.07,15.07,18.15,15.25,0.31,0.235,0.25,16,24.42,22.62
"2013-08-05 14:30:00",38582,0,0.33,0.335,0.324,0.32,-0.002,-0.002,0.05,0,28.71,28.86,28.52,28.42,15.07,15.07,18.15,15.19,0.308,0.224,0.238,16.23,25.88,24.11
"2013-08-05 14:45:00",38583,0,0.33,0.335,0.324,0.32,-0.002,-0.002,0.05,0,28.71,28.85,28.52,28.42,15.07,15.07,18.16,15.19,0.306,0.238,0.238,16.46,24.08,24.13
"2013-08-05 15:00:00",38584,0,0.33,0.335,0.323,0.32,-0.002,-0.002,0.05,0,28.71,28.85,28.51,28.42,15.08,15.08,18.16,15.19,0.303,0.26,0.249,16.7,21.4,22.7
"2013-08-05 15:15:00",38585,0,0.329,0.334,0.323,0.32,-0.002,-0.002,0.05,-0.001,28.7,28.84,28.51,28.42,15.08,15.08,18.16,15.18,0.301,0.256,0.262,16.94,21.95,21.2
"2013-08-05 15:30:00",38586,0,0.329,0.335,0.323,0.319,-0.002,-0.002,0.05,0,28.7,28.85,28.51,28.4,15.08,15.08,18.17,15.19,0.299,0.267,0.267,17.14,20.61,20.65
"2013-08-05 15:45:00",38587,0,0.329,0.334,0.323,0.319,-0.002,-0.002,0.05,0,28.69,28.84,28.51,28.4,15.08,15.08,18.17,15.19,0.298,0.266,0.272,17.31,20.73,20.05
"2013-08-05 16:00:00",38588,0,0.329,0.334,0.323,0.319,-0.002,-0.002,0.05,0,28.69,28.84,28.51,28.39,15.1,15.1,18.17,15.19,0.296,0.267,0.276,17.45,20.64,19.64
"2013-08-05 16:15:00",38589,0,0.329,0.334,0.323,0.319,-0.003,-0.003,0.05,-0.001,28.69,28.84,28.5,28.4,15.03,15.01,18.17,15.18,0.295,0.268,0.276,17.56,20.52,19.65
"2013-08-05 16:30:00",38590,0,0.329,0.335,0.323,0.319,-0.003,-0.003,0.051,-0.001,28.69,28.85,28.51,28.39,15.01,15.01,18.19,15.18,0.294,0.272,0.287,17.64,20.13,18.44
"2013-08-05 16:45:00",38591,0,0.329,0.334,0.323,0.319,-0.003,-0.003,0.051,-0.001,28.67,28.84,28.5,28.39,15.01,15.01,18.19,15.16,0.294,0.28,0.298,17.69,19.22,17.3
"2013-08-05 17:00:00",38592,0,0.329,0.334,0.323,0.319,-0.003,-0.003,0.051,-0.001,28.69,28.84,28.5,28.39,15.03,15.03,18.19,15.16,0.294,0.298,0.307,17.71,17.26,16.3
"2013-08-05 17:15:00",38593,0,0.329,0.334,0.322,0.319,-0.003,-0.003,0.051,-0.001,28.69,28.82,28.48,28.37,15.04,15.04,18.19,15.16,0.294,0.306,0.318,17.69,16.49,15.24
"2013-08-05 17:30:00",38594,0,0.329,0.334,0.322,0.319,-0.006,-0.006,0.05,-0.001,28.69,28.82,28.48,28.37,14.84,14.82,18.17,15.15,0.294,0.314,0.326,17.65,15.63,14.49
"2013-08-05 17:45:00",38595,0,0.329,0.334,0.322,0.319,-0.006,-0.006,0.05,-0.001,28.67,28.82,28.48,28.37,14.81,14.81,18.17,15.16,0.295,0.326,0.334,17.57,14.43,13.72
"2013-08-05 18:00:00",38596,0,0.329,0.334,0.322,0.319,-0.006,-0.006,0.05,-0.001,28.67,28.82,28.47,28.37,14.81,14.81,18.17,15.15,0.296,0.329,0.339,17.47,14.21,13.22
"2013-08-05 18:15:00",38597,0,0.329,0.333,0.322,0.318,-0.006,-0.006,0.05,-0.001,28.67,28.81,28.47,28.36,14.81,14.81,18.17,15.15,0.297,0.344,0.347,17.34,12.68,12.46
"2013-08-05 18:30:00",38598,0,0.329,0.334,0.322,0.319,-0.006,-0.006,0.05,-0.001,28.67,28.82,28.47,28.37,14.8,14.8,18.16,15.14,0.299,0.336,0.347,17.2,13.53,12.49
"2013-08-05 18:45:00",38599,0,0.329,0.334,0.322,0.319,-0.006,-0.006,0.05,-0.001,28.69,28.82,28.48,28.37,14.8,14.8,18.16,15.15,0.3,0.343,0.349,17.04,12.83,12.24
"2013-08-05 19:00:00",38600,0,0.329,0.333,0.322,0.318,-0.006,-0.006,0.05,-0.001,28.69,28.81,28.47,28.36,14.8,14.8,18.16,15.14,0.302,0.357,0.356,16.88,11.5,11.64
"2013-08-05 19:15:00",38601,0,0.329,0.333,0.321,0.318,-0.006,-0.006,0.05,-0.001,28.67,28.81,28.46,28.36,14.8,14.78,18.15,15.14,0.303,0.377,0.366,16.71,9.69,10.66
"2013-08-05 19:30:00",38602,0,0.329,0.333,0.322,0.318,-0.006,-0.007,0.05,0,28.67,28.81,28.47,28.36,14.78,14.77,18.15,15.23,0.305,0.391,0.375,16.54,8.53,9.92
"2013-08-05 19:45:00",38603,0,0.328,0.334,0.321,0.318,-0.007,-0.007,0.05,-0.001,28.66,28.82,28.46,28.36,14.77,14.77,18.15,15.12,0.307,0.391,0.378,16.35,8.46,9.63
"2013-08-05 20:00:00",38604,0,0.329,0.333,0.321,0.318,-0.007,-0.007,0.05,-0.001,28.67,28.81,28.46,28.36,14.77,14.76,18.13,15.12,0.309,0.403,0.381,16.15,7.496,9.39
"2013-08-05 20:15:00",38605,0,0.329,0.333,0.321,0.318,-0.007,-0.007,0.05,-0.001,28.67,28.81,28.46,28.36,14.76,14.76,18.13,15.12,0.311,0.405,0.384,15.94,7.268,9.12
"2013-08-05 20:30:00",38606,0,0.329,0.333,0.321,0.318,-0.007,-0.007,0.049,-0.001,28.67,28.81,28.46,28.36,14.76,14.76,18.12,15.12,0.313,0.407,0.386,15.71,7.127,8.92
"2013-08-05 20:45:00",38607,0,0.329,0.333,0.321,0.318,-0.007,-0.007,0.049,-0.002,28.67,28.81,28.44,28.36,14.76,14.76,18.12,15.11,0.315,0.425,0.393,15.49,5.626,8.28
"2013-08-05 21:00:00",38608,0,0.329,0.333,0.321,0.318,-0.007,-0.007,0.049,-0.002,28.67,28.8,28.44,28.35,14.74,14.74,18.11,15.11,0.318,0.437,0.4,15.26,4.589,7.68
"2013-08-05 21:15:00",38609,0,0.329,0.333,0.321,0.318,-0.007,-0.007,0.049,-0.002,28.67,28.8,28.44,28.35,14.74,14.74,18.11,15.11,0.32,0.438,0.404,15.02,4.565,7.382
"2013-08-05 21:30:00",38610,0,0.329,0.333,0.321,0.318,-0.007,-0.007,0.049,-0.002,28.67,28.81,28.44,28.35,14.74,14.73,18.11,15.11,0.323,0.426,0.398,14.77,5.495,7.862
"2013-08-05 21:45:00",38611,0,0.329,0.333,0.321,0.318,-0.007,-0.007,0.049,-0.001,28.69,28.81,28.44,28.35,14.74,14.74,18.11,15.12,0.325,0.416,0.397,14.52,6.368,7.972
"2013-08-05 22:00:00",38612,0,0.329,0.333,0.32,0.318,-0.007,-0.007,0.049,-0.002,28.67,28.81,28.43,28.35,14.73,14.74,18.11,15.11,0.328,0.43,0.402,14.28,5.164,7.564
"2013-08-05 22:15:00",38613,0,0.329,0.334,0.321,0.318,-0.003,-0.003,0.049,-0.001,28.67,28.82,28.46,28.36,15.04,15.03,18.11,15.14,0.33,0.399,0.396,14.04,7.818,8.06
"2013-08-05 22:30:00",38614,0,0.329,0.334,0.321,0.318,-0.002,-0.003,0.049,-0.001,28.69,28.82,28.46,28.36,15.06,15.04,18.11,15.14,0.333,0.377,0.383,13.81,9.73,9.22
"2013-08-05 22:45:00",38615,0,0.329,0.334,0.321,0.319,-0.002,-0.002,0.049,-0.001,28.69,28.82,28.46,28.37,15.06,15.06,18.11,15.15,0.335,0.369,0.379,13.6,10.44,9.54
"2013-08-05 23:00:00",38616,0,0.329,0.334,0.321,0.319,-0.002,-0.002,0.049,-0.001,28.7,28.82,28.46,28.37,15.06,15.06,18.11,15.15,0.337,0.369,0.377,13.42,10.47,9.71
"2013-08-05 23:15:00",38617,0,0.329,0.334,0.321,0.319,-0.002,-0.002,0.049,-0.001,28.69,28.84,28.46,28.37,15.07,15.06,18.11,15.15,0.338,0.364,0.376,13.26,10.87,9.84
"2013-08-05 23:30:00",38618,0,0.329,0.334,0.321,0.318,-0.002,-0.002,0.049,-0.001,28.7,28.84,28.46,28.36,15.07,15.06,18.09,15.15,0.34,0.363,0.375,13.13,10.95,9.94
"2013-08-05 23:45:00",38619,0,0.329,0.334,0.321,0.318,-0.002,-0.002,0.049,-0.001,28.7,28.82,28.46,28.36,15.06,15.06,18.09,15.15,0.341,0.377,0.379,13.01,9.77,9.57
"2013-08-06 00:00:00",38620,0,0.329,0.334,0.321,0.318,-0.002,-0.002,0.049,-0.001,28.7,28.82,28.46,28.36,15.06,15.06,18.08,15.15,0.342,0.39,0.384,12.9,8.59,9.07
