"TOA5","ROS_3","CR1000","42709","CR1000.Std.22","CPU:ROS03.ROS10.29.6.2012.CR1","17082","ROS03Table15min"
"TIMESTAMP","RECORD","Rain_mm_Tot","VW(1)","VW(2)","VW(3)","VW(4)","VW(5)","VW(6)","VW(7)","VW(8)","PA_uS(1)","PA_uS(2)","PA_uS(3)","PA_uS(4)","PA_uS(5)","PA_uS(6)","PA_uS(7)","PA_uS(8)","HalfBR_Avg(1)","HalfBR_Avg(2)","HalfBR_Avg(3)","SoilTemp_Avg(1)","SoilTemp_Avg(2)","SoilTemp_Avg(3)"
"TS","RN","mm","","","","","","","","","uSec","uSec","uSec","uSec","uSec","uSec","uSec","uSec","mV/mV","mV/mV","mV/mV","Deg C","Deg C","Deg C"
"","","Tot","Smp","Smp","Smp","Smp","Smp","Smp","Smp","Smp","Smp","Smp","Smp","Smp","Smp","Smp","Smp","Smp","Avg","Avg","Avg","Avg","Avg","Avg"
"2013-07-30 08:15:00",12802,0,-0.005,0.315,0.019,0.287,0.045,0.028,0.045,0.054,14.89,28.28,16.4,27.43,17.9,16.94,17.86,18.34,0.353,0.324,0.326,11.9,14.66,14.47
"2013-07-30 08:30:00",12803,0,-0.005,0.315,0.02,0.287,0.045,0.028,0.045,0.054,14.89,28.28,16.45,27.43,17.89,16.93,17.86,18.35,0.353,0.325,0.327,11.92,14.58,14.38
"2013-07-30 08:45:00",12804,0,-0.005,0.315,0.019,0.287,0.045,0.028,0.044,0.054,14.89,28.27,16.43,27.43,17.9,16.93,17.85,18.34,0.353,0.326,0.328,11.91,14.5,14.28
"2013-07-30 09:00:00",12805,0,-0.005,0.315,0.019,0.287,0.045,0.028,0.044,0.054,14.89,28.27,16.4,27.43,17.89,16.94,17.85,18.34,0.352,0.326,0.329,12.03,14.41,14.18
"2013-07-30 09:15:00",12806,0,-0.005,0.315,0.019,0.287,0.045,0.028,0.045,0.054,14.89,28.27,16.43,27.43,17.89,16.94,17.86,18.34,0.349,0.327,0.33,12.26,14.32,14.09
"2013-07-30 09:30:00",12807,0,-0.005,0.315,0.019,0.287,0.045,0.028,0.044,0.054,14.89,28.27,16.43,27.43,17.89,16.94,17.85,18.34,0.348,0.328,0.331,12.33,14.22,14.01
"2013-07-30 09:45:00",12808,0,-0.005,0.315,0.019,0.287,0.045,0.028,0.044,0.054,14.89,28.27,16.44,27.43,17.89,16.94,17.85,18.34,0.348,0.329,0.331,12.38,14.13,13.94
"2013-07-30 10:00:00",12809,0,-0.005,0.315,0.019,0.287,0.045,0.028,0.045,0.054,14.89,28.27,16.43,27.43,17.89,16.93,17.86,18.34,0.347,0.33,0.332,12.48,14.05,13.88
"2013-07-30 10:15:00",12810,0,-0.005,0.315,0.019,0.287,0.045,0.028,0.045,0.054,14.89,28.27,16.41,27.43,17.89,16.93,17.86,18.34,0.346,0.331,0.333,12.58,13.97,13.82
"2013-07-30 10:30:00",12811,0,-0.005,0.315,0.018,0.287,0.045,0.028,0.044,0.054,14.89,28.27,16.36,27.43,17.89,16.94,17.85,18.34,0.344,0.332,0.333,12.74,13.9,13.77
"2013-07-30 10:45:00",12812,0,-0.005,0.315,0.019,0.287,0.045,0.028,0.044,0.054,14.89,28.27,16.41,27.43,17.88,16.94,17.85,18.34,0.343,0.332,0.333,12.82,13.84,13.73
"2013-07-30 11:00:00",12813,0,-0.005,0.315,0.019,0.287,0.045,0.028,0.044,0.054,14.89,28.27,16.43,27.43,17.89,16.94,17.85,18.34,0.343,0.333,0.334,12.86,13.79,13.7
"2013-07-30 11:15:00",12814,0,-0.005,0.315,0.022,0.288,0.045,0.028,0.045,0.053,14.89,28.27,16.57,27.44,17.89,16.93,17.86,18.32,0.342,0.333,0.334,12.87,13.74,13.68
"2013-07-30 11:30:00",12815,0,-0.005,0.315,0.021,0.288,0.045,0.028,0.044,0.054,14.89,28.27,16.56,27.44,17.89,16.94,17.85,18.34,0.342,0.334,0.334,12.9,13.7,13.66
"2013-07-30 11:45:00",12816,0,-0.005,0.315,0.022,0.287,0.045,0.028,0.044,0.054,14.89,28.27,16.57,27.43,17.89,16.94,17.85,18.34,0.342,0.334,0.334,12.88,13.67,13.64
"2013-07-30 12:00:00",12817,0,-0.005,0.315,0.022,0.287,0.045,0.028,0.044,0.053,14.89,28.27,16.57,27.43,17.88,16.94,17.85,18.32,0.343,0.334,0.335,12.85,13.64,13.62
"2013-07-30 12:15:00",12818,0,-0.005,0.315,0.021,0.287,0.045,0.028,0.044,0.053,14.89,28.27,16.56,27.43,17.88,16.94,17.85,18.32,0.343,0.335,0.335,12.83,13.61,13.6
"2013-07-30 12:30:00",12819,0,-0.005,0.315,0.021,0.287,0.045,0.028,0.044,0.053,14.89,28.27,16.55,27.43,17.88,16.93,17.85,18.32,0.343,0.335,0.335,12.81,13.59,13.58
"2013-07-30 12:45:00",12820,0,-0.005,0.315,0.021,0.287,0.045,0.028,0.044,0.053,14.89,28.28,16.52,27.43,17.88,16.94,17.85,18.32,0.343,0.335,0.335,12.84,13.57,13.56
"2013-07-30 13:00:00",12821,0,-0.005,0.315,0.021,0.287,0.045,0.028,0.044,0.053,14.89,28.27,16.53,27.43,17.89,16.93,17.85,18.32,0.343,0.335,0.335,12.84,13.55,13.54
"2013-07-30 13:15:00",12822,0,-0.005,0.315,0.021,0.287,0.045,0.028,0.044,0.053,14.89,28.27,16.56,27.43,17.88,16.93,17.85,18.32,0.343,0.335,0.336,12.84,13.53,13.52
"2013-07-30 13:30:00",12823,0,-0.005,0.315,0.021,0.287,0.045,0.028,0.044,0.053,14.89,28.27,16.56,27.43,17.88,16.93,17.85,18.32,0.343,0.336,0.336,12.86,13.52,13.5
"2013-07-30 13:45:00",12824,0,-0.005,0.315,0.02,0.287,0.045,0.028,0.044,0.053,14.88,28.27,16.49,27.43,17.88,16.93,17.85,18.32,0.342,0.336,0.336,12.89,13.5,13.48
"2013-07-30 14:00:00",12825,0,-0.005,0.315,0.02,0.287,0.045,0.028,0.044,0.053,14.89,28.27,16.48,27.43,17.88,16.93,17.84,18.32,0.342,0.336,0.336,12.87,13.48,13.47
"2013-07-30 14:15:00",12826,0,-0.005,0.315,0.021,0.287,0.045,0.028,0.044,0.053,14.89,28.27,16.52,27.43,17.88,16.93,17.85,18.32,0.343,0.336,0.336,12.86,13.46,13.45
"2013-07-30 14:30:00",12827,0,-0.005,0.315,0.021,0.287,0.045,0.028,0.044,0.053,14.88,28.27,16.56,27.41,17.88,16.93,17.85,18.32,0.343,0.336,0.336,12.85,13.45,13.44
"2013-07-30 14:45:00",12828,0,-0.005,0.315,0.021,0.287,0.045,0.028,0.044,0.053,14.89,28.27,16.53,27.43,17.88,16.93,17.85,18.32,0.342,0.337,0.337,12.92,13.43,13.43
"2013-07-30 15:00:00",12829,0,-0.005,0.315,0.021,0.287,0.045,0.028,0.044,0.053,14.89,28.27,16.53,27.43,17.88,16.93,17.85,18.32,0.342,0.337,0.337,12.94,13.42,13.41
"2013-07-30 15:15:00",12830,0,-0.005,0.315,0.021,0.287,0.045,0.028,0.044,0.053,14.89,28.27,16.55,27.43,17.88,16.93,17.85,18.32,0.341,0.337,0.337,12.98,13.41,13.4
"2013-07-30 15:30:00",12831,0,-0.005,0.315,0.022,0.287,0.045,0.028,0.044,0.053,14.89,28.27,16.63,27.43,17.88,16.93,17.85,18.31,0.34,0.337,0.337,13.08,13.39,13.39
"2013-07-30 15:45:00",12832,0,-0.005,0.315,0.022,0.287,0.045,0.028,0.044,0.053,14.89,28.27,16.57,27.43,17.88,16.93,17.85,18.31,0.339,0.337,0.337,13.23,13.38,13.38
"2013-07-30 16:00:00",12833,0,-0.005,0.315,0.022,0.287,0.045,0.028,0.044,0.053,14.89,28.27,16.63,27.43,17.88,16.93,17.85,18.32,0.337,0.337,0.337,13.4,13.37,13.38
"2013-07-30 16:15:00",12834,0,-0.005,0.315,0.021,0.287,0.045,0.028,0.044,0.053,14.89,28.27,16.55,27.43,17.88,16.94,17.85,18.32,0.336,0.337,0.337,13.48,13.36,13.38
"2013-07-30 16:30:00",12835,0,-0.005,0.314,0.021,0.287,0.045,0.028,0.044,0.053,14.89,28.25,16.56,27.41,17.88,16.93,17.85,18.31,0.334,0.337,0.337,13.66,13.36,13.38
"2013-07-30 16:45:00",12836,0,-0.005,0.315,0.021,0.287,0.045,0.028,0.044,0.053,14.89,28.27,16.55,27.43,17.88,16.94,17.85,18.31,0.324,0.337,0.337,14.61,13.36,13.39
"2013-07-30 17:00:00",12837,0,-0.005,0.315,0.02,0.287,0.045,0.028,0.044,0.053,14.89,28.27,16.48,27.43,17.89,16.94,17.85,18.32,0.322,0.337,0.337,14.8,13.37,13.42
"2013-07-30 17:15:00",12838,0,-0.005,0.314,0.02,0.287,0.045,0.028,0.044,0.053,14.89,28.25,16.51,27.43,17.89,16.94,17.85,18.32,0.318,0.337,0.336,15.19,13.38,13.45
"2013-07-30 17:30:00",12839,0,-0.005,0.314,0.019,0.287,0.045,0.028,0.045,0.053,14.89,28.25,16.43,27.41,17.88,16.94,17.86,18.32,0.308,0.337,0.336,16.27,13.4,13.51
"2013-07-30 17:45:00",12840,0,-0.005,0.315,0.017,0.287,0.045,0.028,0.044,0.053,14.91,28.27,16.3,27.43,17.89,16.94,17.85,18.32,0.275,0.336,0.335,19.72,13.45,13.58
"2013-07-30 18:00:00",12841,0,-0.005,0.314,-0.004,0.287,0.045,0.028,0.044,0.053,14.91,28.25,14.93,27.41,17.89,16.94,17.85,18.32,0.286,0.336,0.334,18.58,13.5,13.69
"2013-07-30 18:15:00",12842,0,-0.005,0.314,0.019,0.287,0.045,0.028,0.045,0.054,14.91,28.25,16.4,27.43,17.89,16.93,17.86,18.34,0.295,0.335,0.333,17.53,13.57,13.81
"2013-07-30 18:30:00",12843,0,-0.005,0.314,0.017,0.287,0.045,0.028,0.044,0.053,14.91,28.25,16.32,27.43,17.89,16.94,17.85,18.32,0.298,0.334,0.331,17.31,13.66,13.94
"2013-07-30 18:45:00",12844,0,-0.005,0.314,0.019,0.287,0.045,0.028,0.045,0.054,14.91,28.25,16.43,27.41,17.89,16.94,17.86,18.34,0.295,0.333,0.33,17.56,13.77,14.06
"2013-07-30 19:00:00",12845,0,-0.005,0.314,0.018,0.287,0.045,0.028,0.045,0.054,14.89,28.25,16.36,27.41,17.89,16.94,17.86,18.34,0.299,0.332,0.329,17.16,13.9,14.19
"2013-07-30 19:15:00",12846,0,-0.005,0.311,0.017,0.287,0.045,0.028,0.045,0.054,14.91,28.16,16.3,27.41,17.9,16.94,17.86,18.34,0.295,0.33,0.327,17.62,14.03,14.31
"2013-07-30 19:30:00",12847,0,-0.005,0.311,0.018,0.287,0.045,0.028,0.045,0.054,14.89,28.16,16.38,27.41,17.9,16.94,17.86,18.34,0.302,0.329,0.326,16.84,14.16,14.43
"2013-07-30 19:45:00",12848,0,-0.005,0.311,0.019,0.287,0.045,0.028,0.045,0.054,14.91,28.14,16.44,27.4,17.89,16.94,17.86,18.34,0.312,0.328,0.325,15.81,14.3,14.54
"2013-07-30 20:00:00",12849,0,-0.005,0.311,0.018,0.287,0.045,0.028,0.045,0.054,14.91,28.14,16.37,27.41,17.89,16.94,17.86,18.34,0.31,0.326,0.324,16.06,14.43,14.63
"2013-07-30 20:15:00",12850,0,-0.005,0.311,0.02,0.287,0.045,0.028,0.045,0.054,14.91,28.16,16.51,27.41,17.89,16.95,17.86,18.35,0.297,0.325,0.323,17.35,14.56,14.71
"2013-07-30 20:30:00",12851,0,-0.005,0.311,0.017,0.287,0.045,0.028,0.045,0.054,14.91,28.16,16.32,27.41,17.9,16.94,17.86,18.35,0.293,0.324,0.323,17.75,14.67,14.79
"2013-07-30 20:45:00",12852,0,-0.005,0.311,0.017,0.287,0.045,0.028,0.045,0.054,14.91,28.14,16.29,27.41,17.9,16.94,17.88,18.35,0.302,0.323,0.322,16.9,14.77,14.89
"2013-07-30 21:00:00",12853,0,-0.005,0.311,0.016,0.287,0.045,0.028,0.045,0.054,14.91,28.14,16.26,27.41,17.9,16.95,17.88,18.35,0.305,0.322,0.321,16.57,14.88,14.98
"2013-07-30 21:15:00",12854,0,-0.005,0.311,0.017,0.287,0.045,0.028,0.045,0.054,14.89,28.14,16.32,27.41,17.9,16.94,17.86,18.35,0.304,0.321,0.32,16.67,14.98,15.06
"2013-07-30 21:30:00",12855,0,-0.005,0.311,0.018,0.287,0.045,0.028,0.045,0.054,14.89,28.14,16.38,27.4,17.9,16.95,17.86,18.36,0.296,0.32,0.319,17.47,15.08,15.13
"2013-07-30 21:45:00",12856,0,-0.005,0.311,0.017,0.287,0.046,0.028,0.045,0.054,14.91,28.14,16.28,27.4,17.92,16.94,17.88,18.35,0.295,0.319,0.318,17.61,15.18,15.21
"2013-07-30 22:00:00",12857,0,-0.005,0.311,0.017,0.287,0.046,0.028,0.045,0.054,14.91,28.14,16.28,27.4,17.92,16.95,17.88,18.35,0.3,0.318,0.317,17.11,15.27,15.3
"2013-07-30 22:15:00",12858,0,-0.005,0.311,0.017,0.287,0.045,0.028,0.045,0.054,14.91,28.14,16.29,27.4,17.9,16.95,17.88,18.35,0.307,0.317,0.317,16.31,15.36,15.37
"2013-07-30 22:30:00",12859,0,-0.005,0.311,0.016,0.287,0.046,0.028,0.045,0.054,14.89,28.14,16.26,27.4,17.92,16.95,17.88,18.36,0.314,0.316,0.316,15.67,15.45,15.44
"2013-07-30 22:45:00",12860,0,-0.005,0.31,0.016,0.287,0.045,0.028,0.045,0.054,14.89,28.13,16.25,27.4,17.9,16.94,17.88,18.36,0.314,0.315,0.315,15.61,15.53,15.49
"2013-07-30 23:00:00",12861,0,-0.005,0.31,0.016,0.287,0.046,0.028,0.045,0.054,14.89,28.13,16.25,27.4,17.92,16.95,17.88,18.36,0.316,0.314,0.315,15.46,15.6,15.52
"2013-07-30 23:15:00",12862,0,-0.005,0.31,0.016,0.287,0.046,0.028,0.045,0.054,14.89,28.13,16.26,27.4,17.92,16.95,17.88,18.36,0.316,0.314,0.315,15.42,15.66,15.54
"2013-07-30 23:30:00",12863,0,-0.005,0.31,0.017,0.287,0.046,0.028,0.045,0.054,14.89,28.13,16.29,27.4,17.92,16.95,17.88,18.35,0.317,0.313,0.315,15.37,15.7,15.56
"2013-07-30 23:45:00",12864,0,-0.005,0.31,0.017,0.287,0.046,0.028,0.045,0.054,14.89,28.13,16.28,27.4,17.92,16.95,17.88,18.36,0.317,0.313,0.315,15.3,15.74,15.57
"2013-07-31 00:00:00",12865,0,-0.005,0.31,0.017,0.286,0.046,0.028,0.045,0.054,14.89,28.13,16.28,27.38,17.92,16.94,17.88,18.36,0.319,0.313,0.315,15.16,15.76,15.58
"2013-07-31 00:15:00",12866,0,-0.005,0.309,0.016,0.287,0.046,0.028,0.045,0.054,14.89,28.09,16.25,27.4,17.92,16.95,17.88,18.36,0.321,0.313,0.315,14.98,15.77,15.58
"2013-07-31 00:30:00",12867,0,-0.005,0.31,0.016,0.287,0.046,0.028,0.045,0.054,14.89,28.1,16.26,27.4,17.92,16.94,17.88,18.36,0.322,0.313,0.315,14.8,15.78,15.57
"2013-07-31 00:45:00",12868,0,-0.005,0.31,0.017,0.287,0.046,0.028,0.045,0.054,14.88,28.12,16.28,27.4,17.92,16.94,17.88,18.36,0.323,0.313,0.315,14.7,15.78,15.55
"2013-07-31 01:00:00",12869,0,-0.005,0.31,0.017,0.287,0.046,0.028,0.045,0.054,14.89,28.1,16.3,27.4,17.92,16.94,17.88,18.36,0.325,0.313,0.315,14.55,15.78,15.53
"2013-07-31 01:15:00",12870,0,-0.005,0.309,0.017,0.287,0.046,0.028,0.045,0.054,14.88,28.09,16.29,27.4,17.92,16.94,17.88,18.36,0.329,0.313,0.315,14.14,15.76,15.51
"2013-07-31 01:30:00",12871,0,-0.005,0.309,0.017,0.287,0.046,0.028,0.045,0.054,14.89,28.09,16.28,27.4,17.92,16.94,17.86,18.36,0.337,0.313,0.316,13.43,15.74,15.48
"2013-07-31 01:45:00",12872,0,-0.005,0.31,0.016,0.286,0.045,0.028,0.045,0.054,14.88,28.1,16.26,27.38,17.9,16.94,17.86,18.36,0.345,0.313,0.316,12.67,15.72,15.44
"2013-07-31 02:00:00",12873,0,-0.005,0.309,0.016,0.286,0.045,0.028,0.045,0.054,14.87,28.09,16.25,27.38,17.9,16.94,17.86,18.35,0.353,0.314,0.317,11.86,15.68,15.38
"2013-07-31 02:15:00",12874,0,-0.005,0.309,0.016,0.286,0.045,0.028,0.045,0.054,14.88,28.09,16.25,27.38,17.9,16.93,17.86,18.35,0.36,0.314,0.318,11.29,15.63,15.29
"2013-07-31 02:30:00",12875,0,-0.005,0.309,0.016,0.286,0.045,0.028,0.044,0.054,14.88,28.09,16.25,27.38,17.89,16.93,17.85,18.34,0.364,0.315,0.319,10.9,15.55,15.16
"2013-07-31 02:45:00",12876,0,-0.005,0.309,0.017,0.286,0.045,0.028,0.044,0.054,14.88,28.09,16.28,27.37,17.89,16.93,17.85,18.34,0.366,0.316,0.32,10.69,15.45,15.02
"2013-07-31 03:00:00",12877,0,-0.005,0.309,0.017,0.286,0.045,0.028,0.044,0.054,14.88,28.09,16.29,27.38,17.88,16.93,17.85,18.34,0.367,0.317,0.322,10.62,15.33,14.86
"2013-07-31 03:15:00",12878,0,-0.005,0.309,0.017,0.286,0.045,0.027,0.044,0.054,14.88,28.09,16.3,27.38,17.89,16.91,17.85,18.34,0.368,0.319,0.324,10.56,15.18,14.69
"2013-07-31 03:30:00",12879,0,-0.005,0.309,0.017,0.286,0.045,0.027,0.044,0.054,14.88,28.09,16.3,27.38,17.88,16.91,17.84,18.34,0.37,0.32,0.325,10.37,15.01,14.51
"2013-07-31 03:45:00",12880,0,-0.005,0.309,0.017,0.286,0.045,0.027,0.044,0.053,14.88,28.09,16.33,27.38,17.89,16.91,17.84,18.32,0.371,0.322,0.327,10.27,14.83,14.34
"2013-07-31 04:00:00",12881,0,-0.005,0.309,0.017,0.286,0.045,0.028,0.044,0.053,14.87,28.09,16.3,27.37,17.88,16.93,17.84,18.32,0.371,0.324,0.329,10.23,14.64,14.16
"2013-07-31 04:15:00",12882,0,-0.005,0.309,0.017,0.286,0.045,0.027,0.044,0.053,14.87,28.09,16.3,27.37,17.88,16.91,17.84,18.32,0.373,0.326,0.331,10.07,14.44,13.98
"2013-07-31 04:30:00",12883,0,-0.005,0.309,0.017,0.286,0.045,0.027,0.044,0.053,14.87,28.09,16.3,27.38,17.86,16.91,17.84,18.32,0.376,0.328,0.333,9.81,14.24,13.8
"2013-07-31 04:45:00",12884,0,-0.005,0.309,0.017,0.286,0.045,0.028,0.044,0.053,14.88,28.09,16.33,27.37,17.86,16.93,17.82,18.32,0.372,0.33,0.335,10.16,14.03,13.61
"2013-07-31 05:00:00",12885,0,-0.005,0.309,0.017,0.286,0.045,0.027,0.044,0.053,14.87,28.09,16.3,27.37,17.86,16.91,17.84,18.31,0.374,0.332,0.337,10.03,13.83,13.44
"2013-07-31 05:15:00",12886,0,-0.005,0.31,0.017,0.286,0.045,0.027,0.044,0.053,14.87,28.1,16.33,27.38,17.86,16.91,17.82,18.31,0.377,0.334,0.338,9.69,13.63,13.27
"2013-07-31 05:30:00",12887,0,-0.005,0.31,0.017,0.286,0.044,0.027,0.044,0.053,14.88,28.1,16.33,27.37,17.85,16.91,17.82,18.31,0.374,0.337,0.34,9.98,13.43,13.1
"2013-07-31 05:45:00",12888,0,-0.005,0.31,0.018,0.286,0.044,0.027,0.044,0.053,14.88,28.1,16.36,27.38,17.85,16.91,17.82,18.31,0.372,0.339,0.342,10.17,13.24,12.94
"2013-07-31 06:00:00",12889,0,-0.005,0.31,0.018,0.286,0.045,0.027,0.044,0.053,14.88,28.1,16.37,27.38,17.86,16.91,17.82,18.31,0.366,0.341,0.343,10.72,13.05,12.78
"2013-07-31 06:15:00",12890,0,-0.005,0.31,0.018,0.286,0.045,0.027,0.044,0.053,14.89,28.1,16.37,27.38,17.86,16.91,17.82,18.3,0.362,0.343,0.345,11.04,12.87,12.65
"2013-07-31 06:30:00",12891,0,-0.005,0.31,0.018,0.286,0.044,0.027,0.044,0.053,14.89,28.12,16.37,27.38,17.85,16.91,17.82,18.31,0.362,0.344,0.346,11.05,12.69,12.54
"2013-07-31 06:45:00",12892,0,-0.005,0.31,0.018,0.286,0.045,0.027,0.044,0.053,14.89,28.12,16.38,27.38,17.86,16.91,17.82,18.3,0.362,0.346,0.347,11.05,12.54,12.44
"2013-07-31 07:00:00",12893,0,-0.005,0.31,0.018,0.286,0.044,0.027,0.044,0.053,14.89,28.12,16.37,27.38,17.85,16.91,17.82,18.31,0.361,0.347,0.348,11.18,12.4,12.36
"2013-07-31 07:15:00",12894,0,-0.005,0.31,0.018,0.286,0.044,0.027,0.044,0.053,14.89,28.12,16.38,27.38,17.85,16.91,17.81,18.3,0.36,0.349,0.349,11.23,12.29,12.28
"2013-07-31 07:30:00",12895,0,-0.005,0.31,0.018,0.286,0.044,0.027,0.044,0.053,14.89,28.1,16.38,27.38,17.85,16.91,17.82,18.3,0.361,0.35,0.35,11.18,12.19,12.21
"2013-07-31 07:45:00",12896,0,-0.005,0.31,0.018,0.286,0.044,0.027,0.044,0.053,14.89,28.1,16.38,27.38,17.85,16.91,17.81,18.3,0.361,0.351,0.35,11.17,12.1,12.14
"2013-07-31 08:00:00",12897,0,-0.005,0.31,0.019,0.286,0.044,0.027,0.044,0.053,14.88,28.12,16.4,27.38,17.84,16.9,17.82,18.28,0.362,0.352,0.351,11.1,12.01,12.07
"2013-07-31 08:15:00",12898,0,-0.005,0.31,0.019,0.286,0.044,0.027,0.044,0.053,14.89,28.12,16.4,27.38,17.85,16.9,17.81,18.3,0.363,0.353,0.352,10.95,11.94,12.01
"2013-07-31 08:30:00",12899,0,-0.005,0.31,0.018,0.286,0.044,0.027,0.044,0.053,14.89,28.1,16.38,27.38,17.84,16.9,17.81,18.28,0.365,0.353,0.353,10.79,11.87,11.94
"2013-07-31 08:45:00",12900,0,-0.005,0.31,0.018,0.286,0.044,0.027,0.044,0.053,14.89,28.1,16.36,27.38,17.84,16.9,17.81,18.28,0.369,0.354,0.353,10.45,11.8,11.87
"2013-07-31 09:00:00",12901,0,-0.005,0.31,0.017,0.286,0.044,0.027,0.044,0.053,14.88,28.1,16.33,27.37,17.84,16.9,17.81,18.28,0.374,0.355,0.354,9.99,11.73,11.8
"2013-07-31 09:15:00",12902,0,-0.005,0.31,0.018,0.286,0.044,0.027,0.043,0.052,14.88,28.1,16.36,27.37,17.82,16.89,17.8,18.27,0.378,0.356,0.355,9.61,11.66,11.71
"2013-07-31 09:30:00",12903,0,-0.005,0.309,0.018,0.286,0.044,0.027,0.043,0.052,14.88,28.09,16.34,27.37,17.84,16.89,17.8,18.27,0.382,0.356,0.356,9.32,11.59,11.62
"2013-07-31 09:45:00",12904,0,-0.005,0.31,0.019,0.286,0.044,0.027,0.043,0.052,14.88,28.1,16.41,27.37,17.82,16.89,17.8,18.27,0.383,0.357,0.357,9.21,11.5,11.5
"2013-07-31 10:00:00",12905,0,-0.005,0.31,0.02,0.286,0.044,0.027,0.043,0.052,14.88,28.1,16.47,27.37,17.82,16.89,17.8,18.27,0.384,0.358,0.359,9.14,11.4,11.38
"2013-07-31 10:15:00",12906,0,-0.005,0.309,0.017,0.286,0.044,0.027,0.043,0.052,14.87,28.09,16.3,27.37,17.81,16.89,17.78,18.27,0.389,0.36,0.36,8.66,11.29,11.26
"2013-07-31 10:30:00",12907,0,-0.005,0.31,0.018,0.286,0.044,0.027,0.043,0.052,14.87,28.1,16.34,27.37,17.81,16.87,17.78,18.26,0.39,0.361,0.361,8.58,11.18,11.12
"2013-07-31 10:45:00",12908,0,-0.005,0.31,0.016,0.286,0.044,0.027,0.043,0.052,14.87,28.1,16.26,27.37,17.81,16.87,17.78,18.26,0.392,0.362,0.363,8.37,11.04,10.98
"2013-07-31 11:00:00",12909,0,-0.005,0.309,0.016,0.286,0.044,0.027,0.043,0.052,14.87,28.09,16.26,27.37,17.81,16.87,17.78,18.26,0.395,0.364,0.365,8.14,10.9,10.83
"2013-07-31 11:15:00",12910,0,-0.005,0.309,0.017,0.286,0.043,0.027,0.043,0.052,14.87,28.09,16.28,27.37,17.8,16.87,17.78,18.24,0.399,0.365,0.366,7.782,10.75,10.68
"2013-07-31 11:30:00",12911,0,-0.005,0.31,0.016,0.286,0.044,0.026,0.043,0.052,14.87,28.1,16.26,27.37,17.81,16.86,17.77,18.24,0.4,0.367,0.368,7.711,10.6,10.53
"2013-07-31 11:45:00",12912,0,-0.005,0.309,0.017,0.286,0.043,0.026,0.043,0.051,14.85,28.09,16.33,27.37,17.8,16.86,17.77,18.23,0.402,0.369,0.37,7.562,10.44,10.38
"2013-07-31 12:00:00",12913,0,-0.005,0.309,0.018,0.285,0.043,0.027,0.043,0.051,14.87,28.09,16.34,27.36,17.8,16.87,17.77,18.23,0.403,0.371,0.372,7.473,10.27,10.21
"2013-07-31 12:15:00",12914,0,-0.005,0.309,0.021,0.286,0.043,0.026,0.043,0.051,14.87,28.09,16.56,27.37,17.78,16.86,17.75,18.23,0.405,0.373,0.373,7.307,10.09,10.04
"2013-07-31 12:30:00",12915,0,-0.005,0.309,0.022,0.286,0.043,0.026,0.043,0.051,14.87,28.09,16.62,27.37,17.78,16.86,17.75,18.22,0.404,0.375,0.375,7.41,9.92,9.88
"2013-07-31 12:45:00",12916,0,-0.005,0.31,0.022,0.285,0.043,0.026,0.043,0.051,14.87,28.1,16.6,27.36,17.78,16.86,17.75,18.23,0.407,0.377,0.377,7.164,9.74,9.72
"2013-07-31 13:00:00",12917,24,0.073,0.313,0.005,0.285,0.043,0.026,0.043,0.051,19.29,28.2,15.57,27.34,17.78,16.86,17.75,18.22,0.399,0.379,0.379,7.782,9.56,9.56
"2013-07-31 13:15:00",12918,34.4,0.06,0.338,0.017,0.286,0.043,0.026,0.043,0.051,18.68,28.96,16.33,27.37,17.77,16.86,17.75,18.2,0.362,0.381,0.381,11.11,9.39,9.41
"2013-07-31 13:30:00",12919,0,0.03,0.333,0.002,0.286,0.043,0.026,0.042,0.051,17.08,28.8,15.38,27.37,17.77,16.86,17.74,18.22,0.375,0.383,0.382,9.92,9.22,9.26
"2013-07-31 13:45:00",12920,0,0.022,0.33,0.001,0.287,0.043,0.026,0.042,0.051,16.6,28.73,15.3,27.4,17.77,16.86,17.74,18.2,0.378,0.385,0.384,9.6,9.05,9.11
"2013-07-31 14:00:00",12921,0,0.018,0.329,0,0.287,0.043,0.026,0.042,0.051,16.37,28.67,15.25,27.41,17.77,16.85,17.74,18.19,0.382,0.387,0.386,9.27,8.88,8.97
"2013-07-31 14:15:00",12922,0,0.015,0.327,0.001,0.287,0.043,0.026,0.043,0.051,16.18,28.63,15.27,27.43,17.77,16.83,17.75,18.2,0.387,0.388,0.387,8.81,8.73,8.84
"2013-07-31 14:30:00",12923,0,0.012,0.327,0.001,0.288,0.043,0.026,0.042,0.051,15.98,28.62,15.29,27.44,17.75,16.85,17.74,18.19,0.39,0.39,0.389,8.62,8.57,8.71
"2013-07-31 14:45:00",12924,0,0.01,0.326,0.002,0.289,0.043,0.026,0.042,0.051,15.86,28.61,15.33,27.47,17.77,16.85,17.74,18.19,0.392,0.392,0.39,8.41,8.42,8.58
"2013-07-31 15:00:00",12925,0,0.008,0.326,0.002,0.289,0.043,0.026,0.042,0.05,15.76,28.59,15.33,27.47,17.77,16.85,17.74,18.17,0.393,0.394,0.391,8.3,8.27,8.46
"2013-07-31 15:15:00",12926,0,0.007,0.326,0.002,0.289,0.043,0.026,0.042,0.051,15.69,28.59,15.34,27.48,17.75,16.85,17.74,18.19,0.395,0.395,0.393,8.18,8.13,8.34
"2013-07-31 15:30:00",12927,0,0.007,0.325,0.002,0.29,0.043,0.026,0.042,0.05,15.65,28.58,15.35,27.49,17.75,16.85,17.74,18.17,0.394,0.397,0.394,8.25,7.99,8.23
"2013-07-31 15:45:00",12928,0,0.006,0.325,0,0.29,0.043,0.026,0.042,0.05,15.61,28.56,15.25,27.49,17.75,16.85,17.74,18.17,0.391,0.398,0.395,8.51,7.864,8.13
"2013-07-31 16:00:00",12929,0,0.005,0.325,0.023,0.29,0.043,0.026,0.043,0.051,15.57,28.56,16.64,27.49,17.75,16.85,17.75,18.19,0.379,0.4,0.396,9.51,7.748,8.07
"2013-07-31 16:15:00",12930,0,0.005,0.325,0.023,0.29,0.043,0.026,0.043,0.051,15.54,28.58,16.64,27.51,17.77,16.86,17.77,18.2,0.368,0.401,0.396,10.53,7.64,8.06
"2013-07-31 16:30:00",12931,0,0.004,0.325,0.023,0.29,0.043,0.026,0.043,0.051,15.52,28.56,16.68,27.52,17.77,16.86,17.77,18.19,0.357,0.402,0.395,11.52,7.553,8.13
"2013-07-31 16:45:00",12932,0,0.004,0.325,0.024,0.291,0.043,0.027,0.043,0.051,15.48,28.56,16.71,27.53,17.77,16.87,17.77,18.2,0.359,0.403,0.393,11.3,7.502,8.29
"2013-07-31 17:00:00",12933,0,0.004,0.324,0.025,0.291,0.043,0.026,0.043,0.051,15.48,28.55,16.75,27.53,17.78,16.86,17.77,18.2,0.346,0.403,0.391,12.51,7.48,8.52
"2013-07-31 17:15:00",12934,0,0.004,0.325,0.025,0.291,0.043,0.027,0.043,0.051,15.48,28.56,16.79,27.55,17.78,16.87,17.77,18.2,0.325,0.403,0.388,14.52,7.506,8.77
"2013-07-31 17:30:00",12935,0,0.004,0.324,0.026,0.291,0.043,0.027,0.043,0.051,15.46,28.55,16.81,27.55,17.8,16.87,17.78,18.2,0.323,0.402,0.385,14.79,7.579,9.05
"2013-07-31 17:45:00",12936,0,0.003,0.324,0.025,0.291,0.043,0.027,0.043,0.051,15.44,28.55,16.76,27.53,17.8,16.89,17.78,18.22,0.297,0.4,0.381,17.35,7.694,9.34
"2013-07-31 18:00:00",12937,0,0.003,0.324,0.025,0.291,0.043,0.027,0.043,0.051,15.42,28.54,16.75,27.53,17.8,16.89,17.78,18.23,0.285,0.398,0.378,18.66,7.86,9.65
"2013-07-31 18:15:00",12938,0,0.003,0.324,0.025,0.291,0.044,0.027,0.043,0.051,15.41,28.52,16.76,27.55,17.81,16.89,17.8,18.23,0.299,0.396,0.374,17.19,8.08,9.94
"2013-07-31 18:30:00",12939,0,0.002,0.323,0.024,0.292,0.044,0.027,0.043,0.051,15.38,28.51,16.74,27.56,17.81,16.89,17.8,18.23,0.285,0.393,0.371,18.6,8.33,10.23
"2013-07-31 18:45:00",12940,0,0.002,0.323,0.024,0.292,0.044,0.027,0.043,0.052,15.37,28.51,16.7,27.56,17.81,16.9,17.8,18.24,0.303,0.389,0.368,16.77,8.63,10.54
"2013-07-31 19:00:00",12941,0,0.002,0.323,0.023,0.291,0.044,0.027,0.043,0.052,15.35,28.5,16.64,27.55,17.82,16.9,17.8,18.24,0.272,0.385,0.364,20.13,8.99,10.87
"2013-07-31 19:15:00",12942,0,0.002,0.323,0.022,0.291,0.044,0.027,0.044,0.052,15.33,28.5,16.6,27.55,17.82,16.9,17.81,18.26,0.236,0.381,0.36,24.28,9.39,11.24
"2013-07-31 19:30:00",12943,0,0.001,0.323,0.023,0.292,0.044,0.027,0.044,0.052,15.29,28.5,16.64,27.56,17.84,16.9,17.81,18.27,0.229,0.376,0.356,25.17,9.85,11.64
"2013-07-31 19:45:00",12944,0,-0.001,0.323,0.022,0.292,0.044,0.027,0.044,0.052,15.16,28.5,16.57,27.56,17.84,16.91,17.81,18.27,0.236,0.37,0.351,24.34,10.36,12.06
"2013-07-31 20:00:00",12945,0,-0.002,0.322,0.017,0.292,0.044,0.027,0.044,0.053,15.07,28.48,16.28,27.56,17.85,16.9,17.81,18.28,0.28,0.364,0.347,19.24,10.91,12.48
"2013-07-31 20:15:00",12946,0,-0.003,0.322,0.016,0.292,0.045,0.027,0.044,0.053,15.03,28.48,16.24,27.56,17.86,16.91,17.81,18.28,0.26,0.357,0.342,21.57,11.49,12.91
"2013-07-31 20:30:00",12947,0,-0.003,0.322,0.016,0.292,0.045,0.027,0.044,0.053,15,28.48,16.25,27.56,17.86,16.91,17.82,18.28,0.273,0.351,0.338,20.02,12.07,13.32
"2013-07-31 20:45:00",12948,0,-0.004,0.322,0.016,0.291,0.045,0.027,0.044,0.053,14.97,28.47,16.24,27.55,17.86,16.91,17.82,18.3,0.303,0.345,0.333,16.79,12.65,13.73
"2013-07-31 21:00:00",12949,0,-0.004,0.321,0.015,0.291,0.045,0.027,0.044,0.053,14.96,28.46,16.21,27.55,17.88,16.91,17.82,18.31,0.309,0.339,0.329,16.13,13.22,14.11
"2013-07-31 21:15:00",12950,0,-0.004,0.321,0.016,0.291,0.045,0.028,0.044,0.053,14.95,28.46,16.22,27.55,17.89,16.93,17.84,18.31,0.309,0.333,0.326,16.19,13.75,14.46
"2013-07-31 21:30:00",12951,0,-0.004,0.321,0.016,0.291,0.045,0.027,0.044,0.053,14.93,28.44,16.24,27.55,17.89,16.91,17.84,18.32,0.304,0.328,0.323,16.69,14.24,14.78
"2013-07-31 21:45:00",12952,0,-0.004,0.321,0.016,0.291,0.045,0.028,0.044,0.054,14.93,28.44,16.24,27.55,17.89,16.93,17.85,18.34,0.303,0.324,0.32,16.78,14.69,15.08
"2013-07-31 22:00:00",12953,0,-0.004,0.321,0.016,0.291,0.045,0.027,0.044,0.054,14.93,28.44,16.22,27.55,17.9,16.91,17.85,18.34,0.305,0.319,0.317,16.55,15.1,15.35
"2013-07-31 22:15:00",12954,0,-0.004,0.32,0.016,0.291,0.046,0.028,0.044,0.054,14.92,28.43,16.22,27.53,17.92,16.93,17.85,18.34,0.308,0.315,0.314,16.19,15.49,15.61
"2013-07-31 22:30:00",12955,0,-0.004,0.32,0.016,0.291,0.046,0.028,0.045,0.054,14.92,28.42,16.22,27.55,17.92,16.94,17.86,18.35,0.308,0.312,0.312,16.29,15.84,15.85
"2013-07-31 22:45:00",12956,0,-0.004,0.32,0.016,0.291,0.046,0.028,0.045,0.054,14.92,28.43,16.22,27.53,17.92,16.94,17.86,18.36,0.306,0.309,0.31,16.43,16.17,16.09
"2013-07-31 23:00:00",12957,0,-0.004,0.32,0.016,0.291,0.046,0.028,0.045,0.054,14.92,28.42,16.22,27.53,17.92,16.94,17.88,18.36,0.3,0.306,0.307,17.03,16.47,16.31
"2013-07-31 23:15:00",12958,0,-0.004,0.319,0.016,0.291,0.046,0.028,0.045,0.054,14.92,28.4,16.22,27.53,17.93,16.94,17.86,18.38,0.296,0.303,0.305,17.45,16.76,16.52
"2013-07-31 23:30:00",12959,0,-0.004,0.319,0.015,0.291,0.046,0.028,0.045,0.054,14.92,28.4,16.19,27.53,17.93,16.94,17.88,18.38,0.303,0.3,0.303,16.7,17.02,16.71
"2013-07-31 23:45:00",12960,0,-0.005,0.319,0.015,0.291,0.046,0.028,0.045,0.054,14.91,28.4,16.19,27.53,17.93,16.95,17.88,18.38,0.291,0.298,0.301,18,17.27,16.91
"2013-08-01 00:00:00",12961,0,-0.005,0.319,0.015,0.291,0.046,0.028,0.045,0.055,14.91,28.4,16.18,27.53,17.93,16.94,17.88,18.39,0.297,0.296,0.3,17.32,17.49,17.08
"2013-08-01 00:15:00",12962,0,-0.005,0.319,0.015,0.291,0.046,0.028,0.045,0.055,14.91,28.39,16.17,27.53,17.93,16.95,17.89,18.39,0.306,0.294,0.298,16.48,17.71,17.25
"2013-08-01 00:30:00",12963,0,-0.005,0.319,0.015,0.291,0.046,0.028,0.045,0.055,14.91,28.39,16.18,27.53,17.93,16.95,17.89,18.41,0.31,0.292,0.297,16.06,17.88,17.39
"2013-08-01 00:45:00",12964,0,-0.005,0.319,0.015,0.291,0.046,0.028,0.045,0.055,14.89,28.37,16.21,27.53,17.93,16.95,17.89,18.41,0.316,0.291,0.296,15.46,18.03,17.52
"2013-08-01 01:00:00",12965,0,-0.005,0.319,0.015,0.29,0.046,0.028,0.045,0.055,14.91,28.37,16.19,27.52,17.94,16.94,17.89,18.41,0.323,0.29,0.295,14.78,18.15,17.63
"2013-08-01 01:15:00",12966,0,-0.005,0.319,0.015,0.29,0.046,0.028,0.045,0.055,14.89,28.37,16.21,27.52,17.94,16.94,17.89,18.39,0.334,0.289,0.294,13.7,18.25,17.69
"2013-08-01 01:30:00",12967,0,-0.005,0.319,0.015,0.29,0.046,0.028,0.045,0.055,14.88,28.37,16.21,27.52,17.93,16.94,17.89,18.41,0.344,0.288,0.294,12.73,18.31,17.71
"2013-08-01 01:45:00",12968,0,-0.005,0.319,0.015,0.29,0.046,0.028,0.045,0.055,14.88,28.37,16.21,27.51,17.93,16.94,17.88,18.39,0.351,0.288,0.294,12.07,18.32,17.67
"2013-08-01 02:00:00",12969,0,-0.005,0.319,0.016,0.29,0.046,0.028,0.045,0.055,14.88,28.37,16.22,27.52,17.93,16.94,17.88,18.39,0.357,0.288,0.295,11.49,18.29,17.59
"2013-08-01 02:15:00",12970,0,-0.005,0.318,0.016,0.29,0.046,0.028,0.045,0.055,14.88,28.36,16.25,27.51,17.93,16.94,17.88,18.39,0.359,0.289,0.296,11.34,18.21,17.47
"2013-08-01 02:30:00",12971,0,-0.005,0.318,0.016,0.29,0.046,0.028,0.045,0.055,14.88,28.36,16.25,27.51,17.92,16.93,17.86,18.39,0.362,0.29,0.297,11.08,18.09,17.32
"2013-08-01 02:45:00",12972,0,-0.005,0.318,0.017,0.29,0.046,0.028,0.045,0.055,14.88,28.36,16.28,27.52,17.92,16.93,17.88,18.39,0.362,0.292,0.299,11.1,17.93,17.16
"2013-08-01 03:00:00",12973,0,-0.005,0.319,0.017,0.29,0.046,0.028,0.045,0.054,14.88,28.37,16.28,27.51,17.92,16.93,17.86,18.38,0.363,0.294,0.301,10.97,17.74,16.99
"2013-08-01 03:15:00",12974,0,-0.005,0.319,0.017,0.29,0.046,0.028,0.045,0.054,14.88,28.37,16.28,27.51,17.92,16.93,17.86,18.38,0.366,0.296,0.303,10.71,17.52,16.8
"2013-08-01 03:30:00",12975,0,-0.005,0.318,0.017,0.29,0.045,0.027,0.045,0.054,14.88,28.36,16.28,27.49,17.9,16.91,17.86,18.38,0.37,0.298,0.305,10.37,17.29,16.59
"2013-08-01 03:45:00",12976,0,-0.005,0.319,0.017,0.29,0.045,0.028,0.045,0.054,14.88,28.37,16.28,27.51,17.9,16.93,17.86,18.38,0.372,0.3,0.307,10.17,17.05,16.37
"2013-08-01 04:00:00",12977,0,-0.005,0.319,0.016,0.29,0.045,0.027,0.044,0.054,14.88,28.37,16.25,27.51,17.9,16.91,17.85,18.36,0.372,0.303,0.309,10.13,16.79,16.15
"2013-08-01 04:15:00",12978,0,-0.005,0.319,0.017,0.29,0.045,0.028,0.045,0.054,14.88,28.37,16.29,27.49,17.9,16.93,17.86,18.36,0.373,0.305,0.311,10.04,16.52,15.92
"2013-08-01 04:30:00",12979,0,-0.005,0.319,0.016,0.29,0.045,0.027,0.044,0.054,14.89,28.37,16.26,27.51,17.89,16.91,17.85,18.36,0.375,0.308,0.313,9.91,16.24,15.69
"2013-08-01 04:45:00",12980,0,-0.005,0.318,0.017,0.29,0.045,0.027,0.044,0.054,14.88,28.36,16.29,27.51,17.89,16.91,17.85,18.36,0.378,0.311,0.316,9.62,15.96,15.47
"2013-08-01 05:00:00",12981,0,-0.005,0.319,0.017,0.29,0.045,0.027,0.044,0.054,14.88,28.37,16.33,27.51,17.89,16.91,17.85,18.35,0.379,0.314,0.318,9.51,15.68,15.24
"2013-08-01 05:15:00",12982,0,-0.005,0.317,0.017,0.29,0.045,0.027,0.044,0.054,14.88,28.33,16.29,27.49,17.88,16.91,17.84,18.35,0.38,0.316,0.32,9.45,15.4,15.01
"2013-08-01 05:30:00",12983,0,-0.005,0.317,0.017,0.29,0.045,0.027,0.044,0.054,14.88,28.33,16.32,27.51,17.88,16.9,17.84,18.35,0.383,0.319,0.323,9.17,15.13,14.78
"2013-08-01 05:45:00",12984,0,-0.005,0.318,0.016,0.29,0.045,0.027,0.044,0.054,14.88,28.35,16.25,27.49,17.86,16.9,17.84,18.34,0.384,0.322,0.325,9.1,14.85,14.56
"2013-08-01 06:00:00",12985,0,-0.005,0.318,0.018,0.29,0.045,0.027,0.044,0.053,14.88,28.35,16.34,27.49,17.86,16.9,17.84,18.32,0.385,0.325,0.327,8.99,14.58,14.34
"2013-08-01 06:15:00",12986,0,-0.005,0.318,0.018,0.29,0.045,0.027,0.044,0.053,14.88,28.35,16.36,27.49,17.88,16.9,17.82,18.32,0.383,0.327,0.329,9.16,14.31,14.12
"2013-08-01 06:30:00",12987,0,-0.005,0.317,0.017,0.29,0.044,0.027,0.044,0.053,14.89,28.33,16.32,27.51,17.85,16.89,17.82,18.32,0.39,0.33,0.332,8.61,14.05,13.91
"2013-08-01 06:45:00",12988,0,-0.005,0.318,0.017,0.29,0.044,0.027,0.044,0.053,14.89,28.35,16.28,27.49,17.85,16.89,17.82,18.32,0.392,0.333,0.334,8.39,13.79,13.69
"2013-08-01 07:00:00",12989,0,-0.005,0.317,0.016,0.29,0.044,0.027,0.044,0.053,14.89,28.33,16.26,27.49,17.85,16.89,17.81,18.31,0.396,0.335,0.336,8.04,13.54,13.46
"2013-08-01 07:15:00",12990,0,-0.005,0.317,0.017,0.29,0.044,0.027,0.044,0.053,14.89,28.33,16.28,27.49,17.84,16.89,17.81,18.31,0.398,0.338,0.339,7.916,13.29,13.22
"2013-08-01 07:30:00",12991,0,-0.005,0.318,0.016,0.29,0.044,0.027,0.044,0.053,14.89,28.35,16.26,27.49,17.85,16.89,17.81,18.31,0.395,0.341,0.341,8.12,13.04,12.99
"2013-08-01 07:45:00",12992,0,-0.005,0.318,0.017,0.29,0.044,0.027,0.044,0.053,14.89,28.35,16.28,27.49,17.84,16.89,17.81,18.3,0.396,0.343,0.344,8.08,12.79,12.76
"2013-08-01 08:00:00",12993,0,-0.005,0.318,0.016,0.29,0.044,0.027,0.043,0.053,14.91,28.35,16.26,27.49,17.84,16.89,17.8,18.3,0.397,0.346,0.346,7.96,12.55,12.54
"2013-08-01 08:15:00",12994,0,-0.005,0.318,0.016,0.29,0.044,0.027,0.043,0.053,14.91,28.35,16.26,27.49,17.82,16.87,17.8,18.28,0.399,0.349,0.348,7.784,12.3,12.34
"2013-08-01 08:30:00",12995,0,-0.005,0.318,0.016,0.29,0.044,0.027,0.043,0.053,14.91,28.35,16.26,27.49,17.84,16.87,17.8,18.28,0.399,0.351,0.35,7.834,12.06,12.13
"2013-08-01 08:45:00",12996,0,-0.005,0.317,0.017,0.29,0.044,0.027,0.043,0.053,14.91,28.33,16.32,27.49,17.82,16.87,17.78,18.28,0.401,0.354,0.353,7.607,11.82,11.93
"2013-08-01 09:00:00",12997,0,-0.005,0.317,0.018,0.289,0.044,0.026,0.043,0.053,14.91,28.33,16.34,27.48,17.82,16.86,17.78,18.28,0.404,0.356,0.355,7.399,11.59,11.73
"2013-08-01 09:15:00",12998,0,-0.005,0.318,0.019,0.29,0.044,0.026,0.043,0.052,14.89,28.35,16.4,27.49,17.81,16.86,17.78,18.27,0.408,0.359,0.357,7.057,11.37,11.52
"2013-08-01 09:30:00",12999,0,-0.005,0.317,0.019,0.289,0.044,0.027,0.043,0.052,14.89,28.33,16.43,27.48,17.81,16.87,17.78,18.27,0.407,0.361,0.359,7.134,11.14,11.3
"2013-08-01 09:45:00",13000,0,-0.005,0.318,0.018,0.29,0.044,0.026,0.043,0.052,14.89,28.35,16.34,27.49,17.81,16.86,17.78,18.27,0.403,0.364,0.362,7.456,10.92,11.1
"2013-08-01 10:00:00",13001,0,-0.005,0.318,0.019,0.29,0.044,0.026,0.043,0.052,14.89,28.35,16.4,27.49,17.81,16.86,17.78,18.26,0.406,0.366,0.364,7.215,10.69,10.91
"2013-08-01 10:15:00",13002,0,-0.005,0.318,0.019,0.29,0.044,0.026,0.043,0.052,14.89,28.35,16.4,27.49,17.81,16.86,17.77,18.24,0.406,0.369,0.366,7.248,10.48,10.72
"2013-08-01 10:30:00",13003,0,-0.005,0.318,0.017,0.29,0.043,0.026,0.043,0.052,14.89,28.35,16.33,27.49,17.8,16.86,17.77,18.24,0.406,0.371,0.368,7.223,10.27,10.53
"2013-08-01 10:45:00",13004,0,-0.005,0.317,0.018,0.29,0.043,0.026,0.043,0.052,14.89,28.33,16.34,27.49,17.8,16.86,17.77,18.24,0.41,0.373,0.37,6.884,10.07,10.35
"2013-08-01 11:00:00",13005,0,-0.005,0.318,0.02,0.29,0.043,0.026,0.043,0.052,14.91,28.35,16.45,27.49,17.78,16.85,17.75,18.24,0.406,0.375,0.372,7.196,9.88,10.18
"2013-08-01 11:15:00",13006,0,-0.004,0.318,0.021,0.29,0.043,0.026,0.043,0.052,14.92,28.35,16.55,27.51,17.8,16.86,17.75,18.24,0.401,0.377,0.374,7.643,9.69,10.01
"2013-08-01 11:30:00",13007,0,-0.004,0.318,0.022,0.29,0.043,0.026,0.043,0.051,14.95,28.35,16.62,27.51,17.78,16.86,17.77,18.23,0.395,0.379,0.375,8.19,9.5,9.86
"2013-08-01 11:45:00",13008,0,-0.004,0.318,0.024,0.29,0.043,0.026,0.043,0.052,14.96,28.35,16.7,27.51,17.78,16.86,17.77,18.24,0.389,0.381,0.377,8.68,9.33,9.72
"2013-08-01 12:00:00",13009,0,-0.004,0.318,0.024,0.29,0.043,0.026,0.043,0.051,14.97,28.35,16.72,27.49,17.78,16.86,17.77,18.23,0.385,0.383,0.378,8.97,9.17,9.6
"2013-08-01 12:15:00",13010,0,-0.004,0.318,0.025,0.29,0.043,0.026,0.043,0.051,14.97,28.36,16.75,27.49,17.78,16.86,17.77,18.23,0.385,0.385,0.38,9.05,9.03,9.5
"2013-08-01 12:30:00",13011,0,-0.003,0.319,0.025,0.29,0.043,0.026,0.043,0.051,14.99,28.37,16.76,27.51,17.78,16.86,17.77,18.23,0.383,0.386,0.381,9.2,8.9,9.4
"2013-08-01 12:45:00",13012,0,-0.004,0.318,0.022,0.29,0.043,0.026,0.043,0.051,14.97,28.36,16.63,27.49,17.78,16.86,17.77,18.23,0.382,0.388,0.381,9.25,8.79,9.33
"2013-08-01 13:00:00",13013,0,-0.004,0.318,0.022,0.29,0.043,0.026,0.043,0.051,14.97,28.36,16.6,27.51,17.78,16.86,17.77,18.23,0.385,0.389,0.382,9.06,8.71,9.27
"2013-08-01 13:15:00",13014,0,-0.004,0.318,0.022,0.29,0.043,0.026,0.043,0.051,14.97,28.36,16.6,27.51,17.78,16.86,17.75,18.23,0.386,0.389,0.383,8.9,8.63,9.21
"2013-08-01 13:30:00",13015,0,-0.004,0.318,0.022,0.29,0.043,0.026,0.043,0.051,14.96,28.36,16.6,27.51,17.78,16.85,17.75,18.22,0.388,0.39,0.384,8.76,8.57,9.14
"2013-08-01 13:45:00",13016,0,-0.004,0.318,0.022,0.29,0.043,0.026,0.043,0.051,14.96,28.36,16.6,27.49,17.78,16.85,17.75,18.22,0.39,0.391,0.384,8.6,8.51,9.06
"2013-08-01 14:00:00",13017,0,-0.004,0.318,0.022,0.29,0.043,0.026,0.043,0.051,14.97,28.36,16.59,27.49,17.77,16.85,17.75,18.22,0.392,0.392,0.385,8.42,8.45,8.99
"2013-08-01 14:15:00",13018,0,-0.004,0.318,0.022,0.29,0.043,0.026,0.043,0.051,14.96,28.36,16.6,27.51,17.77,16.85,17.75,18.2,0.395,0.392,0.386,8.13,8.39,8.92
"2013-08-01 14:30:00",13019,0,-0.004,0.318,0.022,0.29,0.043,0.026,0.043,0.051,14.96,28.36,16.62,27.49,17.77,16.83,17.75,18.2,0.397,0.393,0.387,8.01,8.33,8.84
"2013-08-01 14:45:00",13020,0,-0.004,0.318,0.023,0.29,0.043,0.026,0.043,0.051,14.96,28.36,16.68,27.51,17.75,16.83,17.75,18.22,0.397,0.394,0.388,8.01,8.26,8.75
"2013-08-01 15:00:00",13021,0,-0.004,0.318,0.024,0.29,0.043,0.026,0.043,0.051,14.96,28.36,16.7,27.51,17.75,16.85,17.75,18.2,0.394,0.395,0.389,8.27,8.19,8.66
"2013-08-01 15:15:00",13022,0,-0.004,0.318,0.023,0.29,0.043,0.026,0.042,0.051,14.97,28.36,16.64,27.49,17.75,16.85,17.74,18.2,0.39,0.395,0.39,8.59,8.11,8.57
"2013-08-01 15:30:00",13023,0,-0.004,0.318,0.023,0.29,0.043,0.026,0.043,0.051,14.97,28.36,16.66,27.51,17.77,16.86,17.75,18.2,0.387,0.396,0.391,8.88,8.04,8.51
"2013-08-01 15:45:00",13024,0,-0.004,0.319,0.023,0.29,0.043,0.026,0.042,0.051,14.97,28.37,16.64,27.51,17.77,16.86,17.74,18.19,0.383,0.397,0.391,9.22,7.963,8.46
"2013-08-01 16:00:00",13025,0,-0.003,0.319,0.022,0.29,0.043,0.026,0.042,0.051,14.99,28.37,16.63,27.51,17.75,16.85,17.74,18.2,0.381,0.398,0.392,9.35,7.895,8.42
"2013-08-01 16:15:00",13026,0,-0.003,0.318,0.022,0.29,0.043,0.026,0.043,0.051,15.01,28.36,16.63,27.51,17.77,16.85,17.75,18.2,0.378,0.399,0.392,9.65,7.847,8.39
"2013-08-01 16:30:00",13027,0,-0.003,0.318,0.022,0.29,0.043,0.026,0.043,0.051,15.01,28.36,16.62,27.51,17.77,16.86,17.75,18.2,0.374,0.399,0.392,9.95,7.808,8.38
"2013-08-01 16:45:00",13028,0,-0.003,0.318,0.022,0.29,0.043,0.026,0.043,0.051,15.03,28.36,16.6,27.52,17.77,16.86,17.75,18.2,0.369,0.399,0.392,10.46,7.786,8.38
"2013-08-01 17:00:00",13029,0,-0.002,0.319,0.02,0.29,0.043,0.026,0.043,0.051,15.07,28.37,16.45,27.51,17.78,16.86,17.75,18.2,0.36,0.399,0.392,11.22,7.785,8.4
"2013-08-01 17:15:00",13030,0,-0.002,0.319,0.02,0.29,0.043,0.027,0.043,0.051,15.1,28.37,16.48,27.52,17.78,16.87,17.77,18.2,0.353,0.399,0.392,11.93,7.798,8.45
"2013-08-01 17:30:00",13031,0,-0.001,0.319,0.02,0.29,0.043,0.026,0.043,0.051,15.14,28.37,16.51,27.52,17.78,16.86,17.77,18.2,0.351,0.399,0.391,12.05,7.827,8.53
"2013-08-01 17:45:00",13032,0,0.001,0.319,0.02,0.29,0.043,0.027,0.043,0.051,15.29,28.37,16.48,27.52,17.78,16.87,17.77,18.22,0.338,0.398,0.389,13.33,7.888,8.63
"2013-08-01 18:00:00",13033,0,0.002,0.319,0.02,0.29,0.043,0.027,0.043,0.051,15.35,28.37,16.51,27.52,17.8,16.89,17.78,18.22,0.295,0.397,0.388,17.62,7.972,8.75
"2013-08-01 18:15:00",13034,0,0.002,0.318,0.019,0.29,0.043,0.027,0.043,0.051,15.35,28.36,16.4,27.52,17.8,16.89,17.77,18.22,0.293,0.396,0.386,17.84,8.08,8.93
"2013-08-01 18:30:00",13035,0,0.002,0.318,0.018,0.291,0.043,0.027,0.043,0.051,15.35,28.36,16.38,27.53,17.8,16.87,17.78,18.23,0.296,0.394,0.383,17.51,8.24,9.18
"2013-08-01 18:45:00",13036,0,0.002,0.318,0.018,0.29,0.043,0.027,0.043,0.051,15.38,28.36,16.38,27.52,17.8,16.87,17.78,18.23,0.311,0.392,0.38,15.91,8.45,9.46
"2013-08-01 19:00:00",13037,0,0.002,0.318,0.019,0.29,0.043,0.027,0.043,0.052,15.38,28.35,16.44,27.52,17.8,16.89,17.78,18.24,0.303,0.388,0.377,16.79,8.72,9.75
"2013-08-01 19:15:00",13038,0,0.003,0.318,0.019,0.291,0.044,0.027,0.043,0.052,15.44,28.36,16.4,27.53,17.81,16.89,17.78,18.24,0.293,0.385,0.373,17.8,9.03,10.04
"2013-08-01 19:30:00",13039,0,0.003,0.318,0.019,0.291,0.044,0.027,0.043,0.052,15.45,28.36,16.41,27.53,17.81,16.89,17.8,18.24,0.265,0.381,0.37,20.88,9.37,10.34
"2013-08-01 19:45:00",13040,0,0.003,0.318,0.018,0.291,0.044,0.027,0.043,0.052,15.45,28.35,16.34,27.53,17.82,16.89,17.8,18.26,0.255,0.377,0.366,22.02,9.73,10.67
"2013-08-01 20:00:00",13041,0,0.004,0.318,0.018,0.29,0.044,0.027,0.044,0.052,15.46,28.35,16.34,27.52,17.84,16.9,17.81,18.26,0.275,0.373,0.362,19.75,10.12,11.05
"2013-08-01 20:15:00",13042,0,0.004,0.318,0.017,0.291,0.044,0.027,0.044,0.052,15.46,28.35,16.33,27.53,17.84,16.9,17.81,18.27,0.262,0.368,0.358,21.19,10.54,11.45
"2013-08-01 20:30:00",13043,0,0.003,0.318,0.017,0.29,0.044,0.027,0.044,0.052,15.45,28.35,16.28,27.52,17.84,16.9,17.81,18.27,0.261,0.363,0.353,21.3,10.98,11.87
"2013-08-01 20:45:00",13044,0,0.003,0.318,0.017,0.291,0.044,0.027,0.044,0.053,15.45,28.35,16.29,27.53,17.85,16.9,17.81,18.28,0.281,0.358,0.349,19.03,11.46,12.3
"2013-08-01 21:00:00",13045,0,0.003,0.317,0.018,0.29,0.044,0.027,0.044,0.053,15.45,28.33,16.36,27.52,17.85,16.91,17.81,18.3,0.302,0.352,0.344,16.81,11.95,12.71
"2013-08-01 21:15:00",13046,0,0.003,0.317,0.019,0.29,0.045,0.027,0.044,0.053,15.44,28.33,16.44,27.52,17.86,16.91,17.82,18.3,0.315,0.347,0.34,15.51,12.43,13.1
"2013-08-01 21:30:00",13047,0,0.003,0.317,0.018,0.29,0.045,0.028,0.044,0.053,15.42,28.32,16.38,27.52,17.86,16.93,17.84,18.31,0.316,0.342,0.336,15.44,12.91,13.52
"2013-08-01 21:45:00",13048,0,0.003,0.317,0.02,0.29,0.045,0.027,0.044,0.053,15.42,28.32,16.45,27.52,17.86,16.91,17.84,18.31,0.318,0.337,0.331,15.19,13.37,13.94
"2013-08-01 22:00:00",13049,0,0.003,0.317,0.018,0.29,0.045,0.028,0.044,0.053,15.42,28.32,16.36,27.51,17.89,16.93,17.85,18.32,0.319,0.332,0.327,15.11,13.82,14.35
"2013-08-01 22:15:00",13050,0,0.003,0.317,0.017,0.29,0.045,0.028,0.044,0.054,15.44,28.32,16.29,27.51,17.88,16.93,17.85,18.34,0.32,0.328,0.323,14.99,14.26,14.73
"2013-08-01 22:30:00",13051,0,0.003,0.316,0.018,0.29,0.045,0.028,0.044,0.054,15.44,28.31,16.34,27.51,17.89,16.93,17.85,18.34,0.321,0.324,0.319,14.91,14.67,15.09
"2013-08-01 22:45:00",13052,0,0.003,0.314,0.015,0.29,0.045,0.028,0.045,0.054,15.41,28.25,16.19,27.51,17.89,16.93,17.86,18.35,0.324,0.32,0.316,14.65,15.07,15.44
"2013-08-01 23:00:00",13053,0,0.003,0.314,0.017,0.29,0.045,0.028,0.045,0.054,15.44,28.25,16.33,27.51,17.9,16.93,17.86,18.35,0.324,0.316,0.313,14.63,15.44,15.75
"2013-08-01 23:15:00",13054,0,0.003,0.314,0.017,0.29,0.045,0.028,0.045,0.054,15.44,28.25,16.3,27.49,17.9,16.93,17.86,18.36,0.318,0.313,0.31,15.25,15.78,16.01
"2013-08-01 23:30:00",13055,0,0.003,0.314,0.018,0.29,0.046,0.028,0.045,0.054,15.44,28.24,16.34,27.51,17.92,16.94,17.86,18.38,0.319,0.309,0.308,15.16,16.09,16.25
"2013-08-01 23:45:00",13056,0,0.003,0.314,0.014,0.29,0.046,0.028,0.045,0.054,15.42,28.25,16.14,27.49,17.92,16.95,17.88,18.36,0.31,0.307,0.305,16.02,16.37,16.5
"2013-08-02 00:00:00",13057,0,0.003,0.314,0.017,0.29,0.046,0.028,0.045,0.054,15.41,28.24,16.29,27.49,17.93,16.94,17.88,18.38,0.312,0.304,0.303,15.86,16.63,16.74
"2013-08-02 00:15:00",13058,0,0.003,0.314,0.017,0.29,0.046,0.028,0.045,0.055,15.39,28.23,16.29,27.49,17.92,16.94,17.88,18.39,0.324,0.302,0.301,14.63,16.88,16.96
"2013-08-02 00:30:00",13059,0,0.003,0.314,0.016,0.29,0.046,0.028,0.045,0.055,15.39,28.23,16.25,27.49,17.93,16.94,17.89,18.39,0.327,0.299,0.299,14.31,17.11,17.15
"2013-08-02 00:45:00",13060,0,0.003,0.314,0.015,0.289,0.046,0.028,0.045,0.055,15.39,28.23,16.18,27.48,17.93,16.95,17.88,18.39,0.331,0.298,0.298,13.92,17.32,17.3
"2013-08-02 01:00:00",13061,0,0.002,0.314,0.015,0.289,0.046,0.028,0.045,0.055,15.38,28.23,16.17,27.48,17.93,16.95,17.89,18.39,0.337,0.296,0.297,13.41,17.5,17.42
"2013-08-02 01:15:00",13062,0,0.002,0.313,0.015,0.289,0.046,0.028,0.045,0.055,15.38,28.21,16.17,27.47,17.93,16.94,17.88,18.39,0.341,0.294,0.296,13.01,17.64,17.49
"2013-08-02 01:30:00",13063,0,0.002,0.313,0.015,0.289,0.046,0.028,0.045,0.055,15.38,28.21,16.15,27.47,17.92,16.94,17.88,18.39,0.345,0.293,0.296,12.59,17.75,17.51
"2013-08-02 01:45:00",13064,0,0.002,0.314,0.014,0.289,0.046,0.028,0.045,0.055,15.38,28.23,16.14,27.48,17.92,16.94,17.89,18.39,0.348,0.293,0.296,12.37,17.81,17.5
"2013-08-02 02:00:00",13065,0,0.002,0.314,0.015,0.289,0.046,0.028,0.045,0.055,15.38,28.23,16.15,27.48,17.92,16.94,17.88,18.39,0.35,0.293,0.296,12.13,17.84,17.45
"2013-08-02 02:15:00",13066,0,0.003,0.313,0.015,0.289,0.046,0.028,0.045,0.055,15.39,28.21,16.15,27.47,17.93,16.94,17.89,18.39,0.354,0.293,0.297,11.81,17.82,17.38
"2013-08-02 02:30:00",13067,0,0.003,0.313,0.014,0.289,0.046,0.028,0.045,0.055,15.39,28.21,16.13,27.47,17.92,16.94,17.89,18.41,0.353,0.293,0.298,11.87,17.77,17.29
"2013-08-02 02:45:00",13068,0,0.003,0.313,0.014,0.289,0.046,0.028,0.045,0.055,15.39,28.21,16.14,27.48,17.93,16.94,17.89,18.39,0.355,0.294,0.299,11.71,17.69,17.19
"2013-08-02 03:00:00",13069,0,0.003,0.313,0.014,0.289,0.046,0.028,0.045,0.055,15.39,28.21,16.14,27.47,17.93,16.93,17.88,18.39,0.354,0.295,0.3,11.78,17.59,17.09
"2013-08-02 03:15:00",13070,0,0.003,0.313,0.014,0.288,0.046,0.028,0.045,0.055,15.39,28.21,16.14,27.45,17.92,16.93,17.86,18.39,0.356,0.296,0.301,11.58,17.47,16.99
"2013-08-02 03:30:00",13071,0,0.003,0.313,0.014,0.288,0.046,0.028,0.045,0.054,15.39,28.2,16.14,27.45,17.92,16.93,17.88,18.38,0.36,0.297,0.302,11.27,17.34,16.84
"2013-08-02 03:45:00",13072,0,0.003,0.313,0.014,0.288,0.045,0.028,0.045,0.054,15.39,28.21,16.13,27.45,17.9,16.93,17.86,18.38,0.363,0.299,0.304,10.96,17.2,16.67
"2013-08-02 04:00:00",13073,0,0.003,0.313,0.014,0.289,0.046,0.028,0.045,0.054,15.39,28.21,16.13,27.47,17.92,16.93,17.86,18.38,0.367,0.3,0.306,10.61,17.04,16.48
"2013-08-02 04:15:00",13074,0,0.003,0.313,0.014,0.289,0.045,0.027,0.045,0.054,15.39,28.21,16.14,27.47,17.9,16.91,17.86,18.36,0.367,0.302,0.308,10.63,16.86,16.27
"2013-08-02 04:30:00",13075,0,0.003,0.313,0.014,0.288,0.045,0.028,0.045,0.054,15.39,28.2,16.11,27.45,17.9,16.93,17.86,18.36,0.368,0.304,0.31,10.51,16.65,16.06
"2013-08-02 04:45:00",13076,0,0.003,0.313,0.014,0.288,0.045,0.027,0.045,0.054,15.39,28.21,16.11,27.45,17.89,16.91,17.86,18.36,0.369,0.306,0.312,10.47,16.44,15.86
"2013-08-02 05:00:00",13077,0,0.003,0.313,0.014,0.288,0.045,0.027,0.045,0.054,15.39,28.21,16.1,27.45,17.89,16.91,17.86,18.35,0.37,0.308,0.314,10.38,16.22,15.66
"2013-08-02 05:15:00",13078,0,0.002,0.313,0.014,0.288,0.045,0.027,0.044,0.054,15.38,28.21,16.11,27.45,17.89,16.91,17.85,18.35,0.37,0.31,0.316,10.3,15.99,15.45
"2013-08-02 05:30:00",13079,0,0.003,0.313,0.014,0.289,0.045,0.027,0.044,0.054,15.39,28.2,16.13,27.47,17.89,16.91,17.84,18.35,0.374,0.313,0.318,9.99,15.77,15.24
"2013-08-02 05:45:00",13080,0,0.002,0.313,0.014,0.288,0.045,0.027,0.044,0.054,15.38,28.2,16.13,27.45,17.88,16.9,17.84,18.34,0.376,0.315,0.32,9.85,15.53,15.03
"2013-08-02 06:00:00",13081,0,0.002,0.313,0.014,0.288,0.045,0.027,0.044,0.054,15.38,28.2,16.11,27.45,17.88,16.9,17.84,18.34,0.377,0.317,0.322,9.69,15.3,14.81
"2013-08-02 06:15:00",13082,0,0.003,0.313,0.014,0.288,0.045,0.027,0.044,0.054,15.39,28.2,16.13,27.44,17.88,16.9,17.84,18.34,0.38,0.32,0.325,9.42,15.06,14.59
"2013-08-02 06:30:00",13083,0,0.003,0.313,0.014,0.288,0.045,0.027,0.044,0.054,15.39,28.2,16.14,27.44,17.86,16.9,17.82,18.34,0.382,0.322,0.327,9.32,14.82,14.35
"2013-08-02 06:45:00",13084,0,0.003,0.313,0.014,0.288,0.045,0.027,0.044,0.053,15.39,28.21,16.14,27.45,17.86,16.9,17.84,18.32,0.381,0.325,0.329,9.38,14.57,14.11
"2013-08-02 07:00:00",13085,0,0.003,0.313,0.014,0.288,0.045,0.027,0.044,0.053,15.39,28.2,16.13,27.45,17.86,16.9,17.84,18.32,0.38,0.327,0.332,9.42,14.31,13.9
"2013-08-02 07:15:00",13086,0,0.003,0.313,0.014,0.288,0.045,0.027,0.044,0.053,15.39,28.21,16.13,27.45,17.86,16.9,17.82,18.32,0.38,0.33,0.334,9.45,14.06,13.7
"2013-08-02 07:30:00",13087,0,0.003,0.313,0.014,0.288,0.045,0.027,0.044,0.053,15.39,28.21,16.13,27.45,17.86,16.9,17.82,18.32,0.378,0.333,0.336,9.63,13.82,13.52
"2013-08-02 07:45:00",13088,0,0.003,0.313,0.014,0.288,0.045,0.027,0.044,0.053,15.39,28.21,16.13,27.45,17.86,16.89,17.82,18.32,0.379,0.335,0.337,9.55,13.59,13.36
"2013-08-02 08:00:00",13089,0,0.003,0.313,0.014,0.288,0.044,0.027,0.044,0.053,15.39,28.21,16.13,27.45,17.85,16.9,17.82,18.31,0.377,0.337,0.339,9.68,13.37,13.2
"2013-08-02 08:15:00",13090,0,0.003,0.313,0.014,0.289,0.044,0.027,0.044,0.053,15.39,28.21,16.14,27.47,17.85,16.9,17.82,18.32,0.375,0.339,0.341,9.89,13.18,13.05
"2013-08-02 08:30:00",13091,0,0.003,0.313,0.014,0.288,0.044,0.027,0.044,0.053,15.39,28.21,16.14,27.45,17.85,16.9,17.82,18.31,0.375,0.341,0.342,9.91,12.99,12.91
"2013-08-02 08:45:00",13092,0,0.002,0.313,0.014,0.288,0.044,0.027,0.044,0.053,15.38,28.21,16.14,27.45,17.85,16.89,17.81,18.3,0.375,0.343,0.343,9.88,12.82,12.78
"2013-08-02 09:00:00",13093,0,0.002,0.313,0.015,0.288,0.044,0.027,0.044,0.053,15.38,28.21,16.15,27.45,17.84,16.89,17.81,18.31,0.377,0.345,0.345,9.7,12.66,12.65
"2013-08-02 09:15:00",13094,0,0.002,0.313,0.014,0.288,0.044,0.027,0.044,0.053,15.38,28.21,16.1,27.44,17.84,16.89,17.81,18.3,0.379,0.346,0.346,9.54,12.5,12.51
"2013-08-02 09:30:00",13095,0,0.002,0.313,0.014,0.288,0.044,0.027,0.044,0.053,15.38,28.2,16.11,27.45,17.84,16.89,17.81,18.3,0.382,0.348,0.348,9.24,12.36,12.37
"2013-08-02 09:45:00",13096,0,0.002,0.313,0.014,0.288,0.044,0.027,0.043,0.053,15.38,28.21,16.13,27.45,17.84,16.87,17.8,18.28,0.384,0.349,0.349,9.08,12.22,12.22
"2013-08-02 10:00:00",13097,0,0.002,0.313,0.014,0.288,0.044,0.027,0.043,0.053,15.38,28.21,16.13,27.45,17.84,16.87,17.78,18.28,0.385,0.351,0.351,9.04,12.07,12.07
"2013-08-02 10:15:00",13098,0,0.002,0.313,0.014,0.288,0.044,0.027,0.043,0.053,15.37,28.2,16.13,27.45,17.82,16.87,17.78,18.28,0.387,0.353,0.353,8.8,11.92,11.92
"2013-08-02 10:30:00",13099,0,0.002,0.313,0.014,0.288,0.044,0.027,0.043,0.052,15.37,28.21,16.13,27.45,17.82,16.87,17.78,18.27,0.39,0.354,0.354,8.57,11.77,11.76
"2013-08-02 10:45:00",13100,0,0.002,0.313,0.015,0.288,0.044,0.027,0.043,0.052,15.37,28.21,16.18,27.44,17.81,16.87,17.78,18.27,0.391,0.356,0.356,8.46,11.62,11.58
"2013-08-02 11:00:00",13101,0,0.002,0.313,0.015,0.288,0.044,0.027,0.043,0.052,15.37,28.21,16.19,27.45,17.82,16.87,17.78,18.27,0.392,0.358,0.358,8.43,11.45,11.4
"2013-08-02 11:15:00",13102,0,0.002,0.313,0.015,0.288,0.044,0.027,0.043,0.052,15.35,28.21,16.18,27.45,17.81,16.87,17.78,18.27,0.39,0.36,0.36,8.56,11.28,11.24
"2013-08-02 11:30:00",13103,0,0.002,0.313,0.015,0.288,0.044,0.027,0.043,0.052,15.35,28.21,16.15,27.45,17.82,16.87,17.78,18.27,0.39,0.362,0.362,8.6,11.11,11.11
"2013-08-02 11:45:00",13104,0,0.002,0.313,0.015,0.288,0.044,0.027,0.043,0.052,15.37,28.21,16.17,27.45,17.81,16.87,17.77,18.26,0.39,0.363,0.363,8.58,10.95,10.98
"2013-08-02 12:00:00",13105,0,0.002,0.313,0.015,0.288,0.044,0.027,0.043,0.052,15.35,28.21,16.18,27.45,17.81,16.87,17.77,18.26,0.391,0.365,0.364,8.51,10.79,10.86
"2013-08-02 12:15:00",13106,0,0.002,0.313,0.015,0.288,0.043,0.026,0.043,0.052,15.35,28.2,16.18,27.45,17.8,16.86,17.78,18.26,0.39,0.367,0.366,8.55,10.65,10.75
"2013-08-02 12:30:00",13107,0,0.002,0.313,0.015,0.288,0.043,0.027,0.043,0.052,15.34,28.2,16.18,27.45,17.8,16.87,17.77,18.26,0.392,0.368,0.367,8.42,10.52,10.63
"2013-08-02 12:45:00",13108,0,0.002,0.313,0.015,0.288,0.043,0.026,0.043,0.052,15.35,28.2,16.19,27.44,17.8,16.86,17.77,18.26,0.394,0.37,0.368,8.26,10.39,10.5
"2013-08-02 13:00:00",13109,0,0.002,0.313,0.015,0.288,0.043,0.026,0.043,0.052,15.34,28.2,16.19,27.44,17.8,16.86,17.77,18.24,0.395,0.371,0.37,8.17,10.26,10.37
"2013-08-02 13:15:00",13110,0,0.002,0.313,0.015,0.288,0.043,0.026,0.043,0.051,15.34,28.2,16.21,27.44,17.78,16.85,17.75,18.23,0.397,0.372,0.371,7.993,10.14,10.25
"2013-08-02 13:30:00",13111,0,0.002,0.313,0.017,0.288,0.043,0.026,0.043,0.051,15.34,28.21,16.29,27.44,17.78,16.86,17.75,18.23,0.397,0.374,0.373,7.959,10.01,10.12
"2013-08-02 13:45:00",13112,0,0.002,0.313,0.016,0.288,0.043,0.026,0.043,0.051,15.33,28.21,16.26,27.45,17.78,16.85,17.75,18.23,0.398,0.375,0.374,7.863,9.89,9.98
"2013-08-02 14:00:00",13113,0,0.001,0.313,0.016,0.288,0.043,0.026,0.042,0.051,15.31,28.2,16.25,27.44,17.78,16.85,17.74,18.23,0.4,0.377,0.376,7.734,9.75,9.84
"2013-08-02 14:15:00",13114,0,0.001,0.313,0.016,0.288,0.043,0.026,0.042,0.051,15.31,28.2,16.24,27.44,17.78,16.85,17.74,18.23,0.404,0.378,0.377,7.395,9.62,9.7
"2013-08-02 14:30:00",13115,0,0.001,0.313,0.016,0.288,0.043,0.026,0.042,0.051,15.31,28.21,16.26,27.44,17.77,16.85,17.73,18.22,0.408,0.38,0.379,7.074,9.48,9.55
"2013-08-02 14:45:00",13116,0,0.001,0.313,0.017,0.288,0.043,0.026,0.042,0.051,15.31,28.2,16.29,27.44,17.77,16.85,17.73,18.22,0.409,0.381,0.381,6.94,9.33,9.39
"2013-08-02 15:00:00",13117,0,0.001,0.313,0.016,0.288,0.043,0.026,0.042,0.051,15.31,28.2,16.25,27.44,17.75,16.83,17.73,18.2,0.41,0.383,0.383,6.865,9.17,9.22
"2013-08-02 15:15:00",13118,0,0.002,0.313,0.015,0.288,0.043,0.026,0.042,0.051,15.33,28.2,16.21,27.44,17.77,16.83,17.73,18.2,0.41,0.385,0.385,6.85,9,9.05
"2013-08-02 15:30:00",13119,0,0.002,0.313,0.015,0.288,0.043,0.026,0.042,0.051,15.34,28.21,16.18,27.44,17.77,16.85,17.74,18.22,0.404,0.387,0.386,7.351,8.83,8.89
"2013-08-02 15:45:00",13120,0,0.002,0.314,0.015,0.288,0.043,0.026,0.042,0.051,15.35,28.23,16.21,27.45,17.77,16.86,17.73,18.2,0.392,0.389,0.388,8.37,8.67,8.77
"2013-08-02 16:00:00",13121,0,0.002,0.314,0.016,0.288,0.043,0.026,0.042,0.051,15.37,28.23,16.24,27.45,17.78,16.86,17.74,18.22,0.373,0.391,0.388,10.05,8.5,8.71
"2013-08-02 16:15:00",13122,0,0.002,0.314,0.015,0.289,0.043,0.027,0.043,0.051,15.38,28.23,16.21,27.47,17.78,16.87,17.77,18.23,0.358,0.393,0.388,11.44,8.35,8.73
"2013-08-02 16:30:00",13123,0,0.002,0.314,0.017,0.289,0.043,0.027,0.043,0.051,15.38,28.23,16.29,27.47,17.8,16.89,17.78,18.23,0.346,0.394,0.387,12.56,8.24,8.84
"2013-08-02 16:45:00",13124,0,0.002,0.314,0.017,0.289,0.043,0.027,0.043,0.051,15.38,28.23,16.3,27.47,17.8,16.89,17.78,18.23,0.347,0.395,0.384,12.43,8.18,9.07
"2013-08-02 17:00:00",13125,0,0.003,0.314,0.016,0.289,0.043,0.027,0.043,0.052,15.39,28.23,16.25,27.47,17.8,16.89,17.77,18.24,0.329,0.395,0.381,14.14,8.18,9.39
"2013-08-02 17:15:00",13126,0,0.003,0.314,0.016,0.289,0.044,0.027,0.043,0.052,15.39,28.23,16.25,27.47,17.81,16.89,17.78,18.24,0.309,0.394,0.377,16.15,8.26,9.75
"2013-08-02 17:30:00",13127,0,0.003,0.314,0.016,0.289,0.044,0.027,0.043,0.052,15.39,28.23,16.25,27.47,17.81,16.89,17.78,18.24,0.3,0.392,0.373,17.1,8.39,10.12
"2013-08-02 17:45:00",13128,0,0.002,0.313,0.017,0.289,0.044,0.027,0.043,0.052,15.38,28.21,16.28,27.48,17.82,16.9,17.78,18.26,0.281,0.39,0.368,19.09,8.59,10.52
"2013-08-02 18:00:00",13129,0,0.002,0.313,0.02,0.289,0.044,0.027,0.043,0.052,15.35,28.21,16.45,27.47,17.81,16.9,17.8,18.26,0.283,0.387,0.364,18.9,8.85,10.91
"2013-08-02 18:15:00",13130,0,0.001,0.313,0.02,0.289,0.044,0.027,0.043,0.052,15.31,28.2,16.51,27.47,17.82,16.9,17.8,18.26,0.308,0.384,0.36,16.25,9.15,11.26
"2013-08-02 18:30:00",13131,0,0.001,0.313,0.017,0.289,0.044,0.027,0.043,0.052,15.27,28.21,16.32,27.47,17.82,16.89,17.8,18.27,0.309,0.38,0.356,16.17,9.49,11.58
"2013-08-02 18:45:00",13132,0,0,0.313,0.015,0.289,0.044,0.027,0.043,0.052,15.2,28.21,16.17,27.47,17.82,16.9,17.8,18.27,0.319,0.375,0.353,15.19,9.87,11.89
"2013-08-02 19:00:00",13133,0,-0.001,0.313,0.014,0.289,0.044,0.027,0.043,0.053,15.12,28.2,16.14,27.47,17.84,16.91,17.8,18.28,0.274,0.371,0.35,19.92,10.28,12.2
"2013-08-02 19:15:00",13134,0,-0.002,0.313,0.014,0.288,0.044,0.027,0.044,0.053,15.07,28.2,16.13,27.45,17.85,16.9,17.81,18.28,0.264,0.366,0.346,20.97,10.71,12.54
"2013-08-02 19:30:00",13135,0,-0.003,0.313,0.017,0.288,0.044,0.027,0.044,0.053,15.03,28.2,16.29,27.45,17.85,16.91,17.81,18.3,0.265,0.361,0.342,20.81,11.19,12.91
"2013-08-02 19:45:00",13136,0,-0.003,0.313,0.017,0.289,0.045,0.027,0.044,0.053,15,28.2,16.28,27.47,17.86,16.91,17.82,18.3,0.256,0.355,0.338,21.97,11.68,13.28
"2013-08-02 20:00:00",13137,0,-0.004,0.312,0.017,0.288,0.045,0.027,0.044,0.053,14.97,28.18,16.28,27.45,17.86,16.91,17.82,18.31,0.292,0.35,0.334,17.95,12.19,13.66
"2013-08-02 20:15:00",13138,0,-0.004,0.312,0.016,0.288,0.045,0.027,0.044,0.053,14.97,28.18,16.25,27.45,17.86,16.91,17.82,18.32,0.263,0.344,0.33,21.13,12.71,14.03
"2013-08-02 20:30:00",13139,0,-0.004,0.312,0.015,0.288,0.045,0.027,0.044,0.053,14.96,28.18,16.19,27.45,17.88,16.91,17.84,18.32,0.286,0.339,0.326,18.59,13.23,14.41
"2013-08-02 20:45:00",13140,0,-0.004,0.312,0.016,0.288,0.045,0.028,0.044,0.053,14.95,28.18,16.26,27.45,17.88,16.93,17.84,18.32,0.303,0.333,0.323,16.78,13.75,14.77
"2013-08-02 21:00:00",13141,0,-0.004,0.312,0.016,0.288,0.045,0.027,0.044,0.054,14.93,28.18,16.26,27.44,17.89,16.91,17.84,18.34,0.305,0.328,0.319,16.59,14.25,15.1
"2013-08-02 21:15:00",13142,0,-0.004,0.312,0.014,0.288,0.045,0.028,0.044,0.054,14.93,28.17,16.11,27.45,17.89,16.93,17.84,18.34,0.3,0.323,0.316,17.08,14.71,15.4
"2013-08-02 21:30:00",13143,0,-0.004,0.312,0.015,0.288,0.045,0.028,0.044,0.054,14.93,28.17,16.15,27.44,17.9,16.93,17.85,18.34,0.288,0.319,0.313,18.31,15.14,15.69
"2013-08-02 21:45:00",13144,0,-0.004,0.312,0.015,0.288,0.045,0.028,0.044,0.054,14.95,28.17,16.19,27.44,17.9,16.93,17.85,18.35,0.287,0.315,0.311,18.43,15.53,15.97
"2013-08-02 22:00:00",13145,0,-0.004,0.312,0.016,0.288,0.045,0.028,0.044,0.054,14.93,28.17,16.22,27.44,17.9,16.93,17.85,18.35,0.287,0.311,0.308,18.47,15.89,16.24
"2013-08-02 22:15:00",13146,0,-0.004,0.312,0.016,0.288,0.046,0.028,0.045,0.054,14.93,28.17,16.22,27.44,17.92,16.94,17.86,18.36,0.288,0.308,0.306,18.36,16.23,16.48
"2013-08-02 22:30:00",13147,0,-0.004,0.311,0.016,0.287,0.046,0.028,0.045,0.054,14.93,28.16,16.24,27.43,17.92,16.94,17.86,18.38,0.287,0.305,0.303,18.45,16.54,16.72
"2013-08-02 22:45:00",13148,0,-0.004,0.311,0.016,0.287,0.046,0.028,0.045,0.054,14.93,28.16,16.26,27.43,17.92,16.94,17.88,18.38,0.284,0.302,0.301,18.71,16.83,16.94
"2013-08-02 23:00:00",13149,0,-0.004,0.311,0.016,0.287,0.046,0.028,0.045,0.054,14.93,28.14,16.26,27.43,17.92,16.95,17.88,18.38,0.279,0.3,0.299,19.31,17.09,17.14
"2013-08-02 23:15:00",13150,0,-0.004,0.311,0.013,0.287,0.046,0.028,0.045,0.055,14.92,28.16,16.07,27.43,17.92,16.94,17.88,18.39,0.281,0.297,0.297,19.13,17.33,17.32
"2013-08-02 23:30:00",13151,0,-0.004,0.311,0.017,0.287,0.046,0.028,0.045,0.055,14.92,28.14,16.32,27.41,17.93,16.95,17.88,18.41,0.288,0.295,0.296,18.33,17.54,17.48
"2013-08-02 23:45:00",13152,0,-0.004,0.311,0.016,0.287,0.046,0.028,0.045,0.055,14.92,28.14,16.22,27.41,17.93,16.95,17.88,18.39,0.277,0.294,0.295,19.56,17.74,17.62
"2013-08-03 00:00:00",13153,0,-0.004,0.31,0.016,0.287,0.046,0.028,0.045,0.055,14.92,28.13,16.24,27.41,17.93,16.94,17.88,18.41,0.286,0.292,0.293,18.57,17.91,17.74
"2013-08-03 00:15:00",13154,0,-0.004,0.31,0.015,0.287,0.046,0.028,0.045,0.055,14.92,28.13,16.21,27.41,17.93,16.94,17.88,18.41,0.298,0.291,0.293,17.28,18.05,17.83
"2013-08-03 00:30:00",13155,0,-0.004,0.31,0.016,0.287,0.046,0.028,0.045,0.055,14.92,28.13,16.26,27.4,17.94,16.95,17.89,18.41,0.305,0.289,0.292,16.53,18.17,17.91
"2013-08-03 00:45:00",13156,0,-0.004,0.31,0.015,0.287,0.046,0.028,0.045,0.055,14.92,28.13,16.18,27.41,17.94,16.95,17.89,18.41,0.314,0.289,0.291,15.64,18.25,17.95
"2013-08-03 01:00:00",13157,0,-0.005,0.31,0.015,0.287,0.046,0.028,0.045,0.055,14.91,28.12,16.15,27.41,17.93,16.95,17.89,18.41,0.319,0.288,0.291,15.14,18.3,17.96
"2013-08-03 01:15:00",13158,0,-0.005,0.31,0.013,0.287,0.046,0.028,0.045,0.055,14.91,28.12,16.06,27.41,17.94,16.94,17.89,18.41,0.326,0.288,0.292,14.47,18.32,17.93
"2013-08-03 01:30:00",13159,0,-0.005,0.31,0.013,0.287,0.046,0.028,0.045,0.055,14.89,28.12,16.07,27.4,17.93,16.95,17.89,18.41,0.33,0.288,0.292,14.1,18.31,17.87
"2013-08-03 01:45:00",13160,0,-0.005,0.31,0.014,0.287,0.046,0.028,0.045,0.055,14.91,28.12,16.1,27.4,17.93,16.95,17.89,18.41,0.334,0.289,0.293,13.69,18.26,17.77
"2013-08-03 02:00:00",13161,0,-0.005,0.31,0.015,0.287,0.046,0.028,0.045,0.055,14.91,28.12,16.15,27.4,17.93,16.94,17.88,18.41,0.337,0.289,0.294,13.41,18.17,17.64
"2013-08-03 02:15:00",13162,0,-0.005,0.31,0.014,0.286,0.046,0.028,0.045,0.055,14.91,28.12,16.14,27.38,17.93,16.94,17.88,18.41,0.339,0.291,0.296,13.21,18.05,17.5
"2013-08-03 02:30:00",13163,0,-0.005,0.31,0.014,0.287,0.046,0.028,0.045,0.055,14.89,28.1,16.13,27.4,17.93,16.94,17.88,18.39,0.341,0.292,0.297,13.02,17.91,17.34
"2013-08-03 02:45:00",13164,0,-0.005,0.31,0.015,0.287,0.046,0.028,0.045,0.055,14.89,28.1,16.18,27.4,17.93,16.94,17.88,18.41,0.342,0.293,0.299,12.92,17.75,17.19
"2013-08-03 03:00:00",13165,0,-0.005,0.31,0.016,0.287,0.046,0.028,0.045,0.055,14.91,28.1,16.22,27.4,17.93,16.94,17.88,18.39,0.341,0.295,0.3,13.02,17.57,17.03
"2013-08-03 03:15:00",13166,0,-0.005,0.31,0.014,0.286,0.046,0.028,0.045,0.055,14.89,28.1,16.14,27.38,17.92,16.93,17.88,18.39,0.345,0.297,0.302,12.65,17.39,16.86
"2013-08-03 03:30:00",13167,0,-0.005,0.31,0.015,0.286,0.046,0.028,0.045,0.055,14.89,28.12,16.19,27.38,17.92,16.93,17.88,18.39,0.349,0.299,0.304,12.24,17.2,16.7
"2013-08-03 03:45:00",13168,0,-0.005,0.31,0.017,0.286,0.046,0.028,0.045,0.055,14.89,28.1,16.3,27.38,17.92,16.94,17.86,18.39,0.347,0.301,0.305,12.45,17.01,16.52
"2013-08-03 04:00:00",13169,0,-0.005,0.31,0.014,0.286,0.046,0.028,0.045,0.054,14.91,28.12,16.11,27.38,17.92,16.93,17.86,18.38,0.349,0.302,0.307,12.28,16.81,16.34
"2013-08-03 04:15:00",13170,0,-0.005,0.31,0.014,0.286,0.046,0.028,0.045,0.054,14.89,28.12,16.1,27.38,17.92,16.93,17.86,18.38,0.352,0.304,0.309,11.96,16.61,16.17
"2013-08-03 04:30:00",13171,0,-0.005,0.31,0.014,0.286,0.045,0.028,0.045,0.054,14.89,28.1,16.14,27.38,17.9,16.93,17.86,18.38,0.352,0.306,0.31,11.94,16.42,15.99
"2013-08-03 04:45:00",13172,0,-0.005,0.31,0.014,0.287,0.045,0.028,0.045,0.054,14.89,28.1,16.1,27.4,17.9,16.93,17.86,18.38,0.355,0.308,0.312,11.7,16.22,15.81
"2013-08-03 05:00:00",13173,0,-0.005,0.31,0.014,0.286,0.045,0.028,0.045,0.054,14.89,28.1,16.11,27.38,17.9,16.93,17.86,18.38,0.357,0.31,0.314,11.5,16.02,15.64
"2013-08-03 05:15:00",13174,0,-0.005,0.31,0.013,0.286,0.045,0.027,0.044,0.054,14.89,28.1,16.09,27.38,17.89,16.91,17.85,18.36,0.36,0.312,0.316,11.29,15.82,15.48
"2013-08-03 05:30:00",13175,0,-0.005,0.31,0.013,0.286,0.045,0.027,0.044,0.054,14.89,28.1,16.09,27.38,17.89,16.91,17.84,18.35,0.365,0.314,0.317,10.77,15.63,15.32
"2013-08-03 05:45:00",13176,0,-0.005,0.31,0.013,0.286,0.045,0.027,0.044,0.054,14.89,28.1,16.09,27.38,17.88,16.91,17.85,18.35,0.371,0.316,0.319,10.29,15.45,15.15
"2013-08-03 06:00:00",13177,0,-0.005,0.31,0.013,0.286,0.045,0.027,0.044,0.054,14.88,28.1,16.09,27.38,17.88,16.91,17.85,18.35,0.373,0.318,0.321,10.07,15.25,14.96
"2013-08-03 06:15:00",13178,0,-0.005,0.31,0.013,0.286,0.045,0.027,0.044,0.054,14.88,28.1,16.09,27.38,17.88,16.9,17.84,18.35,0.376,0.32,0.323,9.83,15.06,14.76
"2013-08-03 06:30:00",13179,0,-0.005,0.31,0.013,0.286,0.045,0.027,0.044,0.054,14.89,28.1,16.09,27.37,17.86,16.9,17.84,18.34,0.377,0.322,0.325,9.71,14.86,14.55
"2013-08-03 06:45:00",13180,0,-0.005,0.31,0.013,0.286,0.045,0.027,0.044,0.054,14.89,28.1,16.09,27.37,17.86,16.9,17.82,18.34,0.375,0.324,0.327,9.9,14.65,14.34
"2013-08-03 07:00:00",13181,0,-0.005,0.31,0.013,0.286,0.045,0.027,0.044,0.054,14.89,28.1,16.07,27.38,17.88,16.91,17.82,18.34,0.374,0.326,0.329,10.02,14.44,14.14
"2013-08-03 07:15:00",13182,0,-0.005,0.31,0.014,0.286,0.045,0.027,0.044,0.054,14.89,28.1,16.1,27.37,17.86,16.9,17.84,18.34,0.374,0.328,0.331,10,14.22,13.96
"2013-08-03 07:30:00",13183,0,-0.005,0.31,0.014,0.286,0.045,0.027,0.044,0.053,14.89,28.12,16.11,27.37,17.86,16.9,17.84,18.32,0.37,0.331,0.333,10.3,14.01,13.79
"2013-08-03 07:45:00",13184,0,-0.005,0.31,0.013,0.286,0.045,0.027,0.044,0.053,14.89,28.12,16.07,27.38,17.86,16.9,17.84,18.32,0.366,0.333,0.335,10.68,13.8,13.62
"2013-08-03 08:00:00",13185,0,-0.005,0.31,0.014,0.286,0.045,0.027,0.044,0.053,14.89,28.1,16.11,27.37,17.86,16.91,17.82,18.32,0.366,0.335,0.336,10.73,13.61,13.47
"2013-08-03 08:15:00",13186,0,-0.005,0.31,0.014,0.286,0.045,0.027,0.044,0.053,14.91,28.12,16.11,27.37,17.86,16.9,17.82,18.32,0.364,0.337,0.338,10.91,13.43,13.33
"2013-08-03 08:30:00",13187,0,-0.005,0.31,0.014,0.286,0.045,0.027,0.044,0.053,14.91,28.12,16.11,27.38,17.86,16.9,17.82,18.32,0.365,0.338,0.339,10.79,13.26,13.22
"2013-08-03 08:45:00",13188,0,-0.005,0.31,0.012,0.286,0.045,0.027,0.044,0.053,14.91,28.1,16.02,27.38,17.86,16.89,17.81,18.31,0.365,0.34,0.34,10.82,13.11,13.11
"2013-08-03 09:00:00",13189,0,-0.005,0.31,0.013,0.286,0.044,0.027,0.044,0.053,14.89,28.12,16.07,27.38,17.85,16.9,17.82,18.31,0.364,0.341,0.341,10.89,12.97,13
"2013-08-03 09:15:00",13190,0,-0.005,0.31,0.013,0.286,0.044,0.027,0.044,0.053,14.89,28.12,16.09,27.37,17.85,16.9,17.81,18.31,0.367,0.343,0.342,10.59,12.84,12.9
"2013-08-03 09:30:00",13191,0,-0.005,0.31,0.013,0.286,0.044,0.027,0.044,0.053,14.89,28.12,16.09,27.38,17.84,16.89,17.82,18.3,0.37,0.344,0.343,10.35,12.72,12.8
"2013-08-03 09:45:00",13192,0,-0.005,0.31,0.014,0.286,0.044,0.027,0.044,0.053,14.89,28.12,16.1,27.37,17.84,16.9,17.81,18.31,0.372,0.345,0.344,10.14,12.61,12.69
"2013-08-03 10:00:00",13193,0,-0.005,0.31,0.014,0.286,0.044,0.027,0.044,0.053,14.89,28.12,16.1,27.37,17.84,16.89,17.81,18.3,0.373,0.346,0.346,10.11,12.51,12.57
"2013-08-03 10:15:00",13194,0,-0.005,0.31,0.014,0.286,0.044,0.027,0.044,0.053,14.89,28.12,16.1,27.37,17.84,16.89,17.81,18.3,0.372,0.348,0.347,10.16,12.4,12.44
"2013-08-03 10:30:00",13195,0,-0.005,0.31,0.015,0.286,0.044,0.027,0.044,0.053,14.89,28.12,16.17,27.38,17.84,16.89,17.81,18.3,0.368,0.349,0.348,10.57,12.29,12.32
"2013-08-03 10:45:00",13196,0,-0.005,0.31,0.014,0.286,0.044,0.027,0.044,0.053,14.91,28.12,16.13,27.37,17.85,16.89,17.81,18.3,0.364,0.35,0.349,10.92,12.18,12.23
"2013-08-03 11:00:00",13197,0,-0.005,0.31,0.016,0.286,0.044,0.027,0.044,0.053,14.91,28.12,16.24,27.38,17.85,16.9,17.81,18.3,0.357,0.351,0.35,11.51,12.08,12.16
"2013-08-03 11:15:00",13198,0,-0.005,0.31,0.015,0.286,0.044,0.027,0.044,0.053,14.91,28.12,16.18,27.38,17.84,16.89,17.81,18.3,0.354,0.352,0.351,11.82,11.99,12.12
"2013-08-03 11:30:00",13199,0,-0.005,0.31,0.015,0.286,0.044,0.027,0.044,0.053,14.91,28.12,16.17,27.38,17.84,16.9,17.81,18.3,0.355,0.353,0.351,11.75,11.91,12.1
"2013-08-03 11:45:00",13200,0,-0.005,0.31,0.015,0.286,0.044,0.027,0.044,0.053,14.91,28.12,16.19,27.37,17.84,16.9,17.81,18.3,0.356,0.353,0.351,11.6,11.86,12.11
"2013-08-03 12:00:00",13201,0,-0.005,0.31,0.015,0.286,0.044,0.027,0.044,0.053,14.91,28.12,16.18,27.38,17.84,16.9,17.81,18.3,0.357,0.354,0.351,11.53,11.84,12.11
"2013-08-03 12:15:00",13202,0,-0.005,0.31,0.014,0.286,0.044,0.027,0.043,0.053,14.91,28.12,16.14,27.37,17.84,16.9,17.8,18.3,0.359,0.354,0.351,11.32,11.82,12.11
"2013-08-03 12:30:00",13203,0,-0.005,0.31,0.014,0.286,0.044,0.027,0.043,0.053,14.91,28.12,16.14,27.37,17.84,16.9,17.8,18.28,0.365,0.354,0.351,10.84,11.81,12.11
"2013-08-03 12:45:00",13204,0,-0.005,0.31,0.014,0.286,0.044,0.027,0.043,0.053,14.89,28.12,16.13,27.37,17.82,16.89,17.8,18.28,0.369,0.354,0.351,10.46,11.81,12.08
"2013-08-03 13:00:00",13205,0,-0.005,0.31,0.014,0.286,0.044,0.027,0.043,0.053,14.89,28.1,16.11,27.37,17.82,16.87,17.8,18.28,0.372,0.354,0.351,10.13,11.8,12.03
"2013-08-03 13:15:00",13206,0,-0.005,0.31,0.014,0.286,0.044,0.027,0.043,0.053,14.89,28.12,16.11,27.37,17.82,16.89,17.8,18.28,0.373,0.354,0.352,10.05,11.78,11.96
"2013-08-03 13:30:00",13207,0,-0.005,0.31,0.014,0.285,0.044,0.027,0.043,0.053,14.89,28.12,16.13,27.36,17.82,16.87,17.8,18.28,0.377,0.355,0.353,9.76,11.74,11.87
"2013-08-03 13:45:00",13208,0,-0.005,0.31,0.014,0.285,0.044,0.027,0.043,0.052,14.89,28.1,16.11,27.36,17.81,16.87,17.78,18.27,0.384,0.355,0.354,9.11,11.69,11.78
"2013-08-03 14:00:00",13209,0,-0.005,0.31,0.014,0.285,0.044,0.027,0.043,0.052,14.89,28.1,16.11,27.36,17.82,16.87,17.78,18.27,0.384,0.356,0.355,9.07,11.62,11.67
"2013-08-03 14:15:00",13210,0,-0.005,0.31,0.014,0.285,0.044,0.027,0.043,0.052,14.89,28.1,16.11,27.36,17.81,16.87,17.78,18.27,0.385,0.357,0.357,8.99,11.55,11.54
"2013-08-03 14:30:00",13211,0,-0.005,0.31,0.014,0.286,0.044,0.027,0.043,0.052,14.89,28.1,16.11,27.37,17.81,16.87,17.77,18.27,0.384,0.358,0.358,9.07,11.45,11.41
"2013-08-03 14:45:00",13212,0,-0.005,0.31,0.014,0.286,0.044,0.027,0.043,0.052,14.89,28.1,16.1,27.37,17.81,16.87,17.77,18.26,0.383,0.359,0.36,9.15,11.34,11.28
"2013-08-03 15:00:00",13213,0,-0.005,0.31,0.014,0.285,0.044,0.027,0.043,0.052,14.89,28.12,16.11,27.36,17.81,16.87,17.78,18.26,0.378,0.36,0.361,9.61,11.23,11.15
"2013-08-03 15:15:00",13214,0,-0.005,0.31,0.014,0.286,0.044,0.027,0.043,0.052,14.91,28.12,16.11,27.38,17.81,16.87,17.78,18.26,0.373,0.362,0.362,10.04,11.11,11.05
"2013-08-03 15:30:00",13215,0,-0.005,0.31,0.014,0.286,0.044,0.027,0.043,0.052,14.89,28.12,16.1,27.37,17.81,16.87,17.78,18.27,0.372,0.363,0.363,10.16,11,10.97
"2013-08-03 15:45:00",13216,0,-0.005,0.31,0.014,0.286,0.044,0.027,0.043,0.052,14.91,28.12,16.1,27.37,17.81,16.87,17.78,18.26,0.37,0.364,0.364,10.32,10.89,10.91
"2013-08-03 16:00:00",13217,0,-0.004,0.31,0.014,0.286,0.044,0.027,0.043,0.052,14.92,28.12,16.13,27.37,17.82,16.89,17.8,18.26,0.34,0.365,0.364,13.16,10.81,10.87
"2013-08-03 16:15:00",13218,0,-0.004,0.31,0.014,0.286,0.044,0.027,0.043,0.052,14.92,28.13,16.13,27.37,17.82,16.9,17.8,18.27,0.322,0.366,0.364,14.82,10.74,10.88
"2013-08-03 16:30:00",13219,0,-0.004,0.31,0.014,0.286,0.044,0.027,0.043,0.052,14.93,28.13,16.11,27.37,17.82,16.89,17.8,18.27,0.318,0.366,0.363,15.24,10.69,10.97
"2013-08-03 16:45:00",13220,0,-0.004,0.31,0.014,0.286,0.044,0.027,0.043,0.052,14.92,28.12,16.13,27.37,17.82,16.9,17.8,18.27,0.328,0.366,0.361,14.21,10.67,11.13
"2013-08-03 17:00:00",13221,0,-0.004,0.31,0.014,0.286,0.044,0.027,0.043,0.052,14.92,28.12,16.14,27.37,17.82,16.89,17.8,18.27,0.319,0.366,0.36,15.15,10.69,11.28
"2013-08-03 17:15:00",13222,0,-0.004,0.31,0.015,0.286,0.044,0.027,0.043,0.053,14.93,28.12,16.19,27.38,17.84,16.9,17.8,18.28,0.293,0.366,0.358,17.78,10.74,11.43
"2013-08-03 17:30:00",13223,0,-0.004,0.31,0.015,0.286,0.044,0.027,0.044,0.053,14.95,28.12,16.18,27.38,17.84,16.9,17.81,18.28,0.266,0.365,0.356,20.74,10.83,11.61
"2013-08-03 17:45:00",13224,0,-0.004,0.31,0.016,0.286,0.044,0.027,0.044,0.053,14.95,28.12,16.25,27.37,17.84,16.91,17.81,18.3,0.237,0.363,0.353,24.2,10.95,11.87
"2013-08-03 18:00:00",13225,0,-0.004,0.31,0.015,0.286,0.044,0.027,0.044,0.053,14.95,28.12,16.18,27.37,17.85,16.9,17.81,18.28,0.242,0.362,0.35,23.57,11.11,12.2
"2013-08-03 18:15:00",13226,0,-0.004,0.31,0.015,0.286,0.044,0.027,0.044,0.053,14.95,28.12,16.21,27.38,17.84,16.91,17.81,18.3,0.261,0.359,0.346,21.32,11.32,12.52
"2013-08-03 18:30:00",13227,0,-0.004,0.31,0.016,0.286,0.044,0.027,0.044,0.053,14.92,28.1,16.25,27.38,17.85,16.91,17.82,18.3,0.265,0.356,0.343,20.94,11.58,12.83
"2013-08-03 18:45:00",13228,0,-0.004,0.309,0.016,0.286,0.044,0.027,0.044,0.053,14.95,28.09,16.22,27.37,17.85,16.91,17.82,18.31,0.264,0.353,0.34,20.98,11.88,13.14
"2013-08-03 19:00:00",13229,0,-0.004,0.309,0.013,0.286,0.045,0.028,0.044,0.053,14.95,28.09,16.07,27.37,17.86,16.93,17.82,18.31,0.214,0.349,0.336,27.24,12.22,13.45
"2013-08-03 19:15:00",13230,0,-0.004,0.31,0.019,0.286,0.045,0.028,0.044,0.053,14.95,28.1,16.44,27.38,17.88,16.93,17.84,18.31,0.203,0.345,0.333,28.77,12.59,13.79
"2013-08-03 19:30:00",13231,0,-0.004,0.309,0.016,0.286,0.045,0.028,0.044,0.053,14.95,28.09,16.25,27.37,17.86,16.93,17.84,18.32,0.207,0.341,0.329,28.23,12.99,14.13
"2013-08-03 19:45:00",13232,0,-0.004,0.309,0.017,0.286,0.045,0.028,0.044,0.054,14.93,28.09,16.29,27.37,17.88,16.93,17.84,18.34,0.217,0.337,0.326,26.9,13.4,14.47
"2013-08-03 20:00:00",13233,0,-0.004,0.309,0.019,0.285,0.045,0.028,0.044,0.054,14.95,28.08,16.41,27.36,17.89,16.93,17.84,18.34,0.254,0.332,0.322,22.16,13.83,14.81
"2013-08-03 20:15:00",13234,0,-0.004,0.309,0.017,0.285,0.045,0.028,0.044,0.054,14.95,28.09,16.29,27.36,17.89,16.93,17.85,18.34,0.212,0.328,0.319,27.48,14.27,15.16
"2013-08-03 20:30:00",13235,0,-0.004,0.309,0.015,0.286,0.045,0.028,0.044,0.054,14.95,28.08,16.19,27.37,17.89,16.93,17.85,18.34,0.245,0.323,0.315,23.21,14.71,15.49
"2013-08-03 20:45:00",13236,0,-0.004,0.309,0.016,0.285,0.045,0.028,0.045,0.054,14.93,28.08,16.22,27.36,17.9,16.93,17.86,18.35,0.267,0.319,0.312,20.6,15.14,15.81
"2013-08-03 21:00:00",13237,0,-0.004,0.309,0.017,0.285,0.045,0.028,0.045,0.054,14.93,28.08,16.29,27.36,17.9,16.94,17.86,18.35,0.273,0.315,0.309,19.99,15.56,16.09
"2013-08-03 21:15:00",13238,0,-0.004,0.308,0.016,0.285,0.046,0.028,0.045,0.054,14.92,28.06,16.25,27.36,17.92,16.94,17.88,18.36,0.273,0.311,0.307,19.91,15.94,16.35
"2013-08-03 21:30:00",13239,0,-0.004,0.309,0.016,0.285,0.045,0.028,0.045,0.054,14.93,28.08,16.22,27.36,17.9,16.94,17.88,18.36,0.268,0.308,0.305,20.49,16.29,16.59
"2013-08-03 21:45:00",13240,0,-0.004,0.308,0.016,0.285,0.046,0.028,0.045,0.054,14.93,28.06,16.24,27.34,17.92,16.94,17.88,18.38,0.266,0.304,0.302,20.7,16.61,16.82
"2013-08-03 22:00:00",13241,0,-0.004,0.308,0.016,0.285,0.046,0.028,0.045,0.054,14.92,28.06,16.22,27.34,17.93,16.94,17.88,18.38,0.269,0.302,0.3,20.38,16.9,17.04
"2013-08-03 22:15:00",13242,0,-0.004,0.308,0.016,0.285,0.046,0.028,0.045,0.054,14.92,28.05,16.26,27.34,17.93,16.94,17.88,18.38,0.276,0.299,0.298,19.62,17.17,17.25
"2013-08-03 22:30:00",13243,0,-0.004,0.308,0.015,0.284,0.046,0.028,0.045,0.055,14.93,28.05,16.15,27.33,17.93,16.95,17.88,18.39,0.277,0.297,0.296,19.52,17.42,17.43
"2013-08-03 22:45:00",13244,0,-0.004,0.308,0.015,0.284,0.046,0.028,0.045,0.055,14.92,28.05,16.19,27.33,17.93,16.95,17.89,18.41,0.281,0.294,0.295,19.08,17.64,17.6
"2013-08-03 23:00:00",13245,0,-0.004,0.308,0.018,0.284,0.046,0.028,0.045,0.055,14.92,28.05,16.34,27.33,17.93,16.95,17.89,18.39,0.284,0.292,0.294,18.74,17.85,17.73
"2013-08-03 23:15:00",13246,0,-0.004,0.308,0.015,0.284,0.046,0.028,0.045,0.055,14.92,28.05,16.19,27.32,17.93,16.95,17.89,18.39,0.283,0.291,0.293,18.88,18.02,17.83
"2013-08-03 23:30:00",13247,0,-0.004,0.307,0.015,0.284,0.046,0.028,0.045,0.055,14.92,28.04,16.18,27.33,17.93,16.94,17.89,18.39,0.297,0.289,0.292,17.38,18.16,17.9
"2013-08-03 23:45:00",13248,0,-0.005,0.308,0.02,0.284,0.046,0.028,0.045,0.055,14.91,28.05,16.48,27.32,17.93,16.95,17.89,18.41,0.301,0.288,0.292,16.93,18.27,17.94
"2013-08-04 00:00:00",13249,0,-0.005,0.307,0.014,0.284,0.046,0.028,0.045,0.055,14.91,28.04,16.14,27.32,17.93,16.95,17.89,18.39,0.305,0.288,0.292,16.53,18.35,17.94
"2013-08-04 00:15:00",13250,0,-0.004,0.307,0.016,0.284,0.046,0.028,0.045,0.055,14.92,28.04,16.22,27.32,17.94,16.95,17.89,18.41,0.306,0.287,0.292,16.44,18.38,17.92
"2013-08-04 00:30:00",13251,0,-0.004,0.307,0.022,0.284,0.046,0.028,0.045,0.055,14.92,28.04,16.62,27.32,17.93,16.95,17.89,18.41,0.308,0.287,0.292,16.25,18.39,17.89
"2013-08-04 00:45:00",13252,0,-0.004,0.307,0.015,0.284,0.046,0.028,0.045,0.055,14.92,28.04,16.19,27.32,17.93,16.95,17.89,18.41,0.309,0.288,0.293,16.14,18.35,17.84
"2013-08-04 01:00:00",13253,0,-0.005,0.307,0.018,0.284,0.046,0.028,0.045,0.055,14.91,28.02,16.38,27.32,17.93,16.95,17.89,18.41,0.317,0.288,0.293,15.36,18.3,17.79
"2013-08-04 01:15:00",13254,0,-0.005,0.307,0.017,0.284,0.046,0.028,0.045,0.055,14.91,28.04,16.29,27.32,17.93,16.94,17.89,18.41,0.325,0.289,0.294,14.56,18.24,17.73
"2013-08-04 01:30:00",13255,0,-0.005,0.307,0.016,0.284,0.046,0.028,0.045,0.055,14.89,28.02,16.25,27.3,17.93,16.94,17.89,18.41,0.334,0.289,0.294,13.71,18.16,17.64
"2013-08-04 01:45:00",13256,0,-0.005,0.307,0.022,0.284,0.046,0.028,0.045,0.055,14.91,28.02,16.59,27.3,17.93,16.94,17.89,18.39,0.337,0.29,0.296,13.36,18.07,17.51
"2013-08-04 02:00:00",13257,0,-0.005,0.307,0.016,0.284,0.046,0.028,0.045,0.055,14.91,28.02,16.26,27.3,17.92,16.94,17.88,18.41,0.335,0.291,0.297,13.55,17.95,17.35
"2013-08-04 02:15:00",13258,0,-0.005,0.307,0.016,0.284,0.046,0.028,0.045,0.055,14.89,28.02,16.24,27.3,17.92,16.94,17.88,18.39,0.341,0.293,0.299,12.97,17.82,17.19
"2013-08-04 02:30:00",13259,0,-0.005,0.307,0.017,0.284,0.046,0.028,0.045,0.055,14.89,28.02,16.32,27.3,17.92,16.94,17.88,18.39,0.344,0.294,0.3,12.69,17.66,17.02
"2013-08-04 02:45:00",13260,0,-0.005,0.307,0.015,0.284,0.046,0.028,0.045,0.055,14.89,28.02,16.17,27.3,17.92,16.94,17.88,18.39,0.342,0.296,0.302,12.88,17.48,16.84
"2013-08-04 03:00:00",13261,0,-0.005,0.307,0.014,0.284,0.046,0.028,0.045,0.054,14.89,28.02,16.13,27.3,17.92,16.94,17.88,18.38,0.345,0.298,0.304,12.61,17.29,16.66
"2013-08-04 03:15:00",13262,0,-0.005,0.307,0.013,0.284,0.045,0.028,0.045,0.055,14.88,28.02,16.07,27.3,17.9,16.93,17.86,18.39,0.351,0.3,0.305,12.07,17.1,16.49
"2013-08-04 03:30:00",13263,0,-0.005,0.307,0.013,0.284,0.045,0.027,0.045,0.054,14.88,28.02,16.07,27.3,17.9,16.91,17.86,18.38,0.357,0.302,0.307,11.55,16.9,16.33
"2013-08-04 03:45:00",13264,0,-0.005,0.307,0.014,0.283,0.045,0.027,0.044,0.054,14.88,28.02,16.1,27.29,17.9,16.91,17.85,18.36,0.362,0.304,0.309,11.02,16.7,16.15
"2013-08-04 04:00:00",13265,0,-0.005,0.307,0.013,0.283,0.045,0.028,0.044,0.054,14.88,28.02,16.09,27.29,17.9,16.93,17.85,18.36,0.363,0.306,0.311,10.93,16.49,15.95
"2013-08-04 04:15:00",13266,0,-0.005,0.306,0.013,0.284,0.045,0.027,0.044,0.054,14.89,28.01,16.07,27.3,17.89,16.91,17.85,18.36,0.368,0.308,0.313,10.51,16.29,15.74
"2013-08-04 04:30:00",13267,0,-0.005,0.307,0.013,0.283,0.045,0.027,0.044,0.054,14.89,28.02,16.07,27.29,17.88,16.91,17.85,18.35,0.372,0.31,0.315,10.2,16.08,15.54
"2013-08-04 04:45:00",13268,0,-0.005,0.306,0.013,0.283,0.045,0.027,0.044,0.054,14.88,28.01,16.09,27.29,17.89,16.91,17.84,18.36,0.375,0.312,0.317,9.91,15.85,15.32
"2013-08-04 05:00:00",13269,0,-0.005,0.307,0.014,0.283,0.045,0.027,0.044,0.054,14.88,28.02,16.1,27.29,17.88,16.9,17.82,18.35,0.376,0.314,0.32,9.85,15.62,15.09
"2013-08-04 05:15:00",13270,0,-0.005,0.306,0.014,0.283,0.045,0.027,0.044,0.054,14.88,28.01,16.1,27.29,17.88,16.9,17.84,18.35,0.379,0.317,0.322,9.53,15.38,14.85
"2013-08-04 05:30:00",13271,0,-0.005,0.307,0.013,0.284,0.045,0.027,0.044,0.054,14.88,28.02,16.07,27.3,17.86,16.9,17.82,18.34,0.379,0.319,0.324,9.56,15.13,14.6
"2013-08-04 05:45:00",13272,0,-0.005,0.307,0.013,0.283,0.045,0.027,0.044,0.054,14.88,28.02,16.09,27.29,17.86,16.9,17.82,18.34,0.38,0.322,0.327,9.43,14.87,14.35
"2013-08-04 06:00:00",13273,0,-0.005,0.306,0.014,0.283,0.045,0.027,0.044,0.053,14.88,28.01,16.1,27.29,17.86,16.9,17.82,18.32,0.381,0.324,0.329,9.41,14.61,14.11
"2013-08-04 06:15:00",13274,0,-0.005,0.306,0.013,0.283,0.045,0.027,0.044,0.053,14.88,28.01,16.07,27.29,17.86,16.89,17.82,18.32,0.382,0.327,0.332,9.32,14.34,13.88
"2013-08-04 06:30:00",13275,0,-0.005,0.307,0.014,0.283,0.044,0.027,0.044,0.053,14.88,28.02,16.1,27.29,17.85,16.89,17.82,18.32,0.382,0.33,0.334,9.3,14.08,13.65
"2013-08-04 06:45:00",13276,0,-0.005,0.307,0.014,0.284,0.044,0.027,0.044,0.053,14.88,28.02,16.1,27.3,17.85,16.89,17.81,18.32,0.382,0.332,0.337,9.32,13.82,13.42
"2013-08-04 07:00:00",13277,0,-0.005,0.307,0.014,0.283,0.044,0.027,0.044,0.053,14.88,28.02,16.11,27.29,17.85,16.9,17.81,18.31,0.383,0.335,0.339,9.23,13.58,13.2
"2013-08-04 07:15:00",13278,0,-0.005,0.307,0.014,0.283,0.044,0.027,0.044,0.053,14.88,28.02,16.11,27.29,17.85,16.89,17.81,18.31,0.383,0.338,0.341,9.21,13.33,12.99
"2013-08-04 07:30:00",13279,0,-0.005,0.307,0.014,0.283,0.044,0.027,0.043,0.053,14.89,28.02,16.11,27.29,17.84,16.89,17.8,18.3,0.383,0.34,0.343,9.21,13.09,12.78
"2013-08-04 07:45:00",13280,0,-0.005,0.307,0.015,0.283,0.044,0.027,0.044,0.053,14.89,28.02,16.15,27.29,17.84,16.89,17.81,18.3,0.378,0.343,0.346,9.6,12.86,12.58
"2013-08-04 08:00:00",13281,0,-0.005,0.307,0.015,0.283,0.044,0.027,0.043,0.053,14.89,28.02,16.15,27.29,17.84,16.89,17.8,18.3,0.377,0.345,0.348,9.69,12.64,12.39
"2013-08-04 08:15:00",13282,0,-0.005,0.307,0.015,0.283,0.044,0.027,0.044,0.053,14.89,28.04,16.17,27.29,17.84,16.89,17.81,18.3,0.373,0.347,0.349,10.06,12.43,12.22
"2013-08-04 08:30:00",13283,0,-0.005,0.307,0.015,0.283,0.044,0.027,0.044,0.053,14.89,28.02,16.15,27.29,17.82,16.89,17.81,18.28,0.372,0.349,0.351,10.13,12.24,12.09
"2013-08-04 08:45:00",13284,0,-0.005,0.307,0.015,0.283,0.044,0.027,0.043,0.053,14.91,28.04,16.17,27.29,17.84,16.89,17.8,18.28,0.37,0.351,0.352,10.33,12.05,11.96
"2013-08-04 09:00:00",13285,0,-0.005,0.307,0.015,0.284,0.044,0.027,0.043,0.053,14.91,28.04,16.18,27.3,17.84,16.89,17.8,18.28,0.369,0.353,0.354,10.45,11.88,11.84
"2013-08-04 09:15:00",13286,0,-0.005,0.307,0.015,0.284,0.044,0.027,0.043,0.053,14.91,28.04,16.18,27.3,17.82,16.89,17.8,18.28,0.37,0.355,0.355,10.36,11.74,11.75
"2013-08-04 09:30:00",13287,0,-0.005,0.307,0.015,0.284,0.044,0.027,0.043,0.053,14.91,28.04,16.18,27.3,17.82,16.89,17.8,18.28,0.369,0.356,0.355,10.42,11.61,11.66
"2013-08-04 09:45:00",13288,0,-0.005,0.307,0.015,0.284,0.044,0.027,0.043,0.053,14.91,28.04,16.18,27.3,17.82,16.89,17.8,18.28,0.367,0.357,0.356,10.57,11.49,11.58
"2013-08-04 10:00:00",13289,0,-0.005,0.307,0.015,0.284,0.044,0.027,0.043,0.052,14.91,28.04,16.19,27.3,17.82,16.87,17.8,18.27,0.368,0.358,0.357,10.53,11.39,11.52
"2013-08-04 10:15:00",13290,0,-0.005,0.307,0.015,0.283,0.044,0.027,0.043,0.053,14.91,28.04,16.17,27.29,17.82,16.89,17.8,18.28,0.367,0.359,0.358,10.59,11.3,11.46
"2013-08-04 10:30:00",13291,0,-0.005,0.307,0.014,0.284,0.044,0.027,0.043,0.053,14.91,28.04,16.14,27.3,17.82,16.89,17.78,18.28,0.372,0.36,0.358,10.19,11.22,11.41
"2013-08-04 10:45:00",13292,0,-0.005,0.307,0.014,0.283,0.044,0.027,0.043,0.052,14.89,28.02,16.13,27.29,17.81,16.87,17.78,18.27,0.38,0.361,0.359,9.46,11.16,11.37
"2013-08-04 11:00:00",13293,0,-0.005,0.307,0.014,0.283,0.044,0.026,0.043,0.052,14.89,28.02,16.13,27.29,17.81,16.86,17.77,18.27,0.386,0.362,0.359,8.91,11.1,11.3
"2013-08-04 11:15:00",13294,0,-0.005,0.307,0.014,0.283,0.044,0.026,0.043,0.052,14.89,28.02,16.14,27.29,17.81,16.86,17.77,18.26,0.39,0.362,0.361,8.62,11.03,11.19
"2013-08-04 11:30:00",13295,0,-0.005,0.307,0.014,0.283,0.043,0.027,0.043,0.052,14.89,28.02,16.14,27.29,17.8,16.87,17.77,18.26,0.391,0.363,0.362,8.47,10.95,11.07
"2013-08-04 11:45:00",13296,0,-0.005,0.307,0.014,0.283,0.043,0.026,0.043,0.052,14.89,28.02,16.14,27.29,17.8,16.86,17.75,18.26,0.392,0.364,0.363,8.43,10.86,10.94
"2013-08-04 12:00:00",13297,0,-0.005,0.307,0.014,0.283,0.043,0.026,0.043,0.052,14.89,28.02,16.14,27.29,17.8,16.86,17.77,18.24,0.393,0.365,0.365,8.28,10.76,10.81
"2013-08-04 12:15:00",13298,0,-0.005,0.307,0.014,0.283,0.043,0.026,0.043,0.052,14.89,28.02,16.14,27.29,17.78,16.86,17.77,18.24,0.392,0.367,0.366,8.39,10.64,10.67
"2013-08-04 12:30:00",13299,0,-0.005,0.307,0.014,0.283,0.043,0.026,0.043,0.052,14.89,28.04,16.14,27.28,17.78,16.86,17.75,18.24,0.39,0.368,0.368,8.57,10.51,10.53
"2013-08-04 12:45:00",13300,0,-0.005,0.307,0.015,0.283,0.043,0.026,0.043,0.052,14.89,28.04,16.15,27.29,17.8,16.86,17.75,18.24,0.39,0.37,0.369,8.56,10.38,10.42
"2013-08-04 13:00:00",13301,23,0.083,0.31,0.01,0.283,0.043,0.026,0.043,0.052,19.79,28.1,15.84,27.28,17.78,16.86,17.75,18.24,0.388,0.371,0.37,8.76,10.25,10.31
"2013-08-04 13:15:00",13302,35.4,0.068,0.314,0.016,0.283,0.043,0.026,0.043,0.052,19.04,28.24,16.24,27.28,17.78,16.86,17.75,18.24,0.358,0.372,0.372,11.4,10.12,10.2
"2013-08-04 13:30:00",13303,0,0.053,0.314,0.017,0.283,0.043,0.026,0.043,0.051,18.32,28.25,16.3,27.29,17.78,16.85,17.75,18.23,0.374,0.374,0.373,9.96,10,10.08
"2013-08-04 13:45:00",13304,0,0.029,0.316,0.017,0.283,0.043,0.026,0.043,0.051,16.99,28.31,16.32,27.29,17.78,16.85,17.75,18.22,0.379,0.375,0.374,9.54,9.88,9.96
"2013-08-04 14:00:00",13305,0,0.017,0.316,0.017,0.284,0.043,0.026,0.042,0.051,16.3,28.29,16.32,27.3,17.77,16.83,17.74,18.22,0.381,0.377,0.376,9.38,9.75,9.83
"2013-08-04 14:15:00",13306,0,0.013,0.316,0.017,0.284,0.043,0.026,0.042,0.051,16.06,28.29,16.3,27.32,17.77,16.83,17.74,18.22,0.386,0.378,0.377,8.91,9.62,9.7
"2013-08-04 14:30:00",13307,0,0.011,0.315,0.017,0.284,0.043,0.026,0.042,0.051,15.95,28.28,16.3,27.32,17.75,16.83,17.74,18.22,0.39,0.38,0.379,8.6,9.49,9.57
"2013-08-04 14:45:00",13308,0,0.01,0.315,0.017,0.284,0.043,0.026,0.042,0.051,15.87,28.27,16.29,27.33,17.75,16.85,17.74,18.2,0.393,0.381,0.38,8.36,9.35,9.42
"2013-08-04 15:00:00",13309,0,0.009,0.315,0.017,0.285,0.043,0.026,0.042,0.051,15.83,28.27,16.3,27.34,17.75,16.83,17.73,18.2,0.393,0.383,0.382,8.3,9.21,9.26
"2013-08-04 15:15:00",13310,0,0.009,0.315,0.017,0.285,0.043,0.026,0.042,0.051,15.8,28.28,16.29,27.36,17.75,16.85,17.74,18.2,0.393,0.384,0.384,8.33,9.07,9.12
"2013-08-04 15:30:00",13311,0,0.006,0.315,0.017,0.285,0.043,0.026,0.042,0.051,15.61,28.28,16.28,27.36,17.77,16.85,17.74,18.2,0.391,0.386,0.385,8.49,8.92,8.99
"2013-08-04 15:45:00",13312,0,0.006,0.315,0.016,0.286,0.043,0.026,0.042,0.051,15.58,28.28,16.24,27.37,17.77,16.86,17.74,18.2,0.383,0.388,0.386,9.17,8.78,8.91
"2013-08-04 16:00:00",13313,0,0.005,0.316,0.016,0.286,0.043,0.026,0.042,0.051,15.54,28.29,16.25,27.38,17.78,16.86,17.74,18.22,0.37,0.389,0.386,10.35,8.65,8.89
"2013-08-04 16:15:00",13314,0,0.005,0.316,0.018,0.286,0.043,0.027,0.043,0.051,15.53,28.29,16.36,27.38,17.78,16.87,17.75,18.22,0.359,0.391,0.386,11.3,8.53,8.95
"2013-08-04 16:30:00",13315,0,0.004,0.315,0.019,0.287,0.043,0.027,0.043,0.051,15.46,28.28,16.4,27.4,17.8,16.89,17.77,18.23,0.357,0.391,0.384,11.5,8.46,9.06
"2013-08-04 16:45:00",13316,0,0.003,0.315,0.018,0.287,0.043,0.027,0.043,0.051,15.45,28.28,16.38,27.41,17.8,16.87,17.78,18.23,0.357,0.392,0.382,11.5,8.42,9.26
"2013-08-04 17:00:00",13317,0,0.003,0.315,0.018,0.287,0.043,0.027,0.043,0.051,15.42,28.28,16.34,27.41,17.8,16.89,17.77,18.23,0.335,0.392,0.379,13.6,8.44,9.53
"2013-08-04 17:15:00",13318,0,0.003,0.315,0.018,0.287,0.043,0.027,0.043,0.051,15.39,28.28,16.34,27.41,17.8,16.89,17.78,18.23,0.324,0.391,0.376,14.69,8.53,9.84
"2013-08-04 17:30:00",13319,0,0.002,0.315,0.016,0.287,0.044,0.027,0.043,0.052,15.35,28.27,16.26,27.43,17.81,16.89,17.78,18.24,0.319,0.389,0.372,15.12,8.68,10.16
"2013-08-04 17:45:00",13320,0,0.001,0.315,0.017,0.287,0.044,0.027,0.043,0.052,15.29,28.27,16.29,27.41,17.81,16.89,17.8,18.24,0.308,0.386,0.368,16.25,8.89,10.52
"2013-08-04 18:00:00",13321,0,-0.001,0.315,0.017,0.287,0.044,0.027,0.043,0.052,15.14,28.27,16.33,27.43,17.81,16.9,17.8,18.24,0.289,0.383,0.364,18.21,9.15,10.88
"2013-08-04 18:15:00",13322,0,-0.002,0.314,0.017,0.287,0.044,0.027,0.043,0.052,15.07,28.25,16.3,27.43,17.82,16.89,17.8,18.24,0.307,0.38,0.36,16.4,9.45,11.24
"2013-08-04 18:30:00",13323,0,-0.003,0.315,0.016,0.287,0.044,0.027,0.043,0.052,15.01,28.27,16.25,27.43,17.82,16.9,17.8,18.27,0.318,0.376,0.356,15.21,9.79,11.6
"2013-08-04 18:45:00",13324,0,-0.003,0.315,0.016,0.288,0.044,0.027,0.043,0.052,14.99,28.27,16.26,27.44,17.82,16.9,17.8,18.27,0.317,0.372,0.352,15.32,10.16,11.96
"2013-08-04 19:00:00",13325,0,-0.004,0.314,0.016,0.287,0.044,0.027,0.044,0.053,14.97,28.25,16.26,27.43,17.84,16.91,17.81,18.28,0.276,0.368,0.348,19.64,10.56,12.32
"2013-08-04 19:15:00",13326,0,-0.004,0.314,0.016,0.287,0.044,0.027,0.044,0.053,14.96,28.25,16.22,27.43,17.84,16.9,17.81,18.28,0.258,0.363,0.344,21.64,11.01,12.72
"2013-08-04 19:30:00",13327,0,-0.004,0.314,0.017,0.288,0.044,0.027,0.044,0.053,14.96,28.25,16.32,27.44,17.85,16.91,17.82,18.3,0.246,0.358,0.34,23.11,11.47,13.11
"2013-08-04 19:45:00",13328,0,-0.004,0.314,0.016,0.287,0.044,0.027,0.044,0.053,14.96,28.24,16.26,27.43,17.85,16.91,17.82,18.3,0.244,0.352,0.336,23.38,11.96,13.51
"2013-08-04 20:00:00",13329,0,-0.004,0.314,0.018,0.287,0.045,0.028,0.044,0.053,14.95,28.23,16.36,27.43,17.86,16.93,17.84,18.3,0.266,0.347,0.332,20.82,12.47,13.92
"2013-08-04 20:15:00",13330,0,-0.004,0.314,0.016,0.288,0.045,0.027,0.044,0.053,14.95,28.24,16.26,27.44,17.86,16.91,17.82,18.31,0.22,0.341,0.327,26.45,12.99,14.31
"2013-08-04 20:30:00",13331,0,-0.004,0.314,0.017,0.287,0.045,0.027,0.044,0.053,14.95,28.23,16.29,27.43,17.88,16.91,17.84,18.31,0.25,0.336,0.324,22.66,13.49,14.68
"2013-08-04 20:45:00",13332,0,-0.004,0.314,0.017,0.287,0.045,0.028,0.044,0.053,14.93,28.23,16.32,27.43,17.89,16.93,17.84,18.32,0.268,0.331,0.32,20.55,13.99,15.04
"2013-08-04 21:00:00",13333,0,-0.004,0.313,0.017,0.287,0.045,0.027,0.044,0.053,14.95,28.21,16.28,27.43,17.89,16.91,17.84,18.32,0.275,0.326,0.317,19.71,14.46,15.38
"2013-08-04 21:15:00",13334,0,-0.004,0.314,0.017,0.287,0.045,0.028,0.044,0.054,14.93,28.23,16.3,27.43,17.89,16.93,17.85,18.34,0.274,0.321,0.314,19.86,14.9,15.68
"2013-08-04 21:30:00",13335,0,-0.004,0.313,0.017,0.287,0.045,0.028,0.044,0.054,14.93,28.21,16.3,27.43,17.9,16.93,17.85,18.35,0.267,0.317,0.311,20.66,15.32,15.97
"2013-08-04 21:45:00",13336,0,-0.004,0.313,0.018,0.287,0.045,0.028,0.044,0.054,14.93,28.2,16.34,27.43,17.9,16.93,17.85,18.35,0.27,0.313,0.308,20.26,15.7,16.24
"2013-08-04 22:00:00",13337,0,-0.004,0.313,0.016,0.287,0.045,0.028,0.045,0.054,14.93,28.2,16.24,27.43,17.9,16.94,17.86,18.36,0.272,0.31,0.305,20.04,16.06,16.51
"2013-08-04 22:15:00",13338,0,-0.004,0.313,0.017,0.287,0.046,0.028,0.045,0.054,14.93,28.2,16.28,27.41,17.92,16.94,17.86,18.36,0.275,0.306,0.303,19.77,16.39,16.76
"2013-08-04 22:30:00",13339,0,-0.004,0.313,0.017,0.287,0.046,0.028,0.045,0.054,14.93,28.2,16.28,27.41,17.92,16.94,17.88,18.38,0.276,0.303,0.301,19.63,16.7,16.99
"2013-08-04 22:45:00",13340,0,-0.004,0.313,0.015,0.287,0.046,0.028,0.045,0.054,14.93,28.2,16.21,27.41,17.93,16.95,17.88,18.38,0.274,0.301,0.298,19.9,17,17.22
"2013-08-04 23:00:00",13341,0,-0.004,0.313,0.019,0.287,0.046,0.028,0.045,0.054,14.93,28.2,16.41,27.41,17.93,16.94,17.88,18.38,0.272,0.298,0.296,20.05,17.26,17.43
"2013-08-04 23:15:00",13342,0,-0.004,0.312,0.016,0.287,0.046,0.028,0.045,0.054,14.93,28.17,16.26,27.41,17.93,16.94,17.89,18.38,0.271,0.296,0.295,20.14,17.51,17.61
"2013-08-04 23:30:00",13343,0,-0.004,0.312,0.018,0.287,0.046,0.028,0.045,0.055,14.93,28.18,16.37,27.41,17.93,16.95,17.88,18.39,0.282,0.293,0.293,19.01,17.74,17.78
"2013-08-04 23:45:00",13344,0,-0.004,0.312,0.017,0.287,0.046,0.028,0.045,0.055,14.93,28.17,16.33,27.4,17.93,16.95,17.88,18.41,0.271,0.292,0.292,20.17,17.95,17.93
"2013-08-05 00:00:00",13345,0,-0.004,0.312,0.02,0.287,0.046,0.028,0.045,0.055,14.93,28.17,16.48,27.41,17.93,16.94,17.89,18.41,0.277,0.29,0.291,19.49,18.13,18.05
"2013-08-05 00:15:00",13346,0,-0.004,0.311,0.017,0.287,0.046,0.028,0.045,0.055,14.93,28.16,16.29,27.4,17.94,16.95,17.9,18.41,0.289,0.288,0.29,18.23,18.29,18.16
"2013-08-05 00:30:00",13347,0,-0.004,0.312,0.016,0.287,0.046,0.028,0.045,0.055,14.92,28.17,16.22,27.4,17.93,16.94,17.89,18.41,0.296,0.287,0.289,17.47,18.42,18.24
"2013-08-05 00:45:00",13348,0,-0.004,0.311,0.017,0.287,0.046,0.028,0.045,0.055,14.92,28.16,16.3,27.4,17.94,16.95,17.89,18.42,0.304,0.286,0.288,16.67,18.53,18.3
"2013-08-05 01:00:00",13349,0,-0.005,0.311,0.015,0.287,0.046,0.028,0.045,0.055,14.91,28.16,16.19,27.4,17.94,16.95,17.89,18.41,0.311,0.285,0.288,15.96,18.6,18.33
"2013-08-05 01:15:00",13350,0,-0.005,0.311,0.018,0.287,0.046,0.028,0.045,0.055,14.91,28.16,16.38,27.4,17.93,16.94,17.89,18.41,0.318,0.285,0.288,15.22,18.65,18.31
"2013-08-05 01:30:00",13351,0,-0.005,0.311,0.015,0.286,0.046,0.028,0.045,0.055,14.91,28.16,16.21,27.38,17.93,16.95,17.89,18.41,0.323,0.285,0.289,14.72,18.66,18.25
"2013-08-05 01:45:00",13352,0,-0.005,0.311,0.016,0.287,0.046,0.028,0.045,0.055,14.91,28.16,16.25,27.4,17.93,16.94,17.89,18.41,0.33,0.285,0.29,14.03,18.63,18.15
"2013-08-05 02:00:00",13353,0,-0.005,0.311,0.015,0.286,0.046,0.028,0.045,0.055,14.91,28.16,16.15,27.38,17.93,16.94,17.89,18.39,0.332,0.286,0.291,13.84,18.57,18.02
"2013-08-05 02:15:00",13354,0,-0.005,0.311,0.015,0.287,0.046,0.028,0.045,0.055,14.89,28.14,16.21,27.4,17.92,16.94,17.88,18.39,0.341,0.287,0.292,12.97,18.47,17.87
"2013-08-05 02:30:00",13355,0,-0.005,0.311,0.015,0.287,0.046,0.028,0.045,0.055,14.89,28.14,16.15,27.4,17.93,16.94,17.88,18.41,0.341,0.288,0.294,12.99,18.34,17.7
"2013-08-05 02:45:00",13356,0,-0.005,0.311,0.014,0.286,0.046,0.028,0.045,0.055,14.91,28.14,16.14,27.38,17.92,16.94,17.88,18.39,0.344,0.289,0.296,12.72,18.18,17.51
"2013-08-05 03:00:00",13357,0,-0.005,0.311,0.014,0.286,0.046,0.028,0.045,0.055,14.89,28.14,16.13,27.38,17.92,16.93,17.88,18.39,0.35,0.291,0.298,12.2,18,17.31
"2013-08-05 03:15:00",13358,0,-0.005,0.311,0.014,0.286,0.046,0.028,0.045,0.054,14.89,28.14,16.1,27.38,17.92,16.93,17.86,18.38,0.356,0.293,0.3,11.61,17.79,17.11
"2013-08-05 03:30:00",13359,0,-0.005,0.31,0.014,0.286,0.045,0.027,0.045,0.054,14.89,28.13,16.13,27.37,17.9,16.91,17.86,18.38,0.361,0.295,0.302,11.12,17.57,16.9
"2013-08-05 03:45:00",13360,0,-0.005,0.311,0.014,0.286,0.045,0.027,0.045,0.054,14.89,28.14,16.11,27.38,17.9,16.91,17.86,18.38,0.364,0.297,0.304,10.87,17.34,16.68
"2013-08-05 04:00:00",13361,0,-0.005,0.311,0.014,0.286,0.045,0.027,0.044,0.054,14.88,28.14,16.13,27.37,17.89,16.91,17.85,18.36,0.368,0.3,0.306,10.55,17.1,16.45
"2013-08-05 04:15:00",13362,0,-0.005,0.311,0.014,0.286,0.045,0.027,0.044,0.054,14.88,28.14,16.13,27.37,17.89,16.91,17.85,18.35,0.371,0.302,0.308,10.26,16.85,16.2
"2013-08-05 04:30:00",13363,0,-0.005,0.311,0.014,0.286,0.045,0.027,0.044,0.054,14.88,28.14,16.13,27.37,17.89,16.9,17.84,18.35,0.374,0.305,0.311,10.02,16.59,15.95
"2013-08-05 04:45:00",13364,0,-0.005,0.311,0.014,0.286,0.045,0.027,0.044,0.054,14.88,28.14,16.11,27.37,17.88,16.9,17.84,18.35,0.377,0.307,0.313,9.69,16.32,15.7
"2013-08-05 05:00:00",13365,0,-0.005,0.311,0.014,0.286,0.045,0.027,0.044,0.054,14.88,28.14,16.13,27.37,17.88,16.9,17.84,18.35,0.382,0.31,0.316,9.28,16.05,15.44
"2013-08-05 05:15:00",13366,0,-0.005,0.311,0.014,0.286,0.045,0.027,0.044,0.054,14.89,28.14,16.14,27.37,17.86,16.9,17.82,18.34,0.385,0.313,0.319,9.06,15.76,15.16
"2013-08-05 05:30:00",13367,0,-0.005,0.31,0.014,0.286,0.045,0.027,0.044,0.054,14.89,28.13,16.13,27.37,17.88,16.9,17.82,18.34,0.382,0.316,0.322,9.24,15.47,14.88
"2013-08-05 05:45:00",13368,0,-0.005,0.311,0.014,0.286,0.045,0.027,0.044,0.054,14.89,28.14,16.13,27.38,17.86,16.89,17.82,18.34,0.381,0.319,0.324,9.38,15.17,14.6
"2013-08-05 06:00:00",13369,0,-0.005,0.311,0.015,0.286,0.045,0.027,0.044,0.053,14.89,28.14,16.15,27.37,17.86,16.9,17.81,18.32,0.384,0.322,0.327,9.09,14.87,14.33
"2013-08-05 06:15:00",13370,0,-0.005,0.311,0.015,0.286,0.045,0.027,0.044,0.053,14.89,28.14,16.15,27.37,17.86,16.9,17.82,18.32,0.383,0.325,0.33,9.18,14.57,14.07
"2013-08-05 06:30:00",13371,0,-0.005,0.311,0.015,0.286,0.044,0.027,0.044,0.053,14.91,28.14,16.15,27.37,17.85,16.9,17.82,18.32,0.375,0.328,0.333,9.92,14.27,13.8
"2013-08-05 06:45:00",13372,0,-0.005,0.311,0.013,0.286,0.044,0.027,0.044,0.053,14.91,28.14,16.06,27.38,17.85,16.9,17.82,18.32,0.369,0.331,0.335,10.4,13.99,13.56
"2013-08-05 07:00:00",13373,0,-0.005,0.311,0.013,0.286,0.045,0.027,0.044,0.053,14.91,28.16,16.07,27.38,17.86,16.9,17.82,18.32,0.365,0.333,0.337,10.83,13.72,13.37
"2013-08-05 07:15:00",13374,0,-0.005,0.311,0.013,0.286,0.044,0.027,0.044,0.053,14.91,28.16,16.07,27.38,17.85,16.9,17.82,18.32,0.366,0.336,0.339,10.74,13.48,13.22
"2013-08-05 07:30:00",13375,0,-0.005,0.311,0.013,0.286,0.044,0.027,0.044,0.053,14.91,28.14,16.09,27.38,17.85,16.9,17.81,18.31,0.364,0.338,0.34,10.91,13.27,13.1
"2013-08-05 07:45:00",13376,0,-0.005,0.311,0.013,0.286,0.044,0.027,0.044,0.053,14.91,28.14,16.09,27.38,17.85,16.9,17.81,18.31,0.366,0.34,0.341,10.68,13.08,13
"2013-08-05 08:00:00",13377,0,-0.005,0.311,0.013,0.286,0.044,0.027,0.044,0.053,14.91,28.14,16.07,27.38,17.84,16.9,17.81,18.31,0.37,0.342,0.342,10.33,12.93,12.9
