"TOA5","ROS_2","CR1000","33753","CR1000.Std.19","CPU:ROS02.ROS07.29.6.2012.CR1","45400","ROS02Table15min"
"TIMESTAMP","RECORD","Rain_mm_Tot","VW(1)","VW(2)","VW(3)","VW(4)","VW(5)","VW(6)","VW(7)","VW(8)","PA_uS(1)","PA_uS(2)","PA_uS(3)","PA_uS(4)","PA_uS(5)","PA_uS(6)","PA_uS(7)","PA_uS(8)","HalfBR_Avg(1)","HalfBR_Avg(2)","HalfBR_Avg(3)","SoilTemp_Avg(1)","SoilTemp_Avg(2)","SoilTemp_Avg(3)"
"TS","RN","mm","","","","","","","","","uSec","uSec","uSec","uSec","uSec","uSec","uSec","uSec","mV/mV","mV/mV","mV/mV","Deg C","Deg C","Deg C"
"","","Tot","Smp","Smp","Smp","Smp","Smp","Smp","Smp","Smp","Smp","Smp","Smp","Smp","Smp","Smp","Smp","Smp","Avg","Avg","Avg","Avg","Avg","Avg"
"2013-07-31 00:15:00",38043,0,0.36,0.271,0.34,-0.006,-0.002,-0.002,0.066,-0.002,29.58,26.91,29.01,14.78,15.07,15.11,18.96,15.06,0.288,0.31,0.078,18.4,16.04,56.94
"2013-07-31 00:30:00",38044,0,0.36,0.271,0.34,-0.007,-0.002,-0.002,0.066,-0.002,29.6,26.91,29.01,14.77,15.07,15.11,18.98,15.06,0.288,0.307,0.073,18.37,16.42,58.83
"2013-07-31 00:45:00",38045,0,0.36,0.271,0.34,-0.007,-0.002,-0.002,0.066,-0.002,29.58,26.91,29.01,14.77,15.07,15.11,18.96,15.06,0.315,0.335,0.049,15.54,13.63,70.74
"2013-07-31 01:00:00",38046,0,0.359,0.271,0.341,-0.007,-0.002,-0.001,0.066,-0.002,29.57,26.91,29.03,14.77,15.07,15.12,18.95,15.06,0.312,0.328,0.043,15.84,14.29,74.42
"2013-07-31 01:15:00",38047,0,0.359,0.271,0.341,-0.007,-0.002,-0.001,0.066,-0.002,29.57,26.9,29.03,14.77,15.07,15.12,18.95,15.07,0.312,0.323,0.033,15.79,14.7,83.2
"2013-07-31 01:30:00",38048,0,0.359,0.271,0.341,-0.007,-0.002,-0.001,0.066,-0.002,29.57,26.91,29.03,14.77,15.07,15.14,18.95,15.06,0.314,0.323,0.027,15.67,14.72,89.2
"2013-07-31 01:45:00",38049,0,0.359,0.271,0.34,-0.006,-0.002,-0.001,0.066,-0.002,29.57,26.9,29.01,14.78,15.07,15.12,18.95,15.06,0.315,0.324,0.026,15.57,14.65,91.6
"2013-07-31 02:00:00",38050,0,0.359,0.271,0.341,-0.007,-0.002,-0.001,0.066,-0.002,29.57,26.9,29.03,14.77,15.07,15.14,18.95,15.07,0.315,0.323,0.024,15.49,14.73,93
"2013-07-31 02:15:00",38051,0,0.359,0.271,0.341,-0.007,-0.002,-0.001,0.066,-0.002,29.57,26.9,29.03,14.77,15.08,15.12,18.96,15.06,0.316,0.322,0.023,15.41,14.88,95.3
"2013-07-31 02:30:00",38052,0,0.359,0.271,0.341,-0.007,-0.002,-0.002,0.11,-0.002,29.55,26.9,29.03,14.76,15.08,15.11,21,15.06,0.317,0.319,0.026,15.35,15.16,91.3
"2013-07-31 02:45:00",38053,0,0.359,0.271,0.34,-0.007,-0.002,-0.001,0.066,-0.002,29.55,26.9,29.01,14.77,15.07,15.12,18.96,15.06,0.32,0.32,0.03,15.05,15.02,86.5
"2013-07-31 03:00:00",38054,0,0.359,0.271,0.341,-0.007,-0.002,-0.001,0.066,-0.002,29.55,26.91,29.03,14.77,15.07,15.14,18.95,15.06,0.321,0.321,0.03,14.94,14.9,86.8
"2013-07-31 03:15:00",38055,0,0.359,0.271,0.341,-0.007,-0.002,-0.001,0.066,-0.002,29.55,26.91,29.03,14.77,15.08,15.12,18.95,15.06,0.322,0.323,0.026,14.82,14.79,91.2
"2013-07-31 03:30:00",38056,0,0.359,0.271,0.341,-0.007,-0.002,-0.001,0.066,-0.002,29.55,26.91,29.03,14.77,15.1,15.14,18.95,15.06,0.332,0.332,0.054,13.84,13.85,73.42
"2013-07-31 03:45:00",38057,0,0.359,0.271,0.341,-0.006,-0.002,-0.001,0.066,-0.002,29.55,26.9,29.03,14.78,15.08,15.12,18.95,15.07,0.34,0.339,0.073,13.14,13.18,58.43
"2013-07-31 04:00:00",38058,0,0.359,0.271,0.341,-0.007,-0.002,-0.001,0.066,-0.002,29.55,26.9,29.03,14.77,15.1,15.14,18.95,15.06,0.34,0.34,0.074,13.13,13.14,58.17
"2013-07-31 04:15:00",38059,0,0.359,0.271,0.341,-0.007,-0.002,-0.001,0.066,-0.002,29.55,26.9,29.03,14.77,15.1,15.12,18.95,15.07,0.34,0.341,0.073,13.12,13.04,58.67
"2013-07-31 04:30:00",38060,0,0.359,0.271,0.341,-0.007,-0.002,-0.001,0.066,-0.002,29.55,26.9,29.03,14.77,15.08,15.14,18.95,15.06,0.34,0.341,0.069,13.1,13.01,60.28
"2013-07-31 04:45:00",38061,0,0.359,0.271,0.341,-0.007,-0.002,-0.001,0.066,-0.002,29.55,26.9,29.03,14.77,15.1,15.12,18.96,15.07,0.34,0.341,0.067,13.09,13.05,61.15
"2013-07-31 05:00:00",38062,0,0.359,0.271,0.341,-0.006,-0.002,-0.001,0.066,-0.002,29.55,26.9,29.03,14.78,15.08,15.14,18.96,15.07,0.34,0.34,0.066,13.08,13.06,61.63
"2013-07-31 05:15:00",38063,0,0.358,0.271,0.341,-0.006,-0.002,-0.001,0.066,-0.002,29.54,26.9,29.03,14.78,15.08,15.12,18.96,15.06,0.34,0.341,0.062,13.07,13.04,63.52
"2013-07-31 05:30:00",38064,0,0.358,0.271,0.341,-0.007,-0.002,-0.001,0.066,-0.002,29.54,26.9,29.03,14.77,15.1,15.14,18.95,15.06,0.34,0.34,0.057,13.06,13.11,65.84
"2013-07-31 05:45:00",38065,0,0.358,0.271,0.341,-0.007,-0.002,-0.001,0.066,-0.002,29.54,26.9,29.03,14.77,15.1,15.14,18.96,15.06,0.341,0.34,0.052,13.05,13.14,68.72
"2013-07-31 06:00:00",38066,0,0.358,0.271,0.341,-0.007,-0.002,-0.001,0.066,-0.002,29.54,26.9,29.03,14.77,15.1,15.14,18.96,15.07,0.341,0.341,0.047,13.04,13.04,72.2
"2013-07-31 06:15:00",38067,0,0.358,0.271,0.341,-0.007,-0.002,-0.001,0.066,-0.002,29.54,26.9,29.03,14.77,15.1,15.14,18.95,15.07,0.341,0.34,0.044,13.03,13.08,73.9
"2013-07-31 06:30:00",38068,0,0.358,0.271,0.341,-0.006,-0.002,-0.001,0.066,-0.002,29.54,26.9,29.03,14.78,15.1,15.12,18.95,15.06,0.341,0.34,0.043,13.02,13.09,74.82
"2013-07-31 06:45:00",38069,0,0.358,0.271,0.341,-0.007,-0.002,-0.001,0.066,-0.002,29.54,26.9,29.03,14.77,15.1,15.14,18.95,15.06,0.341,0.34,0.04,13.02,13.12,77.17
"2013-07-31 07:00:00",38070,0,0.359,0.271,0.34,-0.007,-0.002,-0.001,0.066,-0.002,29.55,26.91,29.01,14.77,15.1,15.12,18.95,15.07,0.341,0.339,0.04,13.01,13.16,76.55
"2013-07-31 07:15:00",38071,0,0.359,0.271,"NAN","NAN",-0.002,-0.001,0.066,-0.002,29.55,26.9,"NAN","NAN",15.1,15.14,18.95,15.07,0.341,0.339,0.043,13,13.17,74.57
"2013-07-31 07:30:00",38072,0,0.359,0.271,"NAN","NAN",-0.002,-0.001,0.066,-0.002,29.55,26.9,"NAN","NAN",15.1,15.12,18.95,15.07,0.341,0.339,0.036,13,13.25,80.5
"2013-07-31 07:45:00",38073,0,0.358,0.271,"NAN","NAN",-0.002,-0.001,0.066,-0.002,29.54,26.9,"NAN","NAN",15.1,15.15,18.95,15.07,0.341,0.338,0.032,12.99,13.33,84.2
"2013-07-31 08:00:00",38074,0,0.359,0.271,0.341,-0.007,-0.002,-0.001,0.066,-0.002,29.55,26.9,29.03,14.77,15.1,15.14,18.95,15.06,0.341,0.336,0.026,12.98,13.48,91.7
"2013-07-31 08:15:00",38075,0,0.359,0.271,"NAN","NAN",-0.002,-0.001,0.066,-0.002,29.55,26.9,"NAN","NAN",15.1,15.14,18.95,15.07,0.341,0.336,0.022,12.97,13.5,96.8
"2013-07-31 08:30:00",38076,0,0.359,0.27,"NAN","NAN",-0.002,-0.001,0.066,-0.002,29.55,26.88,"NAN","NAN",15.1,15.14,18.95,15.07,0.341,0.334,0.084,12.98,13.72,69.58
"2013-07-31 08:45:00",38077,0,0.359,0.271,"NAN","NAN",-0.002,-0.001,0.066,-0.002,29.55,26.9,"NAN","NAN",15.1,15.15,18.95,15.07,0.34,0.324,0.076,13.09,14.61,84.5
"2013-07-31 09:00:00",38078,0,0.358,0.271,"NAN","NAN",-0.002,-0.001,0.066,-0.002,29.54,26.9,"NAN","NAN",15.1,15.14,18.95,15.07,0.307,0.292,"NAN",16.41,17.99,"NAN"
"2013-07-31 09:15:00",38079,0,0.358,0.27,"NAN","NAN",-0.002,-0.001,0.066,-0.002,29.54,26.88,"NAN","NAN",15.1,15.14,18.95,15.07,0.289,0.273,"NAN",18.21,20.02,"NAN"
"2013-07-31 09:30:00",38080,0,0.358,0.271,"NAN","NAN",-0.002,-0.001,0.066,-0.002,29.54,26.9,"NAN","NAN",15.1,15.14,18.96,15.07,0.297,0.275,"NAN",17.43,19.8,"NAN"
"2013-07-31 09:45:00",38081,0,0.358,0.27,"NAN","NAN",-0.002,-0.001,0.066,-0.002,29.54,26.88,"NAN","NAN",15.08,15.14,18.95,15.07,0.303,0.251,0.003,16.79,22.61,210.8
"2013-07-31 10:00:00",38082,0,0.358,0.27,"NAN","NAN",-0.002,-0.001,0.066,-0.002,29.54,26.88,"NAN","NAN",15.11,15.14,18.95,15.06,0.306,0.264,0.007,16.42,20.97,142.6
"2013-07-31 10:15:00",38083,0,0.358,0.27,"NAN","NAN",-0.002,-0.001,0.066,-0.002,29.54,26.87,"NAN","NAN",15.1,15.14,18.96,15.07,0.31,0.278,"NAN",16.03,19.36,"NAN"
"2013-07-31 10:30:00",38084,0,0.358,0.27,"NAN","NAN",-0.002,-0.001,0.066,-0.002,29.54,26.88,"NAN","NAN",15.1,15.14,18.96,15.06,0.309,0.279,0.006,16.16,19.31,148.2
"2013-07-31 10:45:00",38085,0,0.358,0.27,"NAN","NAN",-0.002,-0.001,0.066,-0.002,29.53,26.87,"NAN","NAN",15.1,15.14,18.96,15.06,0.306,0.275,0.005,16.47,19.73,150.5
"2013-07-31 11:00:00",38086,0,0.358,0.27,"NAN","NAN",-0.002,-0.001,0.066,-0.002,29.53,26.87,"NAN","NAN",15.1,15.14,18.98,15.06,0.297,0.271,0.005,17.35,20.22,155.4
"2013-07-31 11:15:00",38087,0,0.358,0.27,"NAN","NAN",-0.002,-0.001,0.066,-0.002,29.53,26.87,"NAN","NAN",15.1,15.15,18.96,15.06,0.292,0.265,"NAN",17.87,20.89,"NAN"
"2013-07-31 11:30:00",38088,0,0.358,0.27,"NAN","NAN",-0.002,-0.001,0.066,-0.002,29.53,26.87,"NAN","NAN",15.1,15.14,18.98,15.06,0.282,0.263,"NAN",18.93,21.09,"NAN"
"2013-07-31 11:45:00",38089,0,0.358,0.269,"NAN","NAN",-0.002,-0.001,0.066,-0.003,29.53,26.86,"NAN","NAN",15.1,15.15,18.98,15.04,0.283,0.272,"NAN",18.88,20.1,"NAN"
"2013-07-31 12:00:00",38090,0,0.358,0.27,"NAN","NAN",-0.002,-0.001,0.066,-0.003,29.53,26.87,"NAN","NAN",15.1,15.14,18.99,15.04,0.285,0.272,0.005,18.64,20.13,155.8
"2013-07-31 12:15:00",38091,0,0.358,0.269,"NAN","NAN",-0.002,-0.001,0.066,-0.002,29.53,26.86,"NAN","NAN",15.1,15.14,18.98,15.06,0.285,0.262,0.005,18.62,21.22,158.5
"2013-07-31 12:30:00",38092,0,0.358,0.269,"NAN","NAN",-0.002,-0.001,0.066,-0.002,29.53,26.84,"NAN","NAN",15.1,15.15,18.99,15.06,0.287,0.262,"NAN",18.46,21.16,"NAN"
"2013-07-31 12:45:00",38093,0,0.358,0.269,"NAN","NAN",-0.002,-0.001,0.066,-0.002,29.53,26.86,"NAN","NAN",15.1,15.15,18.99,15.06,0.29,0.272,"NAN",18.07,20.02,"NAN"
"2013-07-31 13:00:00",38094,0,0.358,0.269,"NAN","NAN",-0.002,-0.001,0.066,-0.003,29.51,26.84,"NAN","NAN",15.1,15.15,18.99,15.04,0.291,0.275,"NAN",18,19.79,"NAN"
"2013-07-31 13:15:00",38095,0,0.358,0.269,"NAN","NAN",-0.002,-0.001,0.067,-0.002,29.53,26.84,"NAN","NAN",15.11,15.14,19,15.06,0.29,0.272,0.003,18.12,20.11,176.4
"2013-07-31 13:30:00",38096,0,0.358,0.269,"NAN","NAN",-0.002,-0.001,0.067,-0.002,29.53,26.84,"NAN","NAN",15.1,15.15,19,15.06,0.289,0.266,0.003,18.2,20.78,181
"2013-07-31 13:45:00",38097,0,0.358,0.269,"NAN","NAN",-0.002,-0.001,0.066,-0.003,29.51,26.84,"NAN","NAN",15.08,15.14,18.99,15.04,0.289,0.267,0.003,18.25,20.68,185.9
"2013-07-31 14:00:00",38098,0,0.358,0.269,"NAN","NAN",-0.002,-0.001,0.067,-0.003,29.51,26.83,"NAN","NAN",15.1,15.15,19,15.04,0.288,0.271,"NAN",18.31,20.2,"NAN"
"2013-07-31 14:15:00",38099,0,0.358,0.269,"NAN","NAN",-0.002,-0.001,0.067,-0.003,29.51,26.84,"NAN","NAN",15.1,15.14,19,15.04,0.288,0.276,"NAN",18.33,19.62,"NAN"
"2013-07-31 14:30:00",38100,0,0.358,0.269,"NAN","NAN",-0.002,-0.001,0.067,-0.003,29.51,26.83,"NAN","NAN",15.08,15.15,19,15.04,0.288,0.282,0.005,18.34,19.01,157
"2013-07-31 14:45:00",38101,0,0.358,0.269,"NAN","NAN",-0.002,-0.001,0.067,-0.003,29.51,26.83,"NAN","NAN",15.08,15.14,19,15.04,0.287,0.281,0.005,18.41,19.08,155.4
"2013-07-31 15:00:00",38102,0,0.358,0.269,"NAN","NAN",-0.002,-0.001,0.067,-0.003,29.51,26.83,"NAN","NAN",15.08,15.14,19,15.04,0.287,0.282,"NAN",18.44,19,"NAN"
"2013-07-31 15:15:00",38103,0,0.358,0.269,0.339,-0.004,-0.002,-0.001,0.067,-0.003,29.51,26.83,28.97,14.92,15.1,15.14,19,15.04,0.286,0.282,0.007,18.48,19.02,140.4
"2013-07-31 15:30:00",38104,0,0.358,0.269,0.339,-0.004,-0.002,-0.001,0.067,-0.003,29.51,26.83,28.98,14.92,15.1,15.14,19,15.04,0.286,0.282,0.007,18.51,18.99,137.7
"2013-07-31 15:45:00",38105,0,0.358,0.268,0.339,-0.004,-0.002,-0.001,0.067,-0.003,29.51,26.81,28.98,14.92,15.1,15.14,19,15.03,0.286,0.283,0.007,18.49,18.88,138.4
"2013-07-31 16:00:00",38106,0,0.358,0.268,0.339,-0.004,-0.001,-0.001,0.067,-0.003,29.51,26.81,28.97,14.92,15.12,15.12,19,15.04,0.287,0.285,0.007,18.43,18.66,141.4
"2013-07-31 16:15:00",38107,0,0.358,0.268,0.339,-0.004,-0.002,-0.001,0.067,-0.003,29.51,26.81,28.97,14.92,15.11,15.14,19,15.04,0.287,0.286,0.007,18.43,18.49,141.3
"2013-07-31 16:30:00",38108,0,0.358,0.268,0.339,-0.004,-0.002,-0.001,0.067,-0.003,29.51,26.81,28.98,14.92,15.11,15.14,19,15.04,0.286,0.287,0.007,18.49,18.38,140.5
"2013-07-31 16:45:00",38109,0,0.358,0.268,0.339,-0.004,-0.002,-0.001,0.067,-0.003,29.51,26.81,28.98,14.92,15.08,15.14,19,15.04,0.287,0.289,0.007,18.47,18.25,142.5
"2013-07-31 17:00:00",38110,0,0.358,0.267,0.339,-0.004,-0.002,-0.001,0.067,-0.003,29.51,26.77,28.98,14.92,15.1,15.14,19,15.04,0.286,0.289,0.005,18.54,18.2,157.5
"2013-07-31 17:15:00",38111,0,0.358,0.267,0.339,-0.004,-0.002,-0.001,0.067,-0.003,29.51,26.77,28.97,14.92,15.11,15.12,19,15.04,0.28,0.287,0.006,19.2,18.45,148.3
"2013-07-31 17:30:00",38112,0,0.358,0.266,0.339,-0.004,-0.002,-0.001,0.067,-0.003,29.51,26.76,28.97,14.92,15.11,15.12,19,15.03,0.278,0.292,0.005,19.42,17.88,157.7
"2013-07-31 17:45:00",38113,0,0.358,0.266,0.339,-0.004,-0.002,-0.001,0.067,-0.003,29.51,26.76,28.97,14.92,15.11,15.12,19,15.04,0.284,0.305,0.005,18.78,16.56,168.6
"2013-07-31 18:00:00",38114,0,0.358,0.266,0.339,-0.005,-0.002,-0.002,0.066,-0.003,29.51,26.76,28.98,14.91,15.11,15.11,18.99,15.03,0.301,0.331,"NAN",17.02,13.95,"NAN"
"2013-07-31 18:15:00",38115,0,0.358,0.266,0.339,-0.005,-0.002,-0.001,0.066,-0.003,29.51,26.76,28.97,14.91,15.1,15.12,18.99,15.04,0.298,0.335,0.002,17.35,13.58,244.5
"2013-07-31 18:30:00",38116,0,0.357,0.266,0.339,-0.005,-0.002,-0.002,0.066,-0.003,29.5,26.76,28.97,14.91,15.11,15.11,18.98,15.04,0.32,0.364,"NAN",15.06,10.93,"NAN"
"2013-07-31 18:45:00",38117,0,0.357,0.266,0.339,-0.005,-0.002,-0.001,0.066,-0.003,29.5,26.76,28.97,14.91,15.1,15.12,18.98,15.04,0.323,0.37,0.008,14.7,10.39,136.4
"2013-07-31 19:00:00",38118,0,0.357,0.266,0.338,-0.005,-0.002,-0.001,0.066,-0.002,29.5,26.75,28.96,14.91,15.1,15.12,18.96,15.06,0.286,0.329,0.008,18.53,14.19,136.7
"2013-07-31 19:15:00",38119,0,0.357,0.266,0.339,-0.005,-0.002,-0.001,0.066,-0.002,29.5,26.76,28.97,14.91,15.1,15.12,18.96,15.06,0.283,0.325,0.007,18.87,14.51,139.8
"2013-07-31 19:30:00",38120,0,0.357,0.266,0.338,-0.005,-0.002,-0.001,0.066,-0.002,29.5,26.76,28.96,14.89,15.1,15.12,18.96,15.06,0.282,0.324,"NAN",18.99,14.63,"NAN"
"2013-07-31 19:45:00",38121,0,0.357,0.266,0.339,-0.005,-0.002,-0.001,0.066,-0.002,29.5,26.76,28.97,14.91,15.11,15.12,18.96,15.07,0.285,0.326,"NAN",18.68,14.42,"NAN"
"2013-07-31 20:00:00",38122,0,0.357,0.266,0.339,-0.005,-0.002,-0.001,0.066,-0.002,29.5,26.76,28.97,14.91,15.11,15.12,18.96,15.06,0.287,0.325,"NAN",18.42,14.51,"NAN"
"2013-07-31 20:15:00",38123,0,0.358,0.266,0.339,-0.005,-0.002,-0.001,0.066,-0.002,29.51,26.76,28.97,14.91,15.11,15.12,18.96,15.07,0.295,0.333,"NAN",17.62,13.74,"NAN"
"2013-07-31 20:30:00",38124,0,0.357,0.266,0.339,-0.005,-0.001,-0.001,0.066,-0.002,29.5,26.76,28.97,14.91,15.12,15.12,18.95,15.06,0.292,0.333,0.015,17.86,13.74,110.1
"2013-07-31 20:45:00",38125,0,0.358,0.266,0.339,-0.005,-0.001,-0.001,0.066,-0.002,29.51,26.76,28.97,14.89,15.12,15.12,18.95,15.07,0.293,0.328,0.015,17.77,14.24,109.2
"2013-07-31 21:00:00",38126,0,0.357,0.266,0.339,-0.005,-0.001,-0.001,0.066,-0.002,29.5,26.76,28.97,14.89,15.12,15.14,18.95,15.07,0.296,0.33,0.016,17.5,14.1,106.9
"2013-07-31 21:15:00",38127,0,0.357,0.266,0.339,-0.005,-0.001,-0.001,0.065,-0.002,29.5,26.76,28.97,14.91,15.12,15.12,18.93,15.07,0.304,0.342,0.017,16.66,12.88,106.8
"2013-07-31 21:30:00",38128,0,0.357,0.266,0.339,-0.005,-0.001,-0.001,0.065,-0.002,29.5,26.76,28.98,14.91,15.14,15.14,18.93,15.07,0.304,0.337,0.016,16.61,13.36,108.7
"2013-07-31 21:45:00",38129,0,0.357,0.267,0.339,-0.005,-0.001,-0.001,0.065,-0.002,29.5,26.77,28.97,14.91,15.15,15.15,18.93,15.07,0.306,0.337,"NAN",16.47,13.42,"NAN"
"2013-07-31 22:00:00",38130,0,0.357,0.267,0.339,-0.005,-0.001,-0.001,0.065,-0.002,29.5,26.77,28.97,14.91,15.15,15.15,18.92,15.07,0.307,0.332,0.016,16.33,13.85,108.8
"2013-07-31 22:15:00",38131,0,0.357,0.267,0.339,-0.004,-0.001,-0.001,0.065,-0.002,29.5,26.77,28.97,14.92,15.15,15.15,18.93,15.08,0.309,0.328,"NAN",16.16,14.28,"NAN"
"2013-07-31 22:30:00",38132,0,0.357,0.267,0.339,-0.004,-0.001,-0.001,0.065,-0.002,29.5,26.77,28.98,14.92,15.16,15.15,18.93,15.08,0.311,0.328,"NAN",15.91,14.26,"NAN"
"2013-07-31 22:45:00",38133,0,0.357,0.266,0.339,-0.004,-0.001,-0.001,0.065,-0.002,29.5,26.76,28.98,14.92,15.14,15.15,18.92,15.08,0.313,0.329,"NAN",15.76,14.15,"NAN"
"2013-07-31 23:00:00",38134,0,0.357,0.267,0.339,-0.005,-0.001,-0.001,0.065,-0.002,29.5,26.77,28.98,14.91,15.14,15.14,18.92,15.08,0.314,0.328,"NAN",15.6,14.24,"NAN"
"2013-07-31 23:15:00",38135,0,0.357,0.267,0.339,-0.004,-0.001,-0.001,0.065,-0.002,29.5,26.77,28.98,14.92,15.15,15.15,18.91,15.08,0.316,0.331,"NAN",15.45,13.96,"NAN"
"2013-07-31 23:30:00",38136,0,0.357,0.266,0.339,-0.004,-0.001,-0.001,0.065,-0.002,29.5,26.76,28.98,14.92,15.15,15.15,18.91,15.1,0.316,0.332,0.002,15.44,13.9,195.7
"2013-07-31 23:45:00",38137,0,0.357,0.267,0.339,-0.005,-0.001,-0.001,0.065,-0.002,29.5,26.77,28.98,14.91,15.15,15.15,18.91,15.1,0.315,0.328,"NAN",15.54,14.21,"NAN"
"2013-08-01 00:00:00",38138,0,0.357,0.267,0.339,-0.004,-0.001,-0.001,0.065,-0.002,29.5,26.77,28.98,14.92,15.14,15.14,18.91,15.1,0.314,0.329,"NAN",15.62,14.2,"NAN"
"2013-08-01 00:15:00",38139,0,0.357,0.267,0.339,-0.005,-0.001,-0.001,0.065,-0.002,29.49,26.77,28.98,14.91,15.15,15.15,18.89,15.1,0.312,0.327,"NAN",15.79,14.34,"NAN"
"2013-08-01 00:30:00",38140,0,0.357,0.266,0.339,-0.005,-0.001,-0.001,0.065,-0.002,29.49,26.76,28.98,14.91,15.14,15.14,18.91,15.1,0.305,0.32,"NAN",16.55,15,"NAN"
"2013-08-01 00:45:00",38141,0,0.357,0.267,0.339,-0.004,-0.001,-0.001,0.065,-0.002,29.49,26.77,28.98,14.92,15.14,15.14,18.89,15.08,0.309,0.326,"NAN",16.18,14.42,"NAN"
"2013-08-01 01:00:00",38142,0,0.357,0.267,0.339,-0.005,-0.001,-0.001,0.064,-0.002,29.5,26.77,28.98,14.91,15.15,15.14,18.88,15.1,0.318,0.342,"NAN",15.21,12.9,"NAN"
"2013-08-01 01:15:00",38143,0,0.357,0.266,0.339,-0.005,-0.001,-0.001,0.065,-0.002,29.49,26.76,28.98,14.91,15.15,15.15,18.89,15.1,0.321,0.348,"NAN",14.98,12.33,"NAN"
"2013-08-01 01:30:00",38144,0,0.357,0.266,0.339,-0.005,-0.001,-0.001,0.064,-0.002,29.49,26.76,28.98,14.89,15.15,15.15,18.88,15.08,0.32,0.351,"NAN",15.03,12.1,"NAN"
"2013-08-01 01:45:00",38145,0,0.357,0.267,0.339,-0.005,-0.001,-0.001,0.064,-0.002,29.49,26.77,28.98,14.91,15.15,15.15,18.88,15.1,0.316,0.349,"NAN",15.43,12.26,"NAN"
"2013-08-01 02:00:00",38146,0,0.357,0.267,0.339,-0.005,-0.001,-0.001,0.064,-0.002,29.49,26.77,28.98,14.91,15.14,15.14,18.88,15.1,0.309,0.342,"NAN",16.11,12.92,"NAN"
"2013-08-01 02:15:00",38147,0,0.357,0.266,0.339,-0.005,-0.001,-0.001,0.064,-0.002,29.49,26.76,28.97,14.89,15.15,15.15,18.87,15.1,0.334,0.374,"NAN",13.73,10.04,"NAN"
"2013-08-01 02:30:00",38148,0,0.357,0.266,0.339,-0.005,-0.001,-0.001,0.064,-0.002,29.49,26.76,28.97,14.91,15.14,15.14,18.87,15.1,0.324,0.364,"NAN",14.69,10.92,"NAN"
"2013-08-01 02:45:00",38149,0,0.357,0.266,0.339,-0.005,-0.001,-0.001,0.064,-0.002,29.49,26.76,28.97,14.91,15.15,15.14,18.87,15.1,0.338,0.377,"NAN",13.26,9.72,"NAN"
"2013-08-01 03:00:00",38150,0,0.357,0.266,0.339,-0.005,-0.001,-0.001,0.064,-0.002,29.49,26.76,28.97,14.89,15.15,15.14,18.87,15.11,0.331,0.371,"NAN",14,10.29,"NAN"
"2013-08-01 03:15:00",38151,0,0.357,0.266,0.339,-0.005,-0.001,-0.001,0.063,-0.002,29.49,26.76,28.98,14.88,15.15,15.14,18.84,15.1,0.323,0.366,"NAN",14.76,10.75,"NAN"
"2013-08-01 03:30:00",38152,0,0.357,0.266,0.339,-0.005,-0.001,-0.001,0.064,-0.002,29.49,26.76,28.97,14.89,15.15,15.14,18.85,15.11,0.312,0.351,"NAN",15.88,12.05,"NAN"
"2013-08-01 03:45:00",38153,0,0.356,0.266,0.339,-0.005,-0.001,-0.001,0.063,-0.002,29.47,26.76,28.98,14.89,15.14,15.14,18.84,15.1,0.305,0.344,"NAN",16.57,12.7,"NAN"
"2013-08-01 04:00:00",38154,0,0.356,0.266,0.339,-0.005,-0.001,-0.001,0.063,-0.002,29.47,26.76,28.98,14.89,15.14,15.14,18.84,15.1,0.319,0.357,"NAN",15.14,11.51,"NAN"
"2013-08-01 04:15:00",38155,0,0.356,0.266,0.339,-0.005,-0.001,-0.001,0.063,-0.002,29.47,26.76,28.97,14.89,15.15,15.14,18.83,15.1,0.33,0.374,"NAN",14.09,10,"NAN"
"2013-08-01 04:30:00",38156,0,0.356,0.266,0.339,-0.004,-0.001,-0.001,0.063,-0.002,29.47,26.76,28.98,14.97,15.18,15.16,18.83,15.08,0.323,0.365,"NAN",14.75,10.83,"NAN"
"2013-08-01 04:45:00",38157,0,0.357,0.267,0.34,-0.005,-0.001,-0.001,0.063,-0.002,29.5,26.77,29,14.91,15.16,15.15,18.84,15.08,0.35,0.392,"NAN",12.18,8.42,"NAN"
"2013-08-01 05:00:00",38158,0,0.359,0.267,0.345,-0.005,-0.001,-0.001,0.063,-0.002,29.57,26.79,29.15,14.91,15.18,15.18,18.83,15.1,0.346,0.384,"NAN",12.59,9.11,"NAN"
"2013-08-01 05:15:00",38159,0,0.361,0.268,0.346,-0.005,-0.001,-0.001,0.063,-0.002,29.62,26.81,29.19,14.91,15.18,15.18,18.83,15.1,0.319,0.353,0.36,15.18,11.93,11.29
"2013-08-01 05:30:00",38160,0,0.363,0.269,0.347,-0.005,-0.001,-0.001,0.063,-0.002,29.68,26.83,29.22,14.89,15.18,15.18,18.83,15.1,0.321,0.357,0.363,14.97,11.55,11.01
"2013-08-01 05:45:00",38161,0,0.364,0.269,0.348,-0.005,-0.001,-0.001,0.063,-0.002,29.69,26.86,29.23,14.89,15.18,15.18,18.83,15.1,0.318,0.351,0.358,15.24,12.05,11.4
"2013-08-01 06:00:00",38162,0,0.364,0.27,0.348,-0.005,-0.001,-0.001,0.063,-0.002,29.7,26.88,29.23,14.89,15.18,15.18,18.81,15.08,0.317,0.352,0.358,15.37,11.96,11.47
"2013-08-01 06:15:00",38163,0,0.365,0.271,0.348,-0.005,-0.001,-0.001,0.063,-0.002,29.72,26.9,29.23,14.89,15.18,15.18,18.81,15.1,0.347,0.388,0.393,12.42,8.79,8.35
"2013-08-01 06:30:00",38164,0,0.365,0.271,0.348,-0.005,-0.001,-0.001,0.063,-0.002,29.73,26.91,29.23,14.89,15.18,15.18,18.8,15.1,0.349,0.389,0.391,12.29,8.7,8.46
"2013-08-01 06:45:00",38165,0,0.365,0.271,0.348,-0.005,-0.001,-0.001,0.063,-0.001,29.73,26.92,29.23,14.89,15.18,15.18,18.8,15.16,0.345,0.382,0.386,12.68,9.36,8.95
"2013-08-01 07:00:00",38166,0,0.365,0.272,0.348,-0.005,-0.001,-0.001,0.063,-0.001,29.73,26.95,29.23,14.89,15.18,15.18,18.8,15.15,0.373,0.409,0.416,10.08,6.968,6.397
"2013-08-01 07:15:00",38167,0,0.365,0.273,0.348,-0.005,0,-0.001,0.063,-0.001,29.73,26.96,29.23,14.89,15.19,15.18,18.8,15.15,0.374,0.408,0.413,9.99,7.007,6.623
"2013-08-01 07:30:00",38168,0,0.365,0.273,0.348,-0.005,-0.001,0.001,0.063,0.001,29.73,26.96,29.23,14.91,15.18,15.26,18.8,15.26,0.376,0.405,0.41,9.85,7.312,6.833
"2013-08-01 07:45:00",38169,0,0.365,0.273,0.348,-0.005,-0.001,0.001,0.063,0,29.73,26.98,29.23,14.89,15.18,15.26,18.8,15.25,0.377,0.402,0.403,9.74,7.583,7.486
"2013-08-01 08:00:00",38170,0,0.366,0.274,0.348,-0.005,0,0.001,0.062,0.001,29.74,26.99,29.24,14.91,15.19,15.29,18.79,15.26,0.38,0.391,0.225,9.43,8.47,43.99
"2013-08-01 08:15:00",38171,0,0.366,0.274,0.482,-0.005,-0.001,0.001,0.062,0,29.76,27,32.84,14.91,15.18,15.3,18.79,15.23,0.363,0.367,"NAN",11.06,10.61,"NAN"
"2013-08-01 08:30:00",38172,0,0.366,0.274,0.348,-0.004,0,0.001,0.063,0,29.74,27.02,29.24,14.92,15.19,15.3,18.8,15.25,0.366,0.353,"NAN",10.73,11.96,"NAN"
"2013-08-01 08:45:00",38173,0,0.366,0.274,"NAN",-0.004,-0.001,0.001,0.063,0,29.76,27.02,"NAN",14.93,15.16,15.29,18.8,15.2,0.311,0.291,"NAN",16.03,18.18,"NAN"
"2013-08-01 09:00:00",38174,0,0.366,0.274,0.348,-0.004,-0.001,0.001,0.063,-0.001,29.74,27.02,29.24,14.93,15.16,15.27,18.81,15.16,0.333,0.278,"NAN",13.78,19.43,"NAN"
"2013-08-01 09:15:00",38175,0,0.366,0.275,0.348,-0.004,-0.001,0.002,0.063,-0.001,29.74,27.05,29.24,14.93,15.16,15.37,18.81,15.18,0.354,0.248,0.009,11.77,22.89,139.5
"2013-08-01 09:30:00",38176,0,0.365,0.275,"NAN","NAN",-0.001,0.002,0.063,-0.001,29.73,27.05,"NAN","NAN",15.15,15.37,18.83,15.14,0.361,0.299,"NAN",11.16,17.14,"NAN"
"2013-08-01 09:45:00",38177,0,0.366,0.275,"NAN","NAN",-0.001,0.001,0.063,-0.002,29.74,27.03,"NAN","NAN",15.16,15.29,18.81,15.1,0.361,0.221,"NAN",11.14,26.36,"NAN"
"2013-08-01 10:00:00",38178,0,0.366,0.275,"NAN","NAN",-0.001,0,0.063,-0.002,29.74,27.05,"NAN","NAN",15.16,15.23,18.83,15.11,0.363,0.202,"NAN",11,28.95,"NAN"
"2013-08-01 10:15:00",38179,0,0.365,0.275,"NAN","NAN",-0.001,0,0.063,-0.002,29.73,27.05,"NAN","NAN",15.15,15.2,18.83,15.08,0.362,0.211,"NAN",11.1,27.64,"NAN"
"2013-08-01 10:30:00",38180,0,0.365,0.275,"NAN","NAN",-0.001,0,0.063,-0.002,29.73,27.05,"NAN","NAN",15.15,15.19,18.84,15.07,0.359,0.229,"NAN",11.34,25.33,"NAN"
"2013-08-01 10:45:00",38181,0,0.365,0.275,"NAN","NAN",-0.001,0,0.063,-0.002,29.73,27.05,"NAN","NAN",15.15,15.19,18.84,15.06,0.356,0.266,"NAN",11.58,20.73,"NAN"
"2013-08-01 11:00:00",38182,0,0.364,0.275,"NAN","NAN",-0.001,-0.001,0.064,-0.002,29.7,27.03,"NAN","NAN",15.14,15.18,18.85,15.06,0.353,0.235,0.003,11.86,24.62,177.1
"2013-08-01 11:15:00",38183,0,0.365,0.275,"NAN","NAN",-0.001,-0.001,0.064,-0.002,29.72,27.05,"NAN","NAN",15.14,15.18,18.85,15.07,0.35,0.184,0.003,12.16,31.67,187
"2013-08-01 11:30:00",38184,0,0.364,0.275,"NAN","NAN",-0.001,-0.001,0.064,-0.002,29.7,27.03,"NAN","NAN",15.14,15.15,18.87,15.07,0.346,0.191,0.002,12.53,30.75,189.2
"2013-08-01 11:45:00",38185,0,0.364,0.275,"NAN","NAN",-0.001,-0.001,0.064,-0.002,29.7,27.03,"NAN","NAN",15.15,15.15,18.87,15.06,0.315,0.239,"NAN",15.54,23.91,"NAN"
"2013-08-01 12:00:00",38186,0,0.364,0.274,"NAN","NAN",-0.001,-0.001,0.065,-0.002,29.7,27.02,"NAN","NAN",15.14,15.14,18.89,15.06,0.306,0.217,"NAN",16.46,26.92,"NAN"
"2013-08-01 12:15:00",38187,0,0.364,0.275,"NAN","NAN",-0.001,-0.001,0.065,-0.002,29.69,27.03,"NAN","NAN",15.15,15.15,18.89,15.07,0.309,0.182,0.116,16.19,32.08,67.16
"2013-08-01 12:30:00",38188,0,0.364,0.274,"NAN","NAN",-0.002,-0.001,0.065,-0.002,29.69,27.02,"NAN","NAN",15.07,15.18,18.91,15.08,0.306,0.187,0.148,16.49,31.16,37.98
"2013-08-01 12:45:00",38189,0,0.364,0.274,"NAN","NAN",-0.002,-0.001,0.065,-0.002,29.69,27.02,"NAN","NAN",15.08,15.16,18.92,15.07,0.301,0.2,0.155,16.92,29.15,36.85
"2013-08-01 13:00:00",38190,0,0.364,0.274,"NAN","NAN",-0.002,-0.001,0.065,-0.002,29.69,27.02,"NAN","NAN",15.07,15.16,18.93,15.07,0.293,0.224,0.207,17.79,25.94,28.22
"2013-08-01 13:15:00",38191,0,0.363,0.274,"NAN","NAN",-0.002,-0.001,0.066,-0.002,29.68,27,"NAN","NAN",15.1,15.15,18.95,15.06,0.288,0.221,0.192,18.35,26.35,30.53
"2013-08-01 13:30:00",38192,0,0.363,0.274,"NAN","NAN",-0.002,-0.001,0.066,-0.002,29.68,27,"NAN","NAN",15.1,15.15,18.96,15.06,0.305,0.211,"NAN",16.55,27.71,"NAN"
"2013-08-01 13:45:00",38193,0,0.363,0.274,"NAN","NAN",-0.002,-0.001,0.066,-0.002,29.68,26.99,"NAN","NAN",15.1,15.15,18.98,15.08,0.304,0.214,"NAN",16.66,27.22,"NAN"
"2013-08-01 14:00:00",38194,0,0.363,0.274,"NAN","NAN",-0.002,-0.001,0.066,-0.002,29.68,26.99,"NAN","NAN",15.08,15.15,18.99,15.07,0.301,0.222,"NAN",16.95,26.11,"NAN"
"2013-08-01 14:15:00",38195,0,0.363,0.274,"NAN","NAN",-0.002,-0.001,0.066,-0.002,29.68,26.99,"NAN","NAN",15.07,15.15,18.99,15.07,0.298,0.233,"NAN",17.23,24.73,"NAN"
"2013-08-01 14:30:00",38196,0,0.363,0.273,"NAN","NAN",-0.002,-0.001,0.067,-0.002,29.66,26.98,"NAN","NAN",15.07,15.14,19.02,15.07,0.296,0.244,0.001,17.52,23.4,216.7
"2013-08-01 14:45:00",38197,0,0.363,0.273,"NAN","NAN",-0.002,-0.001,0.067,-0.002,29.66,26.98,"NAN","NAN",15.08,15.14,19.02,15.07,0.298,0.256,0.065,17.31,21.92,132.2
"2013-08-01 15:00:00",38198,0,0.363,0.273,"NAN","NAN",-0.002,-0.001,0.068,-0.002,29.66,26.98,"NAN","NAN",15.08,15.14,19.04,15.07,0.291,0.252,0.18,18.09,22.42,32.31
"2013-08-01 15:15:00",38199,0,0.363,0.273,"NAN","NAN",-0.002,-0.001,0.068,-0.002,29.66,26.98,"NAN","NAN",15.1,15.14,19.06,15.07,0.271,0.235,"NAN",20.24,24.45,"NAN"
"2013-08-01 15:30:00",38200,0,0.363,0.273,"NAN","NAN",-0.002,-0.001,0.068,-0.002,29.66,26.98,"NAN","NAN",15.1,15.14,19.06,15.07,0.266,0.239,0.186,20.71,24,31.4
"2013-08-01 15:45:00",38201,0,0.363,0.273,"NAN","NAN",-0.002,-0.001,0.068,-0.002,29.66,26.98,"NAN","NAN",15.08,15.14,19.07,15.07,0.283,0.26,0.206,18.88,21.47,28.5
"2013-08-01 16:00:00",38202,0,0.362,0.273,"NAN","NAN",-0.002,-0.001,0.069,-0.002,29.65,26.96,"NAN","NAN",15.07,15.14,19.1,15.06,0.294,0.272,0.242,17.73,20.06,23.58
"2013-08-01 16:15:00",38203,0,0.363,0.273,"NAN","NAN",-0.002,-0.001,0.069,-0.002,29.66,26.96,"NAN","NAN",15.06,15.14,19.1,15.06,0.289,0.274,0.262,18.23,19.81,21.15
"2013-08-01 16:30:00",38204,0,0.362,0.273,0.344,-0.004,-0.002,-0.001,0.069,-0.002,29.65,26.96,29.12,14.95,15.06,15.15,19.1,15.06,0.289,0.281,0.185,18.27,19.13,89.1
"2013-08-01 16:45:00",38205,0,0.362,0.272,"NAN","NAN",-0.002,-0.001,0.069,-0.002,29.65,26.95,"NAN","NAN",15.07,15.14,19.11,15.06,0.295,0.296,0,17.59,17.45,393.8
"2013-08-01 17:00:00",38206,0,0.362,0.272,"NAN","NAN",-0.002,-0.001,0.069,-0.002,29.65,26.95,"NAN","NAN",15.06,15.14,19.12,15.06,0.289,0.301,0,18.21,17,401.7
"2013-08-01 17:15:00",38207,0,0.362,0.272,0.344,-0.004,-0.002,-0.001,0.069,-0.003,29.65,26.95,29.12,14.93,15.06,15.14,19.12,15.04,0.286,0.31,0,18.55,16.05,365.9
"2013-08-01 17:30:00",38208,0,0.362,0.272,0.343,-0.004,-0.002,-0.001,0.069,-0.003,29.65,26.94,29.11,14.93,15.06,15.12,19.11,15.04,0.271,0.303,0.001,20.23,16.8,272.9
"2013-08-01 17:45:00",38209,0,0.362,0.272,0.343,-0.004,-0.002,-0.001,0.069,-0.003,29.65,26.94,29.09,14.95,15.06,15.12,19.12,15.04,0.253,0.29,0.004,22.32,18.14,220.4
"2013-08-01 18:00:00",38210,0,0.362,0.272,0.343,-0.004,-0.002,-0.001,0.069,-0.003,29.65,26.94,29.11,14.93,15.06,15.14,19.11,15.04,0.265,0.31,"NAN",20.93,16.14,"NAN"
"2013-08-01 18:15:00",38211,0,0.362,0.272,0.343,-0.004,-0.002,-0.001,0.069,-0.003,29.65,26.94,29.09,14.93,15.06,15.14,19.1,15.04,0.262,0.308,"NAN",21.22,16.29,"NAN"
"2013-08-01 18:30:00",38212,0,0.362,0.272,0.343,-0.004,-0.002,-0.001,0.069,-0.003,29.65,26.94,29.09,14.93,15.06,15.14,19.1,15.04,0.277,0.326,"NAN",19.55,14.49,"NAN"
"2013-08-01 18:45:00",38213,0,0.362,0.272,0.343,-0.004,-0.002,-0.001,0.069,-0.002,29.64,26.94,29.09,14.93,15.06,15.12,19.11,15.06,0.277,0.329,"NAN",19.48,14.18,"NAN"
"2013-08-01 19:00:00",38214,0,0.362,0.272,0.343,-0.004,-0.002,-0.001,0.069,-0.002,29.64,26.95,29.09,14.92,15.06,15.14,19.1,15.06,0.273,0.324,"NAN",19.97,14.62,"NAN"
"2013-08-01 19:15:00",38215,0,0.362,0.272,0.343,-0.004,-0.002,-0.001,0.068,-0.002,29.64,26.94,29.09,14.92,15.07,15.14,19.08,15.07,0.26,0.308,"NAN",21.46,16.26,"NAN"
"2013-08-01 19:30:00",38216,0,0.362,0.272,0.343,-0.004,-0.002,-0.001,0.068,-0.002,29.64,26.94,29.11,14.93,15.07,15.14,19.08,15.07,0.284,0.338,"NAN",18.78,13.34,"NAN"
"2013-08-01 19:45:00",38217,0,0.361,0.272,0.343,-0.004,-0.002,-0.001,0.068,-0.002,29.62,26.94,29.11,14.93,15.07,15.12,19.07,15.06,0.287,0.343,"NAN",18.49,12.86,"NAN"
"2013-08-01 20:00:00",38218,0,0.362,0.272,0.343,-0.004,-0.002,-0.001,0.068,-0.002,29.64,26.94,29.09,14.92,15.08,15.12,19.06,15.07,0.283,0.336,"NAN",18.85,13.52,"NAN"
"2013-08-01 20:15:00",38219,0,0.361,0.272,0.343,-0.004,-0.002,-0.001,0.068,-0.002,29.62,26.95,29.09,14.93,15.08,15.14,19.06,15.07,0.282,0.335,"NAN",18.95,13.64,"NAN"
"2013-08-01 20:30:00",38220,0,0.361,0.272,0.343,-0.004,-0.002,-0.001,0.068,-0.002,29.62,26.95,29.11,14.92,15.08,15.14,19.04,15.08,0.277,0.325,"NAN",19.49,14.56,"NAN"
"2013-08-01 20:45:00",38221,0,0.361,0.272,0.343,-0.004,-0.002,-0.001,0.068,-0.002,29.62,26.94,29.11,14.92,15.07,15.14,19.04,15.07,0.285,0.336,"NAN",18.6,13.46,"NAN"
"2013-08-01 21:00:00",38222,0,0.361,0.272,0.343,-0.004,-0.002,-0.001,0.067,-0.002,29.62,26.95,29.11,14.92,15.08,15.14,19.03,15.08,0.282,0.334,0.005,19,13.71,153.6
"2013-08-01 21:15:00",38223,0,0.361,0.272,0.343,-0.004,-0.002,-0.001,0.067,-0.002,29.62,26.95,29.11,14.92,15.08,15.14,19.02,15.08,0.275,0.323,"NAN",19.72,14.8,"NAN"
"2013-08-01 21:30:00",38224,0,0.361,0.272,0.343,-0.004,-0.002,-0.001,0.067,-0.002,29.62,26.95,29.11,14.93,15.08,15.14,19.02,15.08,0.294,0.343,0.007,17.71,12.84,140.3
"2013-08-01 21:45:00",38225,0,0.361,0.272,0.343,-0.004,-0.002,-0.001,0.067,-0.002,29.62,26.94,29.11,14.93,15.08,15.14,19,15.08,0.295,0.345,"NAN",17.58,12.59,"NAN"
"2013-08-01 22:00:00",38226,0,0.361,0.272,0.343,-0.004,-0.002,-0.001,0.066,-0.002,29.62,26.94,29.11,14.92,15.08,15.15,18.99,15.1,0.295,0.347,"NAN",17.58,12.5,"NAN"
"2013-08-01 22:15:00",38227,0,0.361,0.272,0.343,-0.004,-0.002,-0.001,0.066,-0.002,29.62,26.95,29.11,14.92,15.1,15.14,18.99,15.1,0.303,0.352,"NAN",16.72,12.01,"NAN"
"2013-08-01 22:30:00",38228,0,0.361,0.272,0.343,-0.004,-0.002,-0.001,0.066,-0.002,29.62,26.95,29.11,14.92,15.1,15.15,18.98,15.1,0.304,0.352,"NAN",16.64,11.98,"NAN"
"2013-08-01 22:45:00",38229,0,0.361,0.272,0.343,-0.004,-0.002,-0.001,0.066,-0.002,29.62,26.95,29.09,14.92,15.1,15.15,18.98,15.08,0.297,0.344,"NAN",17.37,12.77,"NAN"
"2013-08-01 23:00:00",38230,0,0.361,0.272,0.343,-0.004,-0.002,-0.001,0.066,-0.002,29.62,26.95,29.09,14.92,15.1,15.15,18.96,15.1,0.301,0.349,"NAN",16.94,12.23,"NAN"
"2013-08-01 23:15:00",38231,0,0.361,0.272,0.343,-0.004,-0.002,-0.001,0.066,-0.002,29.61,26.95,29.11,14.92,15.1,15.14,18.95,15.1,0.305,0.356,0.001,16.51,11.59,265.7
"2013-08-01 23:30:00",38232,0,0.361,0.272,0.343,-0.004,-0.002,-0.001,0.066,-0.002,29.61,26.95,29.11,14.92,15.1,15.15,18.95,15.1,0.308,0.359,"NAN",16.22,11.36,"NAN"
"2013-08-01 23:45:00",38233,0,0.361,0.272,0.343,-0.004,-0.002,-0.001,0.066,-0.002,29.61,26.94,29.11,14.92,15.1,15.15,18.95,15.1,0.304,0.351,0.001,16.66,12.11,283.6
"2013-08-02 00:00:00",38234,0,0.361,0.272,0.343,-0.005,-0.002,-0.001,0.065,-0.002,29.61,26.94,29.11,14.91,15.11,15.15,18.93,15.1,0.306,0.351,0.001,16.48,12.04,272.8
"2013-08-02 00:15:00",38235,0,0.361,0.272,0.343,-0.004,-0.002,-0.001,0.065,-0.002,29.61,26.95,29.09,14.92,15.11,15.14,18.92,15.1,0.318,0.365,0.268,15.27,10.81,82.5
"2013-08-02 00:30:00",38236,0,0.361,0.272,0.343,-0.004,-0.002,-0.001,0.065,-0.002,29.61,26.94,29.11,14.92,15.11,15.15,18.92,15.11,0.318,0.364,0.375,15.27,10.85,9.93
"2013-08-02 00:45:00",38237,0,0.361,0.272,0.343,-0.004,-0.002,-0.001,0.065,-0.002,29.61,26.94,29.11,14.92,15.11,15.15,18.91,15.11,0.313,0.36,0.368,15.69,11.24,10.5
"2013-08-02 01:00:00",38238,0,0.361,0.272,0.343,-0.004,-0.002,-0.001,0.065,-0.002,29.61,26.95,29.11,14.92,15.11,15.15,18.91,15.11,0.306,0.353,0.36,16.42,11.88,11.26
"2013-08-02 01:15:00",38239,0,0.361,0.272,0.343,-0.005,-0.002,-0.001,0.065,-0.002,29.61,26.94,29.11,14.91,15.11,15.14,18.89,15.11,0.296,0.343,0.351,17.55,12.82,12.14
"2013-08-02 01:30:00",38240,0,0.361,0.272,0.344,-0.004,-0.001,-0.001,0.064,-0.002,29.61,26.95,29.12,14.92,15.12,15.15,18.88,15.1,0.291,0.334,0.328,18,13.69,14.29
"2013-08-02 01:45:00",38241,0,0.36,0.272,0.344,-0.004,-0.002,-0.001,0.065,-0.002,29.6,26.95,29.12,14.92,15.11,15.15,18.89,15.11,0.305,0.347,0.328,16.58,12.48,14.23
"2013-08-02 02:00:00",38242,0,0.361,0.272,0.343,-0.005,-0.002,-0.001,0.064,-0.002,29.61,26.95,29.11,14.91,15.11,15.15,18.88,15.11,0.312,0.356,0.32,15.84,11.65,15.07
"2013-08-02 02:15:00",38243,0,0.361,0.272,0.344,-0.004,-0.001,-0.001,0.064,-0.002,29.61,26.95,29.12,14.92,15.14,15.15,18.87,15.11,0.305,0.349,0.302,16.58,12.24,16.91
"2013-08-02 02:30:00",38244,0,0.36,0.272,0.344,-0.004,-0.001,-0.001,0.064,-0.002,29.6,26.95,29.12,14.92,15.12,15.15,18.87,15.11,0.31,0.347,0.302,16.06,12.43,16.81
"2013-08-02 02:45:00",38245,0,0.36,0.272,0.344,-0.005,-0.001,-0.001,0.064,-0.002,29.6,26.95,29.12,14.91,15.14,15.15,18.85,15.11,0.313,0.349,0.3,15.76,12.27,17.05
"2013-08-02 03:00:00",38246,0,0.361,0.272,0.344,-0.004,-0.001,-0.001,0.064,-0.002,29.61,26.95,29.12,14.92,15.14,15.15,18.85,15.11,0.315,0.35,0.298,15.49,12.16,17.27
"2013-08-02 03:15:00",38247,0,0.361,0.272,0.344,-0.004,-0.001,-0.001,0.064,-0.002,29.61,26.95,29.12,14.92,15.14,15.16,18.85,15.11,0.321,0.352,0.257,14.94,12.03,44.53
"2013-08-02 03:30:00",38248,0,0.361,0.273,0.344,-0.004,-0.001,-0.001,0.064,-0.002,29.61,26.96,29.12,14.92,15.14,15.16,18.85,15.11,0.329,0.355,"NAN",14.16,11.71,"NAN"
"2013-08-02 03:45:00",38249,0,0.361,0.273,0.344,-0.004,-0.001,-0.001,0.064,-0.002,29.61,26.96,29.13,14.92,15.14,15.16,18.85,15.11,0.33,0.354,"NAN",14.06,11.78,"NAN"
"2013-08-02 04:00:00",38250,0,0.361,0.273,0.344,-0.004,-0.001,-0.001,0.063,-0.002,29.61,26.96,29.13,14.93,15.15,15.16,18.84,15.11,0.333,0.352,"NAN",13.75,12.01,"NAN"
"2013-08-02 04:15:00",38251,0,0.36,0.273,0.344,-0.004,-0.001,-0.001,0.063,-0.001,29.6,26.96,29.13,14.93,15.14,15.16,18.84,15.12,0.334,0.35,"NAN",13.7,12.19,"NAN"
"2013-08-02 04:30:00",38252,0,0.36,0.273,0.344,-0.004,-0.001,-0.001,0.063,-0.001,29.6,26.96,29.13,14.92,15.14,15.18,18.84,15.12,0.322,0.334,"NAN",14.89,13.69,"NAN"
"2013-08-02 04:45:00",38253,0,0.36,0.273,0.344,-0.004,-0.001,-0.001,0.063,-0.001,29.6,26.96,29.13,14.93,15.15,15.16,18.84,15.12,0.313,0.323,"NAN",15.71,14.75,"NAN"
"2013-08-02 05:00:00",38254,0,0.36,0.273,0.344,-0.004,-0.001,-0.001,0.063,-0.001,29.6,26.96,29.13,14.92,15.14,15.18,18.84,15.12,0.313,0.326,"NAN",15.7,14.45,"NAN"
"2013-08-02 05:15:00",38255,0,0.36,0.273,0.344,-0.004,-0.001,-0.001,0.063,-0.002,29.6,26.96,29.13,14.93,15.14,15.18,18.84,15.11,0.313,0.327,0.001,15.75,14.34,245.2
"2013-08-02 05:30:00",38256,0,0.36,0.273,0.344,-0.004,-0.001,-0.001,0.063,-0.002,29.6,26.96,29.13,14.93,15.14,15.16,18.84,15.11,0.345,0.362,0.001,12.61,11.11,235.3
"2013-08-02 05:45:00",38257,0,0.36,0.273,0.344,-0.004,-0.001,-0.001,0.063,-0.002,29.6,26.96,29.13,14.92,15.14,15.16,18.83,15.11,0.345,0.362,"NAN",12.63,11.11,"NAN"
"2013-08-02 06:00:00",38258,0,0.36,0.273,0.344,-0.004,-0.001,-0.001,0.063,-0.001,29.6,26.96,29.13,14.92,15.14,15.16,18.83,15.12,0.344,0.361,"NAN",12.72,11.2,"NAN"
"2013-08-02 06:15:00",38259,0,0.36,0.273,0.344,-0.004,-0.001,-0.001,0.063,-0.002,29.6,26.96,29.13,14.92,15.14,15.16,18.81,15.11,0.343,0.362,"NAN",12.79,11.1,"NAN"
"2013-08-02 06:30:00",38260,0,0.361,0.273,0.344,-0.004,-0.001,-0.001,0.063,-0.002,29.61,26.96,29.13,14.92,15.12,15.16,18.81,15.11,0.337,0.357,"NAN",13.37,11.52,"NAN"
"2013-08-02 06:45:00",38261,0,0.36,0.273,0.344,-0.004,-0.001,-0.001,0.063,-0.002,29.6,26.96,29.13,14.92,15.14,15.18,18.81,15.11,0.344,0.364,"NAN",12.75,10.92,"NAN"
"2013-08-02 07:00:00",38262,0,0.361,0.273,0.344,-0.004,-0.001,-0.001,0.063,-0.001,29.61,26.96,29.13,14.93,15.14,15.16,18.81,15.12,0.352,0.369,"NAN",12.01,10.4,"NAN"
"2013-08-02 07:15:00",38263,0,0.361,0.273,0.344,-0.004,-0.001,-0.001,0.063,-0.001,29.61,26.96,29.13,14.92,15.14,15.16,18.81,15.12,0.353,0.365,"NAN",11.87,10.83,"NAN"
"2013-08-02 07:30:00",38264,0,0.361,0.273,0.345,-0.004,-0.001,-0.001,0.063,-0.001,29.61,26.96,29.15,14.93,15.14,15.18,18.81,15.12,0.354,0.362,"NAN",11.79,11.05,"NAN"
"2013-08-02 07:45:00",38265,0,0.361,0.273,0.344,-0.004,-0.001,-0.001,0.063,-0.001,29.61,26.98,29.13,14.93,15.14,15.18,18.81,15.12,0.355,0.355,"NAN",11.7,11.71,"NAN"
"2013-08-02 08:00:00",38266,0,0.361,0.273,"NAN","NAN",-0.001,-0.001,0.063,-0.001,29.61,26.98,"NAN","NAN",15.14,15.18,18.81,15.12,0.36,0.355,"NAN",11.22,11.7,"NAN"
"2013-08-02 08:15:00",38267,0,0.361,0.273,"NAN","NAN",-0.001,-0.001,0.063,-0.001,29.62,26.98,"NAN","NAN",15.14,15.18,18.81,15.12,0.361,0.353,"NAN",11.18,11.9,"NAN"
"2013-08-02 08:30:00",38268,0,0.361,0.273,"NAN","NAN",-0.001,-0.001,0.063,-0.001,29.62,26.98,"NAN","NAN",15.14,15.18,18.81,15.12,0.359,0.347,"NAN",11.36,12.48,"NAN"
"2013-08-02 08:45:00",38269,0,0.361,0.273,"NAN","NAN",-0.001,0,0.063,-0.001,29.61,26.98,"NAN","NAN",15.14,15.19,18.81,15.12,0.332,0.316,0,13.91,15.5,363
"2013-08-02 09:00:00",38270,0,0.361,0.273,"NAN","NAN",-0.001,-0.001,0.063,-0.002,29.62,26.98,"NAN","NAN",15.14,15.18,18.81,15.11,0.314,0.287,0,15.72,18.47,341.6
"2013-08-02 09:15:00",38271,0,0.361,0.273,"NAN","NAN",-0.001,0,0.063,-0.001,29.61,26.98,"NAN","NAN",15.12,15.19,18.83,15.12,0.321,0.287,"NAN",15,18.44,"NAN"
"2013-08-02 09:30:00",38272,0,0.361,0.273,0.345,-0.004,-0.001,-0.001,0.063,-0.001,29.61,26.98,29.15,14.95,15.12,15.18,18.83,15.12,0.339,0.304,"NAN",13.2,16.64,"NAN"
"2013-08-02 09:45:00",38273,0,0.361,0.273,0.345,-0.004,-0.001,-0.001,0.063,-0.002,29.61,26.98,29.16,14.95,15.12,15.18,18.83,15.11,0.32,0.265,0.003,15.09,20.87,196
"2013-08-02 10:00:00",38274,0,0.361,0.273,"NAN",0.334,-0.001,0,0.063,-0.002,29.61,26.98,"NAN",28.84,15.12,15.19,18.84,15.11,0.362,0.238,"NAN",11.1,24.08,"NAN"
"2013-08-02 10:15:00",38275,0,0.361,0.273,0.345,-0.004,-0.002,0,0.063,-0.002,29.61,26.98,29.15,14.97,15.11,15.19,18.83,15.1,0.366,0.223,"NAN",10.67,26.03,"NAN"
"2013-08-02 10:30:00",38276,0,0.36,0.273,0.345,-0.004,-0.002,-0.001,0.063,-0.002,29.6,26.98,29.16,14.96,15.1,15.18,18.84,15.1,0.362,0.257,0.002,11.08,21.86,245.2
"2013-08-02 10:45:00",38277,0,0.36,0.273,0.345,-0.004,-0.002,-0.001,0.063,-0.002,29.6,26.98,29.15,14.97,15.11,15.18,18.84,15.08,0.36,0.281,0.001,11.22,19.06,258.1
"2013-08-02 11:00:00",38278,0,0.36,0.273,0.345,-0.004,-0.002,-0.001,0.064,-0.002,29.6,26.98,29.15,14.96,15.11,15.18,18.85,15.08,0.358,0.275,0.001,11.45,19.71,261.7
"2013-08-02 11:15:00",38279,0,0.36,0.273,"NAN","NAN",-0.002,-0.001,0.064,-0.002,29.6,26.96,"NAN","NAN",15.1,15.16,18.85,15.07,0.355,0.252,0.001,11.7,22.37,287
"2013-08-02 11:30:00",38280,0,0.36,0.273,"NAN","NAN",-0.002,-0.001,0.064,-0.002,29.6,26.96,"NAN","NAN",15.1,15.15,18.87,15.08,0.358,0.25,0.007,11.46,22.73,169.7
"2013-08-02 11:45:00",38281,0,0.36,0.273,"NAN","NAN",-0.002,-0.001,0.064,-0.002,29.58,26.96,"NAN","NAN",15.1,15.15,18.87,15.07,0.353,0.278,0.008,11.95,19.42,138.4
"2013-08-02 12:00:00",38282,0,0.36,0.272,"NAN","NAN",-0.002,-0.001,0.064,-0.002,29.6,26.95,"NAN","NAN",15.1,15.16,18.88,15.06,0.334,0.244,"NAN",13.66,23.49,"NAN"
"2013-08-02 12:15:00",38283,0,0.36,0.273,"NAN","NAN",-0.002,-0.001,0.065,-0.002,29.58,26.96,"NAN","NAN",15.1,15.16,18.89,15.07,0.333,0.205,0.002,13.81,28.48,208.6
"2013-08-02 12:30:00",38284,0,0.36,0.272,"NAN","NAN",-0.002,-0.001,0.065,-0.002,29.58,26.95,"NAN","NAN",15.11,15.15,18.89,15.08,0.326,0.206,0.001,14.48,28.31,251.6
"2013-08-02 12:45:00",38285,0,0.36,0.272,"NAN","NAN",-0.002,-0.001,0.065,-0.002,29.58,26.95,"NAN","NAN",15.08,15.15,18.91,15.08,0.325,0.218,"NAN",14.51,26.71,"NAN"
"2013-08-02 13:00:00",38286,0,0.36,0.272,"NAN","NAN",-0.002,-0.001,0.065,-0.002,29.58,26.95,"NAN","NAN",15.08,15.14,18.91,15.07,0.329,0.251,0.002,14.2,22.52,196.4
"2013-08-02 13:15:00",38287,0,0.36,0.272,"NAN","NAN",-0.002,-0.001,0.065,-0.003,29.58,26.95,"NAN","NAN",15.07,15.14,18.92,15.04,0.325,0.25,0.002,14.54,22.63,193.6
"2013-08-02 13:30:00",38288,0,0.36,0.272,"NAN","NAN",-0.002,-0.001,0.065,-0.002,29.58,26.94,"NAN","NAN",15.1,15.14,18.92,15.06,0.322,0.232,0.002,14.87,24.85,210.4
"2013-08-02 13:45:00",38289,0,0.359,0.271,"NAN","NAN",-0.002,-0.001,0.065,-0.002,29.57,26.92,"NAN","NAN",15.08,15.15,18.93,15.06,0.318,0.236,0.001,15.26,24.29,215.6
"2013-08-02 14:00:00",38290,0,0.359,0.271,"NAN","NAN",-0.002,-0.001,0.066,-0.002,29.55,26.92,"NAN","NAN",15.08,15.15,18.95,15.07,0.314,0.242,0.002,15.65,23.54,205.4
"2013-08-02 14:15:00",38291,0,0.359,0.271,"NAN","NAN",-0.002,-0.001,0.066,-0.002,29.55,26.92,"NAN","NAN",15.07,15.12,18.96,15.07,0.31,0.245,0.002,16.02,23.25,192.3
"2013-08-02 14:30:00",38292,0,0.359,0.271,"NAN","NAN",-0.002,-0.001,0.066,-0.002,29.55,26.92,"NAN","NAN",15.07,15.15,18.98,15.07,0.306,0.247,0.005,16.44,22.98,166.3
"2013-08-02 14:45:00",38293,0,0.359,0.271,"NAN","NAN",-0.002,-0.001,0.066,-0.002,29.55,26.91,"NAN","NAN",15.07,15.14,18.99,15.06,0.303,0.251,"NAN",16.74,22.52,"NAN"
"2013-08-02 15:00:00",38294,0,0.358,0.271,"NAN","NAN",-0.002,-0.001,0.067,-0.002,29.54,26.9,"NAN","NAN",15.07,15.15,19,15.06,0.298,0.229,"NAN",17.24,25.33,"NAN"
"2013-08-02 15:15:00",38295,0,0.359,0.271,"NAN","NAN",-0.002,-0.001,0.067,-0.002,29.55,26.9,"NAN","NAN",15.07,15.16,19,15.06,0.29,0.21,"NAN",18.09,27.82,"NAN"
"2013-08-02 15:30:00",38296,0,0.358,0.271,"NAN","NAN",-0.002,-0.001,0.067,-0.002,29.54,26.9,"NAN","NAN",15.07,15.18,19.02,15.07,0.301,0.232,"NAN",17.01,24.84,"NAN"
"2013-08-02 15:45:00",38297,0,0.358,0.27,"NAN","NAN",-0.002,-0.001,0.067,-0.002,29.54,26.88,"NAN","NAN",15.07,15.15,19.03,15.07,0.298,0.246,0.002,17.24,23.14,214.9
"2013-08-02 16:00:00",38298,0,0.358,0.27,"NAN","NAN",-0.002,-0.001,0.067,-0.002,29.54,26.88,"NAN","NAN",15.06,15.15,19.03,15.06,0.292,0.251,"NAN",17.95,22.5,"NAN"
"2013-08-02 16:15:00",38299,0,0.358,0.27,"NAN","NAN",-0.002,-0.001,0.068,-0.002,29.54,26.87,"NAN","NAN",15.06,15.14,19.06,15.06,0.292,0.261,0.002,17.85,21.34,210.8
"2013-08-02 16:30:00",38300,0,0.358,0.27,"NAN","NAN",-0.002,-0.001,0.068,-0.002,29.54,26.87,"NAN","NAN",15.06,15.14,19.06,15.06,0.289,0.263,"NAN",18.19,21.04,"NAN"
"2013-08-02 16:45:00",38301,0,0.358,0.27,"NAN","NAN",-0.003,-0.001,0.068,-0.002,29.54,26.87,"NAN","NAN",15.04,15.12,19.07,15.06,0.286,0.27,0.001,18.52,20.28,276
"2013-08-02 17:00:00",38302,0,0.358,0.269,"NAN","NAN",-0.003,-0.001,0.068,-0.002,29.54,26.86,"NAN","NAN",15.04,15.12,19.06,15.06,0.287,0.279,0,18.47,19.28,349.4
"2013-08-02 17:15:00",38303,0,0.358,0.269,0.342,-0.004,-0.002,-0.001,0.068,-0.003,29.53,26.86,29.05,14.96,15.06,15.12,19.07,15.04,0.282,0.286,0,18.97,18.56,317.9
"2013-08-02 17:30:00",38304,0,0.358,0.269,0.341,-0.004,-0.003,-0.001,0.068,-0.003,29.53,26.86,29.04,14.95,15.04,15.12,19.07,15.04,0.278,0.293,"NAN",19.38,17.8,"NAN"
"2013-08-02 17:45:00",38305,0,0.358,0.269,0.341,-0.004,-0.003,-0.001,0.068,-0.003,29.54,26.86,29.04,14.95,15.04,15.12,19.07,15.04,0.279,0.301,0.009,19.34,17.01,135.7
"2013-08-02 18:00:00",38306,0,0.358,0.269,0.342,-0.004,-0.003,-0.001,0.068,-0.003,29.53,26.84,29.05,14.95,15.04,15.12,19.07,15.04,0.27,0.296,"NAN",20.34,17.44,"NAN"
"2013-08-02 18:15:00",38307,0,0.358,0.269,0.341,-0.004,-0.003,-0.001,0.068,-0.003,29.53,26.84,29.04,14.95,15.04,15.12,19.07,15.04,0.276,0.3,"NAN",19.7,17.03,"NAN"
"2013-08-02 18:30:00",38308,0,0.358,0.269,0.341,-0.004,-0.002,-0.001,0.068,-0.002,29.54,26.86,29.04,14.95,15.06,15.12,19.07,15.06,0.291,0.312,0.004,17.98,15.83,174.6
"2013-08-02 18:45:00",38309,0,0.358,0.269,0.341,-0.004,-0.003,-0.001,0.068,-0.003,29.54,26.86,29.04,14.95,15.04,15.12,19.07,15.04,0.271,0.288,0.003,20.26,18.42,177.7
"2013-08-02 19:00:00",38310,0,0.358,0.269,0.341,-0.004,-0.003,-0.001,0.068,-0.003,29.54,26.86,29.04,14.95,15.04,15.12,19.06,15.04,0.271,0.297,0.008,20.28,17.49,146.8
"2013-08-02 19:15:00",38311,0,0.358,0.269,0.341,-0.004,-0.002,-0.001,0.068,-0.002,29.53,26.86,29.04,14.93,15.06,15.12,19.06,15.06,0.289,0.328,0.002,18.2,14.23,233.8
"2013-08-02 19:30:00",38312,0,0.358,0.269,0.341,-0.004,-0.003,-0.002,0.068,-0.002,29.53,26.84,29.03,14.95,15.04,15.11,19.04,15.06,0.272,0.316,"NAN",20.05,15.5,"NAN"
"2013-08-02 19:45:00",38313,0,0.358,0.269,0.341,-0.004,-0.003,-0.001,0.068,-0.002,29.54,26.84,29.04,14.95,15.04,15.12,19.04,15.06,0.271,0.313,"NAN",20.15,15.75,"NAN"
"2013-08-02 20:00:00",38314,0,0.358,0.269,0.341,-0.004,-0.002,-0.001,0.068,-0.002,29.53,26.84,29.04,14.95,15.06,15.12,19.04,15.06,0.274,0.311,0.001,19.9,15.97,250.5
"2013-08-02 20:15:00",38315,0,0.358,0.269,0.341,-0.004,-0.002,-0.001,0.067,-0.002,29.53,26.84,29.04,14.95,15.06,15.12,19.03,15.07,0.276,0.316,0.001,19.66,15.39,259.4
"2013-08-02 20:30:00",38316,0,0.358,0.269,0.341,-0.004,-0.003,-0.001,0.067,-0.002,29.53,26.84,29.04,14.93,15.04,15.12,19.02,15.07,0.282,0.327,0.001,19,14.35,251.2
"2013-08-02 20:45:00",38317,0,0.358,0.269,0.341,-0.004,-0.003,-0.001,0.067,-0.002,29.53,26.84,29.03,14.93,15.04,15.12,19.03,15.07,0.275,0.319,0.001,19.82,15.17,255.5
"2013-08-02 21:00:00",38318,0,0.358,0.269,0.341,-0.004,-0.002,-0.001,0.067,-0.002,29.53,26.84,29.04,14.93,15.06,15.12,19.02,15.07,0.291,0.334,"NAN",18.04,13.7,"NAN"
"2013-08-02 21:15:00",38319,0,0.358,0.269,0.341,-0.004,-0.002,-0.001,0.067,-0.002,29.53,26.84,29.04,14.93,15.06,15.12,19,15.07,0.289,0.332,"NAN",18.27,13.85,"NAN"
"2013-08-02 21:30:00",38320,0,0.358,0.269,0.341,-0.004,-0.002,-0.001,0.067,-0.002,29.53,26.84,29.03,14.93,15.07,15.12,19,15.07,0.288,0.337,"NAN",18.31,13.39,"NAN"
"2013-08-02 21:45:00",38321,0,0.358,0.269,0.341,-0.004,-0.002,-0.001,0.066,-0.002,29.53,26.84,29.04,14.92,15.07,15.12,18.99,15.07,0.289,0.34,0.158,18.25,13.15,95.3
"2013-08-02 22:00:00",38322,0,0.358,0.269,0.341,-0.004,-0.002,-0.001,0.066,-0.002,29.51,26.84,29.04,14.92,15.06,15.12,18.98,15.07,0.295,0.348,0.352,17.62,12.36,11.95
"2013-08-02 22:15:00",38323,0,0.358,0.269,0.341,-0.004,-0.002,-0.001,0.066,-0.002,29.51,26.84,29.03,14.92,15.07,15.12,18.98,15.08,0.296,0.348,0.35,17.45,12.38,12.21
"2013-08-02 22:30:00",38324,0,0.358,0.269,0.341,-0.004,-0.002,-0.001,0.066,-0.002,29.51,26.84,29.04,14.93,15.07,15.14,18.96,15.08,0.297,0.346,0.351,17.39,12.55,12.09
"2013-08-02 22:45:00",38325,0,0.358,0.269,0.341,-0.004,-0.002,-0.001,0.066,-0.002,29.51,26.84,29.04,14.93,15.07,15.14,18.96,15.08,0.308,0.354,0.358,16.25,11.82,11.43
"2013-08-02 23:00:00",38326,0,0.358,0.269,0.341,-0.004,-0.002,-0.001,0.066,-0.002,29.51,26.84,29.04,14.92,15.08,15.14,18.95,15.1,0.316,0.358,"NAN",15.43,11.45,"NAN"
"2013-08-02 23:15:00",38327,0,0.358,0.269,0.341,-0.004,-0.002,-0.001,0.066,-0.002,29.51,26.84,29.04,14.93,15.08,15.14,18.95,15.1,0.32,0.355,"NAN",15.07,11.68,"NAN"
"2013-08-02 23:30:00",38328,0,0.358,0.269,0.342,-0.004,-0.002,-0.001,0.066,-0.002,29.51,26.84,29.05,14.93,15.08,15.14,18.95,15.1,0.321,0.351,0.001,14.96,12.08,266.3
"2013-08-02 23:45:00",38329,0,0.358,0.269,0.341,-0.004,-0.002,-0.001,0.065,-0.002,29.51,26.84,29.04,14.93,15.08,15.14,18.93,15.1,0.322,0.356,0.001,14.81,11.59,278.3
"2013-08-03 00:00:00",38330,0,0.358,0.269,0.342,-0.004,-0.002,-0.001,0.065,-0.002,29.51,26.84,29.05,14.92,15.08,15.14,18.93,15.1,0.323,0.353,0.001,14.7,11.87,280.2
"2013-08-03 00:15:00",38331,0,0.358,0.269,0.342,-0.004,-0.002,-0.001,0.065,-0.002,29.51,26.84,29.05,14.93,15.08,15.14,18.93,15.11,0.325,0.352,0.001,14.58,12,277.1
"2013-08-03 00:30:00",38332,0,0.358,0.269,0.342,-0.004,-0.002,-0.001,0.065,-0.002,29.51,26.84,29.05,14.93,15.08,15.15,18.92,15.1,0.326,0.353,0.001,14.45,11.93,275.6
"2013-08-03 00:45:00",38333,0,0.358,0.269,0.342,-0.004,-0.002,-0.001,0.065,-0.002,29.51,26.86,29.05,14.93,15.1,15.15,18.92,15.1,0.327,0.354,0.001,14.32,11.77,274.5
"2013-08-03 01:00:00",38334,0,0.358,0.269,0.342,-0.004,-0.002,-0.001,0.065,-0.002,29.51,26.84,29.05,14.93,15.1,15.15,18.92,15.1,0.328,0.36,0.001,14.21,11.29,271.1
"2013-08-03 01:15:00",38335,0,0.358,0.269,0.342,-0.004,-0.002,-0.001,0.065,-0.002,29.51,26.84,29.05,14.92,15.1,15.14,18.89,15.11,0.329,0.363,0.001,14.14,11.02,270.7
"2013-08-03 01:30:00",38336,0,0.357,0.269,0.342,-0.004,-0.002,-0.001,0.065,-0.002,29.5,26.84,29.05,14.93,15.1,15.15,18.91,15.11,0.327,0.363,0.001,14.39,10.99,271.4
"2013-08-03 01:45:00",38337,0,0.357,0.269,0.342,-0.004,-0.002,-0.001,0.065,-0.002,29.5,26.84,29.05,14.93,15.1,15.14,18.89,15.11,0.322,0.36,0.001,14.8,11.27,256.2
"2013-08-03 02:00:00",38338,0,0.357,0.269,0.342,-0.004,-0.002,-0.001,0.065,-0.002,29.5,26.84,29.05,14.92,15.1,15.15,18.89,15.11,0.319,0.354,0.001,15.1,11.8,245.3
"2013-08-03 02:15:00",38339,0,0.357,0.269,"NAN","NAN",-0.002,-0.001,0.064,-0.002,29.5,26.84,"NAN","NAN",15.1,15.14,18.88,15.11,0.321,0.36,"NAN",14.92,11.24,"NAN"
"2013-08-03 02:30:00",38340,0,0.357,0.269,0.342,-0.004,-0.002,-0.001,0.064,-0.002,29.5,26.86,29.05,14.93,15.08,15.14,18.87,15.11,0.313,0.354,"NAN",15.73,11.83,"NAN"
"2013-08-03 02:45:00",38341,0,0.357,0.269,0.342,-0.004,-0.002,-0.001,0.064,-0.002,29.5,26.84,29.05,14.92,15.1,15.14,18.88,15.11,0.32,0.359,"NAN",15.03,11.3,"NAN"
"2013-08-03 03:00:00",38342,0,0.357,0.269,0.342,-0.004,-0.002,-0.001,0.064,-0.002,29.5,26.84,29.05,14.92,15.08,15.15,18.88,15.11,0.317,0.349,"NAN",15.37,12.23,"NAN"
"2013-08-03 03:15:00",38343,0,0.357,0.269,0.342,-0.004,-0.002,-0.001,0.064,-0.002,29.5,26.84,29.05,14.93,15.1,15.16,18.87,15.11,0.326,0.358,"NAN",14.47,11.48,"NAN"
"2013-08-03 03:30:00",38344,0,0.357,0.269,0.342,-0.004,-0.002,-0.001,0.064,-0.001,29.49,26.84,29.05,14.92,15.1,15.15,18.85,15.12,0.329,0.359,0.001,14.14,11.33,238.8
"2013-08-03 03:45:00",38345,0,0.357,0.269,0.342,-0.004,-0.002,-0.001,0.064,-0.002,29.5,26.84,29.07,14.93,15.11,15.15,18.85,15.11,0.329,0.358,0.001,14.14,11.39,245.1
"2013-08-03 04:00:00",38346,0,0.357,0.269,0.342,-0.004,-0.002,-0.001,0.064,-0.001,29.49,26.84,29.05,14.92,15.1,15.15,18.85,15.12,0.331,0.361,0.001,13.92,11.11,249.6
"2013-08-03 04:15:00",38347,0,0.357,0.269,0.342,-0.004,-0.002,-0.001,0.064,-0.001,29.49,26.84,29.07,14.92,15.1,15.15,18.85,15.12,0.327,0.354,0.001,14.36,11.77,255.7
"2013-08-03 04:30:00",38348,0,0.357,0.269,0.342,-0.004,-0.002,-0.001,0.063,-0.001,29.49,26.86,29.05,14.93,15.1,15.15,18.84,15.12,0.317,0.345,0.001,15.36,12.67,255.6
"2013-08-03 04:45:00",38349,0,0.357,0.269,0.342,-0.004,-0.002,-0.001,0.063,-0.001,29.49,26.86,29.05,14.92,15.1,15.15,18.84,15.12,0.313,0.343,0.001,15.77,12.86,259
"2013-08-03 05:00:00",38350,0,0.357,0.269,0.342,-0.004,-0.002,-0.001,0.063,-0.001,29.49,26.84,29.07,14.92,15.1,15.16,18.83,15.12,0.313,0.343,0.001,15.78,12.84,257.1
"2013-08-03 05:15:00",38351,0,0.357,0.269,0.342,-0.004,-0.002,-0.001,0.063,-0.001,29.49,26.84,29.07,14.92,15.1,15.15,18.83,15.12,0.322,0.359,"NAN",14.86,11.41,"NAN"
"2013-08-03 05:30:00",38352,0,0.357,0.269,0.342,-0.004,-0.002,-0.001,0.063,-0.001,29.49,26.86,29.07,14.92,15.1,15.15,18.84,15.12,0.346,0.38,"NAN",12.5,9.43,"NAN"
"2013-08-03 05:45:00",38353,0,0.357,0.269,0.342,-0.004,-0.002,-0.001,0.063,-0.001,29.49,26.84,29.07,14.92,15.1,15.16,18.83,15.12,0.345,0.377,"NAN",12.67,9.69,"NAN"
"2013-08-03 06:00:00",38354,0,0.357,0.269,0.342,-0.004,-0.002,-0.001,0.063,-0.001,29.49,26.84,29.05,14.92,15.1,15.16,18.81,15.12,0.339,0.375,"NAN",13.18,9.89,"NAN"
"2013-08-03 06:15:00",38355,0,0.357,0.269,0.342,-0.004,-0.002,-0.001,0.063,-0.001,29.49,26.84,29.05,14.92,15.1,15.15,18.81,15.12,0.34,0.379,"NAN",13.09,9.55,"NAN"
"2013-08-03 06:30:00",38356,0,0.357,0.269,0.342,-0.005,-0.002,-0.001,0.063,-0.001,29.49,26.84,29.07,14.91,15.11,15.15,18.8,15.12,0.339,0.381,"NAN",13.21,9.37,"NAN"
"2013-08-03 06:45:00",38357,0,0.356,0.269,0.342,-0.005,-0.002,-0.001,0.063,-0.001,29.47,26.84,29.08,14.91,15.1,15.16,18.8,15.12,0.343,0.382,"NAN",12.87,9.26,"NAN"
"2013-08-03 07:00:00",38358,0,0.356,0.269,0.342,-0.004,-0.002,-0.001,0.063,-0.001,29.47,26.84,29.08,14.92,15.1,15.16,18.8,15.12,0.342,0.383,"NAN",12.88,9.18,"NAN"
"2013-08-03 07:15:00",38359,0,0.356,0.269,0.342,-0.004,-0.002,-0.001,0.062,-0.001,29.47,26.84,29.07,14.92,15.11,15.15,18.79,15.12,0.35,0.391,"NAN",12.19,8.49,"NAN"
"2013-08-03 07:30:00",38360,0,0.356,0.269,0.342,-0.004,-0.002,-0.001,0.062,-0.001,29.47,26.86,29.08,14.92,15.11,15.15,18.79,15.12,0.348,0.379,0.002,12.32,9.51,189.2
"2013-08-03 07:45:00",38361,0,0.357,0.269,0.342,-0.004,-0.002,-0.001,0.063,-0.001,29.49,26.86,29.08,14.92,15.11,15.18,18.8,15.14,0.35,0.363,"NAN",12.2,10.99,"NAN"
"2013-08-03 08:00:00",38362,0,0.357,0.27,0.343,-0.004,-0.001,-0.001,0.063,-0.001,29.49,26.87,29.09,14.93,15.12,15.18,18.8,15.14,0.37,0.364,0.347,10.38,10.86,12.49
"2013-08-03 08:15:00",38363,0,0.357,0.27,0.343,-0.004,-0.001,-0.001,0.063,-0.001,29.49,26.87,29.09,14.95,15.12,15.18,18.8,15.12,0.351,0.322,0.263,12.07,14.9,21.19
"2013-08-03 08:30:00",38364,0,0.357,0.269,0.343,-0.004,-0.001,0,0.063,-0.001,29.49,26.86,29.09,14.96,15.12,15.19,18.8,15.12,0.361,0.308,0.237,11.19,16.25,35.41
"2013-08-03 08:45:00",38365,0,0.357,0.27,0.343,-0.004,-0.001,0,0.063,-0.002,29.49,26.87,29.09,14.96,15.12,15.19,18.81,15.11,0.329,0.269,0.017,14.15,20.45,111
"2013-08-03 09:00:00",38366,0,0.357,0.269,0.342,-0.004,-0.001,0,0.063,-0.002,29.49,26.86,29.08,14.97,15.12,15.2,18.81,15.11,0.337,0.255,"NAN",13.37,22.09,"NAN"
"2013-08-03 09:15:00",38367,0,0.357,0.27,0.343,-0.004,-0.001,0,0.063,-0.002,29.49,26.87,29.09,14.97,15.12,15.19,18.81,15.11,0.341,0.217,0.012,12.99,26.91,120.4
"2013-08-03 09:30:00",38368,0,0.356,0.269,0.343,-0.004,-0.002,0,0.063,-0.002,29.47,26.86,29.09,14.97,15.11,15.19,18.83,15.1,0.341,0.239,0.015,13.05,24,112.3
"2013-08-03 09:45:00",38369,0,0.357,0.269,"NAN","NAN",-0.002,0,0.063,-0.002,29.49,26.86,"NAN","NAN",15.11,15.19,18.84,15.1,0.333,0.163,0.007,13.76,35.28,139.5
"2013-08-03 10:00:00",38370,0,0.356,0.269,"NAN","NAN",-0.001,-0.001,0.063,-0.002,29.47,26.84,"NAN","NAN",15.18,15.16,18.84,15.1,0.334,0.183,0.008,13.7,32,134.3
"2013-08-03 10:15:00",38371,0,0.356,0.269,0.342,-0.003,-0.002,-0.001,0.064,-0.002,29.47,26.84,29.08,14.99,15.1,15.18,18.85,15.1,0.341,0.199,0.006,13.01,29.44,154.7
"2013-08-03 10:30:00",38372,0,0.356,0.269,0.342,-0.004,-0.002,-0.001,0.064,-0.002,29.47,26.83,29.08,14.96,15.08,15.18,18.87,15.08,0.342,0.238,0.005,12.91,24.3,156.3
"2013-08-03 10:45:00",38373,0,0.356,0.269,0.342,-0.004,-0.002,-0.001,0.064,-0.002,29.47,26.84,29.07,14.97,15.08,15.16,18.88,15.08,0.346,0.263,0.005,12.56,21.09,156.3
"2013-08-03 11:00:00",38374,0,0.356,0.269,0.342,-0.003,-0.002,-0.001,0.064,-0.002,29.47,26.83,29.07,14.99,15.1,15.18,18.88,15.08,0.34,0.233,0.003,13.08,24.81,175.3
"2013-08-03 11:15:00",38375,0,0.356,0.269,"NAN","NAN",-0.002,0,0.065,-0.002,29.46,26.83,"NAN","NAN",15.1,15.19,18.89,15.08,0.333,0.169,0.002,13.81,34.24,191.5
"2013-08-03 11:30:00",38376,0,0.356,0.269,"NAN","NAN",-0.002,-0.001,0.065,-0.002,29.46,26.83,"NAN","NAN",15.08,15.16,18.89,15.08,0.324,0.186,0.008,14.67,31.71,137
"2013-08-03 11:45:00",38377,0,0.356,0.268,0.342,-0.004,-0.002,-0.001,0.065,-0.002,29.46,26.81,29.05,14.97,15.07,15.15,18.91,15.08,0.32,0.236,0.014,15,24.36,112.3
"2013-08-03 12:00:00",38378,0,0.356,0.268,0.342,-0.004,-0.002,-0.001,0.065,-0.002,29.46,26.8,29.05,14.97,15.08,15.18,18.92,15.07,0.32,0.21,0.016,14.99,28.08,108.8
"2013-08-03 12:15:00",38379,0,0.356,0.268,0.342,-0.004,-0.002,-0.001,0.065,-0.002,29.46,26.8,29.05,14.97,15.08,15.18,18.92,15.08,0.331,0.151,0.008,13.98,37.41,136.1
"2013-08-03 12:30:00",38380,0,0.356,0.268,0.341,-0.004,-0.002,-0.001,0.066,-0.002,29.46,26.8,29.04,14.97,15.08,15.18,18.95,15.07,0.331,0.17,0.007,13.98,34.03,139.9
"2013-08-03 12:45:00",38381,0,0.356,0.268,0.341,-0.004,-0.002,-0.001,0.066,-0.002,29.46,26.8,29.04,14.96,15.07,15.16,18.95,15.08,0.329,0.172,0.003,14.19,33.66,175.6
"2013-08-03 13:00:00",38382,0,0.355,0.268,0.341,-0.003,-0.002,-0.001,0.066,-0.002,29.45,26.8,29.03,14.99,15.07,15.16,18.96,15.07,0.326,0.213,0.003,14.43,27.52,183.3
"2013-08-03 13:15:00",38383,0,0.355,0.267,0.341,-0.003,-0.002,-0.001,0.066,-0.002,29.45,26.79,29.03,14.99,15.08,15.15,18.96,15.06,0.324,0.226,0.002,14.67,25.67,190.9
"2013-08-03 13:30:00",38384,0,0.355,0.267,0.34,-0.003,-0.002,-0.001,0.066,-0.002,29.45,26.79,29.01,15,15.08,15.15,18.98,15.07,0.321,0.169,0.001,14.95,34.21,249.1
"2013-08-03 13:45:00",38385,0,0.355,0.267,0.34,-0.004,-0.002,-0.001,0.066,-0.002,29.45,26.79,29.01,14.97,15.08,15.14,18.99,15.07,0.318,0.159,0,15.22,35.92,312.3
"2013-08-03 14:00:00",38386,0,0.355,0.267,0.34,-0.004,-0.002,-0.001,0.066,-0.002,29.43,26.77,29.01,14.97,15.07,15.14,18.99,15.08,0.316,0.181,0,15.47,32.18,329
"2013-08-03 14:15:00",38387,0,0.355,0.267,0.34,-0.004,-0.002,-0.001,0.067,-0.002,29.43,26.77,29.01,14.97,15.07,15.14,19,15.08,0.313,0.194,0,15.74,30.16,323.6
"2013-08-03 14:30:00",38388,0,0.355,0.266,0.339,-0.003,-0.002,-0.001,0.067,-0.002,29.43,26.76,28.98,14.99,15.06,15.14,19.03,15.07,0.31,0.246,0.001,15.99,23.14,291.9
"2013-08-03 14:45:00",38389,0,0.355,0.266,0.34,-0.004,-0.002,-0.001,0.067,-0.002,29.43,26.76,29,14.97,15.07,15.14,19.03,15.07,0.307,0.252,0.011,16.36,22.37,142.4
"2013-08-03 15:00:00",38390,0,0.355,0.266,0.339,-0.004,-0.002,-0.001,0.068,-0.002,29.43,26.76,28.98,14.96,15.08,15.14,19.04,15.06,0.291,0.211,0.133,17.98,27.69,59.39
"2013-08-03 15:15:00",38391,0,0.355,0.266,0.339,-0.004,-0.002,-0.001,0.068,-0.002,29.43,26.76,28.97,14.96,15.07,15.15,19.06,15.07,0.297,0.222,0.221,17.35,26.16,26.32
"2013-08-03 15:30:00",38392,0,0.355,0.266,0.339,-0.004,-0.002,-0.001,0.068,-0.002,29.43,26.75,28.97,14.96,15.07,15.14,19.06,15.06,0.284,0.238,0.03,18.72,24.13,122
"2013-08-03 15:45:00",38393,0,0.355,0.266,0.339,-0.004,-0.002,-0.001,0.068,-0.002,29.43,26.75,28.97,14.96,15.07,15.14,19.07,15.07,0.28,0.253,0.009,19.24,22.26,129.5
"2013-08-03 16:00:00",38394,0,0.354,0.266,0.338,-0.004,-0.002,-0.001,0.068,-0.002,29.42,26.75,28.96,14.96,15.07,15.12,19.07,15.06,0.277,0.259,0.008,19.49,21.58,132.7
"2013-08-03 16:15:00",38395,0,0.355,0.266,0.338,-0.004,-0.002,-0.001,0.068,-0.002,29.43,26.75,28.96,14.96,15.06,15.14,19.08,15.07,0.278,0.266,0.008,19.44,20.75,132.8
"2013-08-03 16:30:00",38396,0,0.355,0.266,0.338,-0.004,-0.002,-0.001,0.069,-0.002,29.43,26.73,28.96,14.96,15.06,15.14,19.1,15.06,0.276,0.27,0.005,19.63,20.25,155
"2013-08-03 16:45:00",38397,0,0.355,0.266,0.338,-0.004,-0.003,-0.001,0.068,-0.002,29.43,26.73,28.94,14.95,15.04,15.14,19.08,15.06,0.273,0.278,"NAN",19.97,19.38,"NAN"
"2013-08-03 17:00:00",38398,0,0.355,0.265,0.338,-0.004,-0.002,-0.001,0.069,-0.002,29.43,26.72,28.96,14.95,15.06,15.12,19.1,15.06,0.268,0.28,"NAN",20.53,19.17,"NAN"
"2013-08-03 17:15:00",38399,0,0.355,0.265,0.338,-0.004,-0.002,-0.001,0.069,-0.002,29.43,26.72,28.96,14.95,15.06,15.14,19.1,15.06,0.262,0.277,0.001,21.16,19.49,246.8
"2013-08-03 17:30:00",38400,0,0.355,0.265,0.337,-0.004,-0.003,-0.001,0.068,-0.002,29.43,26.72,28.93,14.95,15.04,15.14,19.08,15.06,0.27,0.291,0.014,20.3,17.98,139.3
"2013-08-03 17:45:00",38401,0,0.354,0.265,0.338,-0.004,-0.003,-0.001,0.069,-0.002,29.42,26.72,28.94,14.95,15.04,15.14,19.1,15.06,0.277,0.304,0.025,19.5,16.65,93.5
"2013-08-03 18:00:00",38402,0,0.355,0.265,0.338,-0.004,-0.002,-0.001,0.069,-0.002,29.43,26.72,28.94,14.95,15.06,15.12,19.1,15.06,0.265,0.293,0.03,20.87,17.79,94.6
"2013-08-03 18:15:00",38403,0,0.354,0.265,0.338,-0.004,-0.003,-0.001,0.069,-0.002,29.42,26.72,28.94,14.95,15.04,15.14,19.1,15.06,0.281,0.308,0.035,19.12,16.23,85
"2013-08-03 18:30:00",38404,0,0.354,0.265,0.338,-0.004,-0.002,-0.001,0.068,-0.002,29.42,26.71,28.94,14.93,15.06,15.12,19.08,15.06,0.273,0.302,0.041,19.99,16.9,76.35
"2013-08-03 18:45:00",38405,0,0.354,0.265,0.338,-0.004,-0.003,-0.001,0.068,-0.002,29.42,26.72,28.94,14.95,15.04,15.14,19.07,15.07,0.27,0.297,0.04,20.31,17.38,77.48
"2013-08-03 19:00:00",38406,0,0.354,0.265,0.338,-0.004,-0.003,-0.001,0.068,-0.002,29.42,26.71,28.94,14.95,15.04,15.14,19.07,15.07,0.292,0.319,0.062,17.91,15.11,63.46
"2013-08-03 19:15:00",38407,0,0.354,0.265,0.337,-0.004,-0.002,-0.001,0.068,-0.002,29.41,26.72,28.93,14.95,15.06,15.15,19.07,15.07,0.29,0.32,0.03,18.1,15.03,88.6
"2013-08-03 19:30:00",38408,0,0.354,0.265,0.337,-0.004,-0.002,-0.001,0.068,-0.002,29.41,26.72,28.93,14.95,15.06,15.18,19.06,15.07,0.289,0.322,0.026,18.18,14.85,94.3
"2013-08-03 19:45:00",38409,0,0.354,0.265,0.337,-0.004,-0.002,-0.001,0.068,-0.002,29.42,26.72,28.93,14.95,15.06,15.16,19.06,15.07,0.298,0.327,0.045,17.25,14.39,73.75
"2013-08-03 20:00:00",38410,0,0.354,0.265,0.337,-0.004,-0.002,-0.001,0.068,-0.002,29.41,26.72,28.93,14.95,15.06,15.16,19.06,15.07,0.299,0.328,0.066,17.17,14.24,62.24
"2013-08-03 20:15:00",38411,0,0.354,0.265,0.337,-0.004,-0.002,-0.001,0.068,-0.002,29.42,26.72,28.93,14.93,15.06,15.16,19.04,15.08,0.3,0.331,0.06,17.06,13.95,66.18
"2013-08-03 20:30:00",38412,0,0.354,0.265,0.337,-0.004,-0.002,-0.001,0.067,-0.002,29.41,26.71,28.93,14.95,15.06,15.16,19.03,15.07,0.277,0.308,0.031,19.53,16.22,87.1
"2013-08-03 20:45:00",38413,0,0.354,0.265,0.337,-0.004,-0.002,-0.001,0.067,-0.002,29.42,26.71,28.93,14.93,15.07,15.16,19.02,15.08,0.293,0.328,0.023,17.79,14.29,107.7
"2013-08-03 21:00:00",38414,0,0.354,0.265,0.337,-0.004,-0.002,-0.001,0.067,-0.002,29.42,26.71,28.93,14.93,15.07,15.16,19.02,15.08,0.314,0.349,"NAN",15.62,12.22,"NAN"
"2013-08-03 21:15:00",38415,0,0.354,0.265,0.337,-0.004,-0.002,-0.001,0.067,-0.002,29.41,26.71,28.93,14.95,15.07,15.16,19.02,15.08,0.293,0.33,0.027,17.78,14.06,90.6
"2013-08-03 21:30:00",38416,0,0.353,0.265,0.337,-0.004,-0.002,-0.001,0.067,-0.002,29.39,26.71,28.93,14.95,15.07,15.15,19,15.08,0.286,0.327,"NAN",18.59,14.39,"NAN"
"2013-08-03 21:45:00",38417,0,0.353,0.265,0.337,-0.004,-0.002,-0.001,0.067,-0.002,29.39,26.71,28.93,14.93,15.07,15.15,19,15.08,0.293,0.34,"NAN",17.76,13.07,"NAN"
"2013-08-03 22:00:00",38418,0,0.353,0.265,0.337,-0.004,-0.002,-0.001,0.066,-0.002,29.39,26.71,28.93,14.93,15.07,15.15,18.99,15.1,0.298,0.35,"NAN",17.22,12.17,"NAN"
"2013-08-03 22:15:00",38419,0,0.354,0.265,0.337,-0.004,-0.002,-0.001,0.066,-0.002,29.41,26.71,28.93,14.93,15.07,15.16,18.99,15.08,0.296,0.343,0.003,17.51,12.84,187.2
"2013-08-03 22:30:00",38420,0,0.354,0.265,0.337,-0.004,-0.002,-0.001,0.066,-0.002,29.41,26.72,28.93,14.93,15.08,15.15,18.98,15.1,0.3,0.347,0.003,17.11,12.48,176.3
"2013-08-03 22:45:00",38421,0,0.353,0.265,0.337,-0.004,-0.002,-0.001,0.066,-0.002,29.39,26.71,28.93,14.93,15.08,15.15,18.96,15.08,0.296,0.341,"NAN",17.44,13.03,"NAN"
"2013-08-03 23:00:00",38422,0,0.353,0.265,0.337,-0.004,-0.002,-0.001,0.066,-0.002,29.39,26.71,28.93,14.93,15.08,15.16,18.98,15.1,0.303,0.346,"NAN",16.73,12.56,"NAN"
"2013-08-03 23:15:00",38423,0,0.353,0.265,0.337,-0.004,-0.002,-0.001,0.066,-0.002,29.39,26.71,28.93,14.93,15.08,15.16,18.96,15.1,0.3,0.34,0.002,17.04,13.14,189.4
"2013-08-03 23:30:00",38424,0,0.353,0.265,0.338,-0.004,-0.002,-0.001,0.066,-0.002,29.39,26.72,28.94,14.93,15.08,15.18,18.95,15.1,0.303,0.336,"NAN",16.74,13.47,"NAN"
"2013-08-03 23:45:00",38425,0,0.353,0.265,0.338,-0.004,-0.002,-0.001,0.066,-0.002,29.39,26.72,28.94,14.93,15.1,15.18,18.95,15.1,0.307,0.334,"NAN",16.37,13.68,"NAN"
"2013-08-04 00:00:00",38426,0,0.353,0.265,0.338,-0.004,-0.002,-0.001,0.065,-0.002,29.39,26.72,28.94,14.93,15.1,15.18,18.93,15.11,0.307,0.332,"NAN",16.39,13.89,"NAN"
"2013-08-04 00:15:00",38427,0,0.354,0.265,0.338,-0.004,-0.002,-0.001,0.065,-0.002,29.41,26.72,28.94,14.93,15.1,15.18,18.93,15.11,0.305,0.326,"NAN",16.58,14.47,"NAN"
"2013-08-04 00:30:00",38428,0,0.353,0.265,0.338,-0.004,-0.002,-0.001,0.065,-0.002,29.39,26.72,28.94,14.95,15.1,15.18,18.93,15.11,0.306,0.328,"NAN",16.44,14.21,"NAN"
"2013-08-04 00:45:00",38429,0,0.353,0.265,0.338,-0.004,-0.002,-0.001,0.065,-0.001,29.39,26.72,28.94,14.93,15.1,15.18,18.93,15.12,0.307,0.327,"NAN",16.35,14.32,"NAN"
"2013-08-04 01:00:00",38430,0,0.353,0.265,0.338,-0.004,-0.002,-0.001,0.065,-0.002,29.38,26.72,28.94,14.93,15.1,15.18,18.92,15.11,0.312,0.332,"NAN",15.81,13.83,"NAN"
"2013-08-04 01:15:00",38431,0,0.353,0.265,0.338,-0.004,-0.002,-0.001,0.065,-0.002,29.39,26.71,28.94,14.93,15.1,15.18,18.92,15.11,0.319,0.344,0.344,15.12,12.75,12.68
"2013-08-04 01:30:00",38432,0,0.353,0.265,0.338,-0.004,-0.002,-0.001,0.065,-0.002,29.39,26.71,28.94,14.93,15.1,15.18,18.92,15.11,0.321,0.347,0.348,14.99,12.47,12.33
"2013-08-04 01:45:00",38433,0,0.353,0.265,0.338,-0.004,-0.002,-0.001,0.065,-0.002,29.39,26.71,28.94,14.93,15.1,15.16,18.91,15.11,0.321,0.351,0.353,14.9,12.08,11.94
"2013-08-04 02:00:00",38434,0,0.353,0.265,0.337,-0.004,-0.002,-0.001,0.065,-0.002,29.39,26.72,28.93,14.93,15.1,15.18,18.91,15.11,0.322,0.351,0.352,14.79,12.08,11.97
"2013-08-04 02:15:00",38435,0,0.353,0.265,0.338,-0.004,-0.002,-0.001,0.065,-0.002,29.39,26.71,28.94,14.93,15.1,15.18,18.91,15.11,0.324,0.351,0.352,14.69,12.12,12.02
"2013-08-04 02:30:00",38436,0,0.353,0.265,0.338,-0.004,-0.002,-0.001,0.065,-0.002,29.38,26.72,28.94,14.93,15.11,15.18,18.89,15.11,0.324,0.343,0.342,14.63,12.83,12.93
"2013-08-04 02:45:00",38437,0,0.353,0.265,0.338,-0.004,-0.002,0.002,0.065,-0.001,29.38,26.71,28.94,14.95,15.1,15.33,18.89,15.14,0.325,0.335,0.333,14.58,13.58,13.76
"2013-08-04 03:00:00",38438,0,0.353,0.265,0.338,-0.004,-0.001,0,0.065,-0.001,29.38,26.71,28.94,14.93,15.12,15.23,18.91,15.12,0.329,0.326,"NAN",14.19,14.49,"NAN"
"2013-08-04 03:15:00",38439,0,0.353,0.265,0.338,-0.004,-0.001,0,0.065,-0.001,29.38,26.72,28.94,14.93,15.12,15.23,18.91,15.12,0.336,0.329,"NAN",13.49,14.16,"NAN"
"2013-08-04 03:30:00",38440,0,0.353,0.265,0.338,-0.004,-0.001,0,0.065,-0.001,29.38,26.71,28.94,14.95,15.12,15.22,18.89,15.12,0.334,0.328,"NAN",13.71,14.27,"NAN"
"2013-08-04 03:45:00",38441,0,0.353,0.265,0.338,-0.004,-0.001,0,0.065,-0.001,29.38,26.71,28.96,14.95,15.12,15.22,18.89,15.12,0.333,0.333,"NAN",13.8,13.76,"NAN"
"2013-08-04 04:00:00",38442,0,0.353,0.265,0.338,-0.004,-0.001,0,0.065,-0.001,29.38,26.71,28.96,14.93,15.12,15.22,18.89,15.12,0.332,0.334,0.009,13.87,13.68,130.7
"2013-08-04 04:15:00",38443,0,0.353,0.264,0.338,-0.004,-0.002,0,0.065,-0.001,29.38,26.69,28.94,14.95,15.11,15.22,18.89,15.12,0.332,0.337,0.003,13.87,13.41,180.9
"2013-08-04 04:30:00",38444,0,0.352,0.265,0.338,-0.004,-0.002,0,0.065,-0.002,29.36,26.71,28.94,14.93,15.11,15.2,18.89,15.11,0.332,0.345,"NAN",13.84,12.64,"NAN"
"2013-08-04 04:45:00",38445,0,0.353,0.264,0.338,-0.004,-0.002,0,0.064,-0.002,29.38,26.69,28.94,14.95,15.11,15.2,18.88,15.11,0.333,0.352,"NAN",13.75,11.96,"NAN"
"2013-08-04 05:00:00",38446,0,0.352,0.265,0.338,-0.004,-0.002,0,0.064,-0.001,29.36,26.71,28.94,14.93,15.11,15.2,18.88,15.12,0.334,0.356,"NAN",13.68,11.58,"NAN"
"2013-08-04 05:15:00",38447,0,0.352,0.265,0.338,-0.004,-0.002,0,0.064,-0.001,29.36,26.71,28.94,14.95,15.11,15.2,18.87,15.12,0.334,0.355,0.007,13.63,11.67,142.2
"2013-08-04 05:30:00",38448,0,0.352,0.264,0.338,-0.004,-0.002,0,0.064,-0.001,29.36,26.69,28.94,14.93,15.11,15.2,18.87,15.12,0.324,0.347,0.007,14.7,12.47,138.3
"2013-08-04 05:45:00",38449,0,0.352,0.264,0.338,-0.004,-0.002,0,0.064,-0.001,29.36,26.69,28.94,14.93,15.11,15.2,18.87,15.12,0.316,0.351,"NAN",15.41,12.11,"NAN"
"2013-08-04 06:00:00",38450,0,0.352,0.265,0.338,-0.004,-0.002,0,0.064,-0.002,29.36,26.71,28.94,14.92,15.11,15.2,18.85,15.11,0.319,0.352,"NAN",15.13,12,"NAN"
"2013-08-04 06:15:00",38451,0,0.352,0.265,0.338,-0.004,-0.002,0,0.064,-0.001,29.36,26.71,28.94,14.93,15.11,15.2,18.87,15.12,0.318,0.348,"NAN",15.26,12.34,"NAN"
"2013-08-04 06:30:00",38452,0,0.352,0.265,0.338,-0.004,-0.002,0,0.064,-0.002,29.36,26.71,28.94,14.93,15.11,15.2,18.85,15.11,0.317,0.344,"NAN",15.3,12.76,"NAN"
"2013-08-04 06:45:00",38453,0,0.352,0.265,0.338,-0.004,-0.002,0,0.064,-0.001,29.36,26.71,28.94,14.92,15.11,15.22,18.85,15.12,0.315,0.339,"NAN",15.54,13.22,"NAN"
"2013-08-04 07:00:00",38454,0,0.352,0.265,0.338,-0.004,-0.001,0,0.064,-0.002,29.36,26.71,28.96,14.93,15.12,15.22,18.85,15.11,0.322,0.339,"NAN",14.82,13.17,"NAN"
"2013-08-04 07:15:00",38455,0,0.353,0.265,0.338,-0.004,-0.001,0,0.064,-0.001,29.38,26.71,28.94,14.93,15.12,15.22,18.85,15.12,0.325,0.335,"NAN",14.59,13.61,"NAN"
"2013-08-04 07:30:00",38456,0,0.352,0.265,0.338,-0.004,-0.001,0,0.063,-0.001,29.36,26.71,28.94,14.95,15.12,15.22,18.84,15.12,0.331,0.342,"NAN",14,12.96,"NAN"
"2013-08-04 07:45:00",38457,0,0.352,0.265,0.338,-0.004,-0.001,0,0.063,-0.001,29.36,26.71,28.96,14.93,15.12,15.22,18.84,15.12,0.343,0.353,0.004,12.78,11.91,159.6
"2013-08-04 08:00:00",38458,0,0.352,0.265,0.338,-0.004,-0.001,0,0.063,-0.001,29.35,26.71,28.96,14.93,15.12,15.22,18.84,15.12,0.341,0.333,"NAN",13.04,13.76,"NAN"
"2013-08-04 08:15:00",38459,0,0.352,0.265,0.338,-0.004,-0.001,0,0.064,-0.001,29.36,26.71,28.94,14.96,15.12,15.23,18.85,15.12,0.335,0.308,"NAN",13.64,16.24,"NAN"
"2013-08-04 08:30:00",38460,0,0.352,0.265,0.338,-0.004,-0.001,0,0.064,-0.001,29.35,26.71,28.96,14.95,15.12,15.25,18.85,15.12,0.334,0.295,0.014,13.7,17.59,113.1
"2013-08-04 08:45:00",38461,0,0.352,0.264,0.338,-0.004,-0.001,0,0.064,-0.001,29.35,26.69,28.94,14.95,15.12,15.25,18.87,15.12,0.342,0.301,0.019,12.94,17.01,101.1
"2013-08-04 09:00:00",38462,0,0.352,0.265,0.338,-0.004,-0.001,0,0.064,-0.002,29.35,26.71,28.94,14.96,15.12,15.25,18.87,15.11,0.317,0.272,0.009,15.34,20.19,130.2
"2013-08-04 09:15:00",38463,0,0.352,0.264,0.338,-0.004,-0.001,0,0.064,-0.002,29.35,26.69,28.94,14.96,15.12,15.25,18.87,15.11,0.32,0.251,0.012,15.06,22.58,122.2
"2013-08-04 09:30:00",38464,0,0.352,0.264,0.338,-0.004,-0.002,0,0.064,-0.002,29.35,26.69,28.94,14.97,15.11,15.25,18.88,15.11,0.328,0.246,0.019,14.3,23.15,105
"2013-08-04 09:45:00",38465,0,0.352,0.264,0.337,-0.003,-0.002,0.001,0.065,-0.002,29.35,26.69,28.93,14.99,15.11,15.26,18.89,15.11,0.332,0.188,0.028,13.91,31.03,104.1
"2013-08-04 10:00:00",38466,0,0.351,0.264,0.337,-0.003,-0.002,0.001,0.064,-0.002,29.34,26.69,28.93,14.99,15.11,15.26,18.88,15.11,0.307,0.179,0.19,16.39,32.38,30.77
"2013-08-04 10:15:00",38467,0,0.351,0.263,0.337,-0.004,-0.002,0.001,0.065,-0.002,29.34,26.67,28.93,14.97,15.11,15.26,18.89,15.1,0.315,0.183,0.195,15.54,31.84,29.88
"2013-08-04 10:30:00",38468,0,0.351,0.263,0.337,-0.004,-0.002,0,0.065,-0.002,29.34,26.67,28.92,14.96,15.08,15.25,18.89,15.1,0.312,0.227,0.225,15.85,25.64,25.9
"2013-08-04 10:45:00",38469,0,0.352,0.263,0.336,-0.003,-0.002,0,0.065,-0.002,29.35,26.67,28.9,14.99,15.1,15.22,18.91,15.08,0.311,0.225,0.234,15.96,25.86,24.59
"2013-08-04 11:00:00",38470,0,0.352,0.263,0.336,-0.003,-0.002,0,0.065,-0.002,29.35,26.67,28.9,14.99,15.1,15.2,18.91,15.08,0.301,0.215,0.211,16.92,27.11,27.72
"2013-08-04 11:15:00",38471,0,0.351,0.263,0.337,-0.003,-0.002,0,0.065,-0.002,29.34,26.67,28.92,14.99,15.08,15.22,18.92,15.08,0.301,0.197,0.172,17,29.64,33.57
"2013-08-04 11:30:00",38472,0,0.351,0.263,0.336,-0.004,-0.002,0,0.066,-0.002,29.34,26.65,28.89,14.97,15.08,15.2,18.95,15.08,0.303,0.227,0.203,16.79,25.48,29.02
"2013-08-04 11:45:00",38473,0,0.351,0.263,0.336,-0.004,-0.002,0.001,0.065,-0.002,29.34,26.64,28.89,14.97,15.08,15.27,18.93,15.06,0.299,0.241,0.236,17.14,23.73,24.34
"2013-08-04 12:00:00",38474,0,0.351,0.263,0.336,-0.004,-0.002,0,0.066,-0.002,29.34,26.64,28.89,14.97,15.08,15.25,18.95,15.07,0.289,0.229,0.201,18.18,25.21,29.3
"2013-08-04 12:15:00",38475,0,0.351,0.263,0.335,-0.004,-0.002,0,0.066,-0.002,29.34,26.64,28.88,14.96,15.08,15.22,18.98,15.08,0.299,0.201,0.168,17.14,29.15,34.37
"2013-08-04 12:30:00",38476,0,0.351,0.263,0.335,-0.004,-0.002,0,0.066,-0.002,29.32,26.64,28.88,14.97,15.08,15.2,18.99,15.08,0.297,0.175,0.173,17.34,33.14,33.37
"2013-08-04 12:45:00",38477,0,0.351,0.262,0.335,-0.004,-0.002,0,0.066,-0.002,29.32,26.62,28.86,14.97,15.07,15.22,18.99,15.08,0.295,0.179,0.183,17.57,32.38,31.75
"2013-08-04 13:00:00",38478,0,0.351,0.262,0.335,-0.004,-0.002,0,0.066,-0.002,29.32,26.62,28.86,14.97,15.07,15.2,18.99,15.07,0.3,0.218,0.001,17.11,26.82,289.2
"2013-08-04 13:15:00",38479,0,0.351,0.262,0.335,-0.003,-0.002,0,0.067,-0.002,29.32,26.61,28.85,14.99,15.08,15.23,19,15.06,0.298,0.246,0,17.3,23.07,344.8
"2013-08-04 13:30:00",38480,0,0.351,0.262,0.335,-0.003,-0.002,0,0.067,-0.002,29.32,26.61,28.85,14.99,15.07,15.22,19.02,15.07,0.295,0.221,0,17.54,26.34,356.8
"2013-08-04 13:45:00",38481,0,0.351,0.261,0.335,-0.003,-0.002,0,0.067,-0.002,29.32,26.58,28.85,14.99,15.08,15.2,19.03,15.08,0.293,0.223,0,17.78,26.1,364.1
"2013-08-04 14:00:00",38482,0,0.35,0.26,0.334,-0.004,-0.002,0,0.068,-0.002,29.31,26.56,28.84,14.97,15.07,15.22,19.04,15.06,0.291,0.229,0,18,25.19,366.3
"2013-08-04 14:15:00",38483,0,0.351,0.26,0.334,-0.003,-0.002,-0.001,0.068,-0.002,29.32,26.56,28.84,14.99,15.07,15.18,19.04,15.06,0.289,0.244,0,18.2,23.34,379.1
"2013-08-04 14:30:00",38484,0,0.35,0.26,0.334,-0.004,-0.002,0,0.067,-0.002,29.31,26.56,28.82,14.97,15.06,15.19,19.03,15.06,0.287,0.248,0,18.39,22.82,347.9
"2013-08-04 14:45:00",38485,0,0.35,0.26,0.334,-0.004,-0.002,-0.001,0.068,-0.002,29.31,26.54,28.82,14.97,15.07,15.18,19.04,15.06,0.279,0.247,0.001,19.26,23,274.4
"2013-08-04 15:00:00",38486,0,0.35,0.26,0.334,-0.004,-0.002,0,0.068,-0.002,29.31,26.54,28.82,14.96,15.07,15.19,19.06,15.06,0.277,0.245,0.001,19.56,23.3,263.7
"2013-08-04 15:15:00",38487,0,0.35,0.259,0.333,-0.004,-0.002,-0.001,0.068,-0.002,29.31,26.53,28.81,14.96,15.07,15.18,19.04,15.06,0.271,0.237,"NAN",20.22,24.25,"NAN"
"2013-08-04 15:30:00",38488,0,0.35,0.259,0.333,-0.004,-0.002,0,0.068,-0.003,29.31,26.53,28.81,14.96,15.06,15.19,19.06,15.03,0.273,0.266,0.001,19.94,20.74,247.9
"2013-08-04 15:45:00",38489,0,0.35,0.259,0.333,-0.004,-0.003,0,0.068,-0.003,29.31,26.53,28.81,14.96,15.04,15.23,19.07,15.03,0.28,0.282,0,19.19,18.96,289.5
"2013-08-04 16:00:00",38490,0,0.35,0.259,0.333,-0.004,-0.003,-0.001,0.068,-0.003,29.31,26.53,28.8,14.95,15.04,15.18,19.07,15.04,0.269,0.273,0.001,20.42,19.99,255
"2013-08-04 16:15:00",38491,0,0.35,0.259,0.333,-0.004,-0.002,-0.001,0.068,-0.003,29.31,26.52,28.8,14.95,15.06,15.18,19.07,15.03,0.272,0.277,0.002,20.11,19.48,209.9
"2013-08-04 16:30:00",38492,0,0.35,0.259,0.333,-0.004,-0.002,-0.001,0.068,-0.003,29.31,26.52,28.8,14.96,15.06,15.18,19.07,15.04,0.269,0.275,0.004,20.36,19.77,165.1
"2013-08-04 16:45:00",38493,0,0.35,0.259,0.333,-0.004,-0.003,0,0.068,-0.003,29.31,26.52,28.8,14.96,15.04,15.2,19.07,15.04,0.283,0.289,0.005,18.9,18.23,154.2
"2013-08-04 17:00:00",38494,0,0.35,0.258,0.332,-0.004,-0.003,0,0.068,-0.003,29.31,26.5,28.78,14.95,15.04,15.19,19.07,15.04,0.283,0.294,0.006,18.82,17.67,149.3
"2013-08-04 17:15:00",38495,0,0.35,0.259,0.332,-0.004,-0.003,-0.001,0.068,-0.003,29.31,26.52,28.78,14.95,15.04,15.18,19.07,15.03,0.267,0.283,0.025,20.63,18.81,94.7
"2013-08-04 17:30:00",38496,0,0.35,0.258,0.333,-0.004,-0.003,0,0.068,-0.003,29.31,26.5,28.8,14.93,15.04,15.19,19.06,15.03,0.263,0.283,0.013,21.11,18.91,117.1
"2013-08-04 17:45:00",38497,0,0.35,0.258,0.332,-0.004,-0.003,0,0.068,-0.003,29.3,26.5,28.78,14.95,15.04,15.22,19.06,15.03,0.271,0.295,"NAN",20.18,17.56,"NAN"
"2013-08-04 18:00:00",38498,0,0.35,0.258,0.332,-0.004,-0.003,0,0.068,-0.003,29.3,26.5,28.78,14.95,15.04,15.19,19.06,15.03,0.286,0.308,0.024,18.6,16.27,97
"2013-08-04 18:15:00",38499,0,0.35,0.258,0.332,-0.004,-0.003,0,0.068,-0.003,29.3,26.49,28.78,14.95,15.04,15.2,19.04,15.03,0.308,0.336,0.039,16.29,13.5,78.37
"2013-08-04 18:30:00",38500,0,0.35,0.258,0.332,-0.004,-0.003,-0.001,0.067,-0.003,29.3,26.49,28.78,14.95,15.04,15.18,19.03,15.04,0.307,0.338,0.048,16.3,13.25,72.22
"2013-08-04 18:45:00",38501,0,0.35,0.258,0.333,-0.004,-0.002,-0.001,0.067,-0.003,29.3,26.5,28.8,14.93,15.07,15.18,19.03,15.04,0.31,0.342,0.054,15.99,12.89,67.88
"2013-08-04 19:00:00",38502,0,0.35,0.258,0.332,-0.004,-0.002,0,0.067,-0.002,29.3,26.49,28.78,14.93,15.06,15.19,19.03,15.06,0.313,0.346,0.038,15.76,12.58,80.3
"2013-08-04 19:15:00",38503,0,0.35,0.258,0.332,-0.004,-0.002,-0.001,0.067,-0.002,29.3,26.49,28.78,14.93,15.06,15.18,19.03,15.06,0.305,0.344,0.036,16.55,12.73,81.4
"2013-08-04 19:30:00",38504,0,0.35,0.258,0.332,-0.004,-0.002,-0.001,0.067,-0.003,29.3,26.49,28.78,14.93,15.06,15.18,19.02,15.04,0.297,0.342,0.03,17.41,12.88,90.6
"2013-08-04 19:45:00",38505,0,0.35,0.258,0.332,-0.004,-0.002,-0.001,0.067,-0.002,29.3,26.48,28.78,14.93,15.06,15.18,19,15.06,0.296,0.345,0.026,17.44,12.63,91.8
"2013-08-04 20:00:00",38506,0,0.35,0.258,0.332,-0.004,-0.002,0,0.067,-0.002,29.3,26.49,28.78,14.93,15.06,15.19,19,15.06,0.311,0.36,0.01,15.96,11.23,137.4
"2013-08-04 20:15:00",38507,0,0.35,0.258,0.332,-0.004,-0.002,-0.001,0.067,-0.002,29.3,26.49,28.78,14.92,15.07,15.18,19,15.07,0.309,0.36,"NAN",16.15,11.24,"NAN"
"2013-08-04 20:30:00",38508,0,0.35,0.258,0.332,-0.004,-0.002,-0.001,0.066,-0.002,29.3,26.49,28.78,14.93,15.07,15.18,18.98,15.06,0.313,0.369,"NAN",15.74,10.48,"NAN"
"2013-08-04 20:45:00",38509,0,0.349,0.258,0.332,-0.004,-0.002,0,0.066,-0.002,29.28,26.48,28.78,14.93,15.07,15.19,18.99,15.06,0.318,0.373,"NAN",15.2,10.07,"NAN"
"2013-08-04 21:00:00",38510,0,0.349,0.258,0.332,-0.004,-0.002,-0.001,0.066,-0.002,29.28,26.48,28.78,14.92,15.08,15.18,18.98,15.07,0.298,0.348,"NAN",17.38,12.37,"NAN"
"2013-08-04 21:15:00",38511,0,0.349,0.258,0.332,-0.004,-0.002,0,0.066,-0.002,29.28,26.49,28.78,14.93,15.08,15.19,18.96,15.07,0.283,0.335,"NAN",18.9,13.61,"NAN"
"2013-08-04 21:30:00",38512,0,0.349,0.258,0.332,-0.004,-0.002,0,0.066,-0.002,29.28,26.48,28.78,14.92,15.08,15.19,18.96,15.07,0.281,0.329,"NAN",19.1,14.21,"NAN"
"2013-08-04 21:45:00",38513,0,0.349,0.258,0.332,-0.004,-0.002,0,0.066,-0.002,29.28,26.49,28.78,14.92,15.07,15.19,18.95,15.07,0.273,0.322,"NAN",19.99,14.9,"NAN"
"2013-08-04 22:00:00",38514,0,0.349,0.258,0.332,-0.004,-0.002,-0.001,0.065,-0.002,29.28,26.48,28.78,14.92,15.08,15.18,18.93,15.08,0.285,0.332,"NAN",18.7,13.87,"NAN"
"2013-08-04 22:15:00",38515,0,0.349,0.258,0.332,-0.004,-0.002,0,0.065,-0.002,29.27,26.48,28.78,14.92,15.08,15.19,18.93,15.08,0.283,0.329,"NAN",18.94,14.18,"NAN"
"2013-08-04 22:30:00",38516,0,0.349,0.258,0.332,-0.004,-0.002,0,0.065,-0.002,29.27,26.48,28.78,14.92,15.1,15.19,18.92,15.08,0.294,0.339,"NAN",17.69,13.22,"NAN"
"2013-08-04 22:45:00",38517,0,0.349,0.258,0.332,-0.004,-0.002,0,0.065,-0.002,29.27,26.48,28.78,14.92,15.1,15.19,18.92,15.08,0.304,0.347,"NAN",16.67,12.43,"NAN"
"2013-08-04 23:00:00",38518,0,0.349,0.258,0.332,-0.004,-0.002,0,0.065,-0.002,29.27,26.48,28.78,14.92,15.1,15.19,18.92,15.08,0.306,0.349,"NAN",16.48,12.28,"NAN"
"2013-08-04 23:15:00",38519,0,0.349,0.258,0.332,-0.004,-0.002,0,0.065,-0.002,29.27,26.48,28.78,14.93,15.08,15.19,18.91,15.08,0.316,0.362,"NAN",15.44,11.1,"NAN"
"2013-08-04 23:30:00",38520,0,0.349,0.258,0.333,-0.004,-0.002,0,0.065,-0.002,29.28,26.48,28.8,14.92,15.1,15.19,18.91,15.1,0.313,0.353,"NAN",15.72,11.85,"NAN"
"2013-08-04 23:45:00",38521,0,0.349,0.258,0.333,-0.004,-0.002,0,0.065,-0.002,29.28,26.48,28.8,14.93,15.1,15.2,18.89,15.08,0.29,0.323,"NAN",18.15,14.74,"NAN"
"2013-08-05 00:00:00",38522,0,0.349,0.258,0.333,-0.004,-0.002,0,0.065,-0.002,29.27,26.48,28.8,14.92,15.11,15.2,18.89,15.1,0.299,0.33,"NAN",17.21,14.09,"NAN"
"2013-08-05 00:15:00",38523,0,0.349,0.258,0.333,-0.004,-0.002,0,0.065,-0.002,29.27,26.48,28.8,14.92,15.11,15.2,18.89,15.1,0.309,0.332,"NAN",16.15,13.83,"NAN"
"2013-08-05 00:30:00",38524,0,0.349,0.258,0.333,-0.004,-0.002,0,0.064,-0.002,29.27,26.49,28.8,14.93,15.11,15.2,18.88,15.1,0.311,0.332,0.058,15.98,13.91,153.1
"2013-08-05 00:45:00",38525,0,0.349,0.258,0.332,-0.004,-0.002,0,0.065,-0.002,29.27,26.48,28.78,14.93,15.11,15.22,18.89,15.1,0.314,0.331,0.336,15.62,13.95,13.47
"2013-08-05 01:00:00",38526,0,0.349,0.258,0.333,-0.004,-0.002,0,0.064,-0.002,29.28,26.48,28.8,14.93,15.11,15.22,18.88,15.1,0.304,0.317,0.321,16.71,15.4,14.98
"2013-08-05 01:15:00",38527,0,0.349,0.258,0.333,-0.004,-0.002,0,0.064,-0.002,29.27,26.49,28.8,14.93,15.11,15.22,18.88,15.11,0.311,0.325,0.329,15.97,14.55,14.14
"2013-08-05 01:30:00",38528,0,0.349,0.258,0.333,-0.004,-0.002,0,0.064,-0.002,29.27,26.49,28.8,14.93,15.11,15.22,18.88,15.11,0.303,0.315,0.316,16.72,15.58,15.41
"2013-08-05 01:45:00",38529,0,0.349,0.258,0.333,-0.004,-0.001,0,0.064,-0.002,29.27,26.48,28.8,14.93,15.12,15.22,18.87,15.1,0.314,0.324,0.323,15.62,14.66,14.74
"2013-08-05 02:00:00",38530,0,0.349,0.258,0.333,-0.004,-0.002,0,0.064,-0.002,29.27,26.48,28.8,14.93,15.11,15.22,18.87,15.1,0.328,0.338,0.331,14.23,13.25,13.98
"2013-08-05 02:15:00",38531,0,0.349,0.258,0.333,-0.004,-0.001,0,0.064,-0.002,29.27,26.48,28.8,14.93,15.12,15.22,18.88,15.11,0.331,0.34,0.314,14,13.07,15.59
"2013-08-05 02:30:00",38532,0,0.349,0.258,0.333,-0.004,-0.002,0,0.064,-0.002,29.27,26.48,28.8,14.93,15.11,15.22,18.85,15.11,0.332,0.345,0.314,13.9,12.65,15.63
"2013-08-05 02:45:00",38533,0,0.349,0.258,0.333,-0.004,-0.002,0,0.064,-0.002,29.26,26.48,28.8,14.93,15.11,15.2,18.85,15.11,0.333,0.357,0.329,13.79,11.48,14.2
"2013-08-05 03:00:00",38534,0,0.349,0.257,0.333,-0.004,-0.002,0,0.064,-0.002,29.26,26.46,28.8,14.92,15.11,15.22,18.85,15.11,0.333,0.365,0.337,13.78,10.8,13.35
"2013-08-05 03:15:00",38535,0,0.349,0.257,0.333,-0.004,-0.002,0,0.063,-0.002,29.26,26.46,28.8,14.92,15.11,15.2,18.84,15.11,0.327,0.361,0.333,14.33,11.15,13.78
"2013-08-05 03:30:00",38536,0,0.349,0.257,0.332,-0.004,-0.002,0,0.063,-0.002,29.26,26.46,28.78,14.92,15.11,15.22,18.84,15.11,0.327,0.362,0.326,14.38,11.09,14.44
"2013-08-05 03:45:00",38537,0,0.349,0.258,0.333,-0.004,-0.002,0,0.063,-0.002,29.26,26.48,28.8,14.92,15.1,15.2,18.84,15.1,0.326,0.359,0.33,14.44,11.31,14.09
"2013-08-05 04:00:00",38538,0,0.349,0.257,0.333,-0.005,-0.002,0,0.063,-0.002,29.26,26.46,28.8,14.91,15.11,15.22,18.84,15.1,0.325,0.358,0.367,14.57,11.46,10.65
"2013-08-05 04:15:00",38539,0,0.349,0.257,0.332,-0.004,-0.001,0,0.063,-0.002,29.26,26.46,28.78,14.92,15.12,15.22,18.83,15.11,0.324,0.354,0.361,14.66,11.81,11.18
"2013-08-05 04:30:00",38540,0,0.349,0.258,0.333,-0.003,-0.001,0,0.063,-0.002,29.26,26.48,28.8,15.04,15.12,15.22,18.81,15.08,0.323,0.349,0.356,14.75,12.24,11.64
"2013-08-05 04:45:00",38541,0,0.349,0.258,0.333,-0.004,-0.001,0,0.063,-0.002,29.26,26.49,28.81,14.95,15.12,15.22,18.84,15.08,0.325,0.346,0.352,14.58,12.54,11.99
"2013-08-05 05:00:00",38542,0,0.35,0.259,0.334,-0.004,-0.001,0,0.063,-0.002,29.31,26.52,28.82,14.93,15.12,15.22,18.83,15.1,0.328,0.352,0.359,14.22,12.01,11.36
"2013-08-05 05:15:00",38543,0,0.352,0.259,0.336,-0.004,-0.001,0,0.063,-0.002,29.36,26.52,28.9,14.92,15.12,15.22,18.81,15.1,0.327,0.355,0.362,14.34,11.75,11.06
"2013-08-05 05:30:00",38544,0,0.354,0.259,0.338,-0.004,-0.001,0,0.063,-0.002,29.41,26.53,28.96,14.92,15.12,15.2,18.81,15.08,0.312,0.344,0.352,15.82,12.7,11.99
"2013-08-05 05:45:00",38545,0,0.356,0.26,0.34,-0.004,-0.001,0,0.063,-0.002,29.47,26.54,29.01,14.92,15.12,15.2,18.81,15.08,0.334,0.368,0.376,13.73,10.56,9.87
"2013-08-05 06:00:00",38546,0,0.357,0.26,0.341,-0.004,-0.002,0,0.063,-0.002,29.5,26.56,29.04,14.92,15.11,15.2,18.8,15.08,0.371,0.409,0.419,10.24,6.926,6.13
"2013-08-05 06:15:00",38547,0,0.358,0.261,0.342,-0.004,-0.001,0,0.063,-0.002,29.54,26.57,29.05,14.92,15.12,15.2,18.8,15.08,0.372,0.413,0.424,10.14,6.607,5.734
"2013-08-05 06:30:00",38548,0,0.359,0.261,0.342,-0.004,-0.002,0,0.063,-0.002,29.55,26.57,29.07,14.92,15.11,15.2,18.8,15.08,0.373,0.414,0.424,10.05,6.499,5.681
"2013-08-05 06:45:00",38549,0,0.359,0.261,0.342,-0.004,-0.001,0,0.063,-0.002,29.57,26.58,29.08,14.92,15.12,15.2,18.8,15.08,0.374,0.415,0.423,9.98,6.487,5.773
"2013-08-05 07:00:00",38550,0,0.36,0.261,0.342,-0.004,-0.001,0,0.062,-0.002,29.58,26.6,29.08,14.92,15.12,15.2,18.79,15.08,0.375,0.413,0.42,9.9,6.618,6.028
"2013-08-05 07:15:00",38551,0,0.361,0.262,0.342,-0.005,-0.001,0,0.062,-0.002,29.61,26.61,29.08,14.91,15.12,15.2,18.79,15.1,0.376,0.411,0.412,9.82,6.795,6.687
"2013-08-05 07:30:00",38552,0,0.361,0.262,0.342,-0.004,-0.001,0,0.062,-0.002,29.61,26.62,29.08,14.92,15.12,15.2,18.79,15.08,0.377,0.403,0.413,9.73,7.467,6.645
"2013-08-05 07:45:00",38553,0,0.361,0.262,0.343,-0.004,-0.001,0,0.062,-0.002,29.62,26.62,29.09,14.92,15.12,15.22,18.79,15.08,0.378,0.388,0.397,9.62,8.8,7.993
"2013-08-05 08:00:00",38554,0,0.361,0.263,0.343,-0.004,-0.001,0,0.062,-0.002,29.62,26.65,29.11,14.93,15.14,15.23,18.79,15.1,0.356,0.349,"NAN",11.64,12.36,"NAN"
"2013-08-05 08:15:00",38555,0,0.362,0.263,0.343,-0.004,-0.001,0,0.063,-0.002,29.64,26.67,29.11,14.95,15.15,15.25,18.8,15.1,0.361,0.335,0.339,11.23,13.65,13.29
"2013-08-05 08:30:00",38556,0,0.362,0.263,0.343,-0.004,-0.001,0,0.063,-0.002,29.64,26.67,29.11,14.96,15.15,15.25,18.8,15.1,0.346,0.303,0.194,12.56,16.8,58.51
"2013-08-05 08:45:00",38557,0,0.362,0.263,0.343,-0.004,-0.001,0.001,0.063,-0.002,29.64,26.67,29.09,14.97,15.15,15.26,18.8,15.1,0.33,0.279,"NAN",14.11,19.3,"NAN"
"2013-08-05 09:00:00",38558,0,0.362,0.263,0.343,-0.004,-0.001,0,0.063,-0.002,29.64,26.67,29.11,14.97,15.14,15.25,18.8,15.08,0.34,0.264,"NAN",13.15,21.01,"NAN"
"2013-08-05 09:15:00",38559,0,0.362,0.263,0.343,-0.004,-0.001,0,0.063,-0.002,29.64,26.65,29.11,14.96,15.12,15.25,18.81,15.1,0.321,0.236,0.006,14.96,24.39,149.4
"2013-08-05 09:30:00",38560,0,0.362,0.263,0.343,-0.004,-0.001,0.001,0.063,-0.002,29.64,26.65,29.11,14.97,15.12,15.26,18.81,15.08,0.308,0.227,0.008,16.26,25.57,137.3
"2013-08-05 09:45:00",38561,0,0.362,0.263,0.343,-0.004,-0.001,0.001,0.063,-0.002,29.64,26.67,29.09,14.97,15.12,15.26,18.83,15.1,0.317,0.187,0.005,15.39,31.2,154.7
"2013-08-05 10:00:00",38562,0,0.362,0.263,0.343,-0.003,-0.001,0.001,0.063,-0.002,29.64,26.67,29.09,14.99,15.12,15.26,18.84,15.08,0.334,0.181,0.007,13.65,32.19,144.4
"2013-08-05 10:15:00",38563,0,0.362,0.263,0.343,-0.003,-0.002,0,0.063,-0.002,29.64,26.65,29.09,14.99,15.11,15.23,18.84,15.08,0.328,0.187,0.004,14.22,31.11,173.7
"2013-08-05 10:30:00",38564,0,0.362,0.263,0.343,-0.004,-0.002,0,0.064,-0.002,29.64,26.67,29.11,14.97,15.11,15.23,18.85,15.08,0.324,0.234,0.003,14.62,24.64,182.8
"2013-08-05 10:45:00",38565,0,0.361,0.263,0.343,-0.003,-0.002,0,0.064,-0.002,29.62,26.65,29.09,14.99,15.11,15.25,18.85,15.07,0.32,0.207,0.003,15.05,28.35,183.2
"2013-08-05 11:00:00",38566,0,0.361,0.263,0.343,-0.003,-0.002,0,0.064,-0.002,29.62,26.65,29.09,14.99,15.11,15.25,18.87,15.07,0.314,0.202,0.003,15.62,29.01,187.3
"2013-08-05 11:15:00",38567,0,0.361,0.263,0.343,-0.003,-0.002,0,0.064,-0.002,29.62,26.65,29.09,15,15.1,15.23,18.88,15.08,0.307,0.166,0.002,16.39,34.71,194.6
"2013-08-05 11:30:00",38568,0,0.361,0.263,0.342,-0.003,-0.002,0,0.065,-0.002,29.62,26.65,29.08,14.99,15.08,15.23,18.89,15.07,0.305,0.212,0.003,16.51,27.69,179.4
"2013-08-05 11:45:00",38569,0,0.361,0.263,"NAN","NAN",-0.002,0,0.065,-0.002,29.62,26.64,"NAN","NAN",15.07,15.22,18.91,15.06,0.301,0.228,0.003,16.96,25.32,180.2
"2013-08-05 12:00:00",38570,0,0.361,0.263,"NAN","NAN",-0.002,0,0.065,-0.002,29.62,26.64,"NAN","NAN",15.08,15.23,18.92,15.06,0.292,0.219,0.002,17.95,26.51,190.7
"2013-08-05 12:15:00",38571,0,0.361,0.263,"NAN","NAN",-0.002,0,0.065,-0.002,29.62,26.64,"NAN","NAN",15.08,15.25,18.93,15.07,0.293,0.199,"NAN",17.84,29.38,"NAN"
"2013-08-05 12:30:00",38572,0,0.361,0.263,"NAN","NAN",-0.002,0,0.065,-0.002,29.61,26.64,"NAN","NAN",15.08,15.22,18.93,15.07,0.285,0.215,0.001,18.69,27.14,215.6
"2013-08-05 12:45:00",38573,0,0.361,0.263,"NAN","NAN",-0.002,0,0.066,-0.002,29.61,26.64,"NAN","NAN",15.08,15.25,18.95,15.07,0.274,0.166,0.002,19.88,34.66,213.6
"2013-08-05 13:00:00",38574,0,0.361,0.262,"NAN","NAN",-0.002,0,0.066,-0.002,29.61,26.62,"NAN","NAN",15.07,15.23,18.96,15.07,0.279,0.195,0.001,19.34,30.14,276.3
"2013-08-05 13:15:00",38575,0,0.361,0.262,"NAN","NAN",-0.002,0,0.066,-0.002,29.61,26.62,"NAN","NAN",15.08,15.19,18.98,15.07,0.279,0.216,0.001,19.26,27.05,283.7
"2013-08-05 13:30:00",38576,0,0.361,0.262,0.342,-0.003,-0.002,0,0.066,-0.002,29.61,26.61,29.05,15,15.08,15.25,18.99,15.07,0.275,0.177,0,19.73,32.8,308.4
"2013-08-05 13:45:00",38577,0,0.361,0.262,0.341,-0.003,-0.002,0,0.066,-0.002,29.61,26.61,29.04,14.99,15.08,15.22,18.99,15.07,0.279,0.186,0,19.35,31.45,308.5
"2013-08-05 14:00:00",38578,0,0.361,0.262,"NAN","NAN",-0.002,0,0.067,-0.002,29.61,26.61,"NAN","NAN",15.08,15.2,19.02,15.07,0.277,0.201,0,19.51,29.1,303.5
"2013-08-05 14:15:00",38579,0,0.36,0.261,0.341,-0.004,-0.002,-0.001,0.067,-0.002,29.6,26.6,29.03,14.97,15.07,15.18,19,15.07,0.275,0.194,0,19.78,30.29,302.4
"2013-08-05 14:30:00",38580,0,0.36,0.261,0.341,-0.004,-0.002,0,0.067,-0.002,29.6,26.6,29.03,14.97,15.07,15.23,19.03,15.07,0.272,0.229,"NAN",20.11,25.24,"NAN"
"2013-08-05 14:45:00",38581,0,0.36,0.261,0.341,-0.004,-0.002,0,0.068,-0.002,29.6,26.6,29.03,14.97,15.07,15.19,19.04,15.06,0.275,0.232,0.083,19.76,24.86,108.8
"2013-08-05 15:00:00",38582,0,0.36,0.261,0.34,-0.004,-0.002,0,0.068,-0.002,29.6,26.58,29.01,14.97,15.08,15.19,19.06,15.07,0.272,0.213,0.205,20.14,27.44,28.53
"2013-08-05 15:15:00",38583,0,0.36,0.261,"NAN","NAN",-0.002,0,0.068,-0.002,29.6,26.58,"NAN","NAN",15.07,15.2,19.04,15.07,0.273,0.213,0.204,19.96,27.38,28.57
"2013-08-05 15:30:00",38584,0,0.36,0.261,"NAN","NAN",-0.002,0,0.068,-0.002,29.6,26.58,"NAN","NAN",15.07,15.19,19.06,15.07,0.272,0.241,0.22,20.05,23.75,26.35
"2013-08-05 15:45:00",38585,0,0.36,0.261,"NAN","NAN",-0.002,0,0.068,-0.002,29.58,26.58,"NAN","NAN",15.07,15.2,19.08,15.07,0.271,0.245,0.214,20.18,23.21,27.22
"2013-08-05 16:00:00",38586,0,0.36,0.261,"NAN","NAN",-0.002,0,0.068,-0.002,29.6,26.57,"NAN","NAN",15.07,15.19,19.08,15.06,0.272,0.25,0.22,20.12,22.58,26.43
"2013-08-05 16:15:00",38587,0,0.36,0.261,"NAN","NAN",-0.002,0,0.068,-0.003,29.58,26.57,"NAN","NAN",15.06,15.19,19.07,15.04,0.273,0.258,0.245,19.96,21.61,23.28
"2013-08-05 16:30:00",38588,0,0.36,0.26,"NAN","NAN",-0.002,0,0.068,-0.002,29.58,26.56,"NAN","NAN",15.06,15.19,19.08,15.06,0.275,0.267,0.141,19.69,20.69,70.8
"2013-08-05 16:45:00",38589,0,0.36,0.26,0.339,-0.004,-0.002,0,0.068,-0.003,29.58,26.56,28.98,14.96,15.06,15.19,19.08,15.04,0.277,0.277,0.004,19.48,19.52,169.5
"2013-08-05 17:00:00",38590,0,0.36,0.26,0.339,-0.004,-0.002,0,0.069,-0.003,29.58,26.54,28.98,14.96,15.06,15.19,19.1,15.04,0.281,0.287,"NAN",19.07,18.4,"NAN"
"2013-08-05 17:15:00",38591,0,0.36,0.26,0.339,-0.004,-0.002,0,0.068,-0.003,29.58,26.56,28.98,14.96,15.06,15.19,19.08,15.04,0.269,0.284,0.001,20.46,18.75,238.7
"2013-08-05 17:30:00",38592,0,0.36,0.26,"NAN","NAN",-0.002,-0.001,0.068,-0.003,29.58,26.54,"NAN","NAN",15.06,15.18,19.08,15.04,0.277,0.302,0.02,19.53,16.91,122.2
"2013-08-05 17:45:00",38593,0,0.36,0.26,0.339,-0.004,-0.002,0,0.068,-0.003,29.58,26.54,28.97,14.96,15.06,15.19,19.08,15.04,0.28,0.31,0.104,19.24,16.02,50.49
"2013-08-05 18:00:00",38594,0,0.36,0.26,0.339,-0.004,-0.002,-0.001,0.068,-0.003,29.58,26.54,28.97,14.96,15.06,15.18,19.08,15.04,0.263,0.294,0.138,21.1,17.66,40.81
"2013-08-05 18:15:00",38595,0,0.36,0.26,0.339,-0.004,-0.003,-0.001,0.068,-0.002,29.58,26.54,28.97,14.95,15.04,15.18,19.07,15.06,0.272,0.312,0.178,20.15,15.99,33.07
"2013-08-05 18:30:00",38596,0,0.36,0.26,0.339,-0.004,-0.003,0,0.068,-0.003,29.58,26.54,28.98,14.95,15.04,15.19,19.07,15.04,0.299,0.338,0.138,17.14,13.26,40.18
"2013-08-05 18:45:00",38597,0,0.359,0.26,0.339,-0.004,-0.002,-0.001,0.068,-0.002,29.57,26.54,28.97,14.95,15.06,15.18,19.06,15.06,0.305,0.348,0.141,16.57,12.37,51.46
"2013-08-05 19:00:00",38598,0,0.359,0.26,0.339,-0.004,-0.003,-0.001,0.068,-0.002,29.57,26.54,28.97,14.95,15.04,15.18,19.06,15.06,0.273,0.316,0.04,19.97,15.43,81
"2013-08-05 19:15:00",38599,0,0.359,0.26,0.339,-0.004,-0.003,-0.001,0.068,-0.003,29.57,26.54,28.97,14.95,15.04,15.18,19.04,15.04,0.274,0.324,0.043,19.83,14.69,83.3
"2013-08-05 19:30:00",38600,0,0.359,0.26,0.339,-0.004,-0.002,-0.001,0.068,-0.002,29.57,26.54,28.97,14.93,15.06,15.18,19.04,15.06,0.296,0.355,0.044,17.51,11.68,88.2
"2013-08-05 19:45:00",38601,0,0.359,0.26,0.339,-0.004,-0.002,-0.001,0.067,-0.002,29.57,26.54,28.98,14.93,15.06,15.18,19.03,15.06,0.311,0.375,"NAN",15.94,9.94,"NAN"
"2013-08-05 20:00:00",38602,0,0.359,0.259,0.339,-0.004,-0.002,-0.001,0.067,-0.002,29.57,26.53,28.97,14.93,15.06,15.18,19.03,15.06,0.289,0.35,"NAN",18.22,12.18,"NAN"
"2013-08-05 20:15:00",38603,0,0.359,0.259,0.339,-0.004,-0.002,0,0.067,-0.002,29.55,26.53,28.97,14.93,15.07,15.19,19.02,15.06,0.289,0.351,"NAN",18.21,12.1,"NAN"
"2013-08-05 20:30:00",38604,0,0.359,0.259,0.339,-0.004,-0.002,-0.001,0.067,-0.002,29.55,26.53,28.97,14.93,15.07,15.18,19,15.07,0.286,0.346,0.017,18.58,12.56,155.6
"2013-08-05 20:45:00",38605,0,0.359,0.26,0.339,-0.004,-0.002,-0.001,0.066,-0.002,29.55,26.54,28.97,14.93,15.07,15.18,18.99,15.07,0.284,0.345,0.352,18.78,12.6,11.96
"2013-08-05 21:00:00",38606,0,0.359,0.26,0.339,-0.004,-0.002,0,0.066,-0.002,29.55,26.54,28.97,14.92,15.07,15.19,18.99,15.06,0.288,0.359,0.366,18.29,11.3,10.69
"2013-08-05 21:15:00",38607,0,0.359,0.259,0.339,-0.004,-0.002,0,0.066,-0.002,29.55,26.53,28.97,14.92,15.08,15.19,18.98,15.07,0.279,0.346,0.353,19.35,12.54,11.92
"2013-08-05 21:30:00",38608,0,0.359,0.259,0.339,-0.004,-0.002,-0.001,0.066,-0.002,29.55,26.53,28.98,14.93,15.08,15.18,18.98,15.07,0.273,0.332,0.336,20.03,13.92,13.48
"2013-08-05 21:45:00",38609,0,0.359,0.26,0.339,-0.004,-0.002,-0.001,0.066,-0.002,29.55,26.54,28.97,14.93,15.08,15.18,18.96,15.07,0.284,0.34,0.337,18.72,13.11,13.36
"2013-08-05 22:00:00",38610,0,0.358,0.26,0.339,-0.004,-0.002,0,0.066,-0.002,29.54,26.54,28.97,14.92,15.08,15.19,18.96,15.08,0.291,0.349,0.339,17.99,12.23,13.2
"2013-08-05 22:15:00",38611,0,0.358,0.26,0.339,-0.004,-0.002,0,0.066,-0.002,29.54,26.54,28.97,14.93,15.08,15.19,18.95,15.08,0.285,0.333,0.312,18.62,13.73,15.84
"2013-08-05 22:30:00",38612,0,0.359,0.26,0.339,-0.004,-0.002,0,0.066,-0.002,29.55,26.54,28.98,14.93,15.1,15.2,18.95,15.1,0.282,0.317,0.3,18.95,15.38,21.7
"2013-08-05 22:45:00",38613,0,0.359,0.26,0.339,-0.004,-0.002,0,0.066,-0.002,29.55,26.54,28.98,14.95,15.1,15.2,18.95,15.08,0.299,0.328,0.327,17.2,14.32,14.37
"2013-08-05 23:00:00",38614,0,0.359,0.26,0.339,-0.004,-0.002,0,0.065,-0.002,29.55,26.54,28.98,14.93,15.1,15.22,18.93,15.08,0.331,0.358,0.354,13.96,11.44,11.76
"2013-08-05 23:15:00",38615,0,0.358,0.26,0.339,-0.004,-0.002,0,0.065,-0.002,29.54,26.54,28.98,14.95,15.1,15.2,18.93,15.1,0.333,0.361,0.341,13.73,11.13,12.99
"2013-08-05 23:30:00",38616,0,0.358,0.26,0.34,-0.004,-0.002,0,0.065,-0.002,29.54,26.54,29,14.95,15.11,15.2,18.92,15.1,0.334,0.36,0.338,13.64,11.27,13.29
"2013-08-05 23:45:00",38617,0,0.358,0.26,0.339,-0.004,-0.002,0,0.065,-0.002,29.54,26.56,28.98,14.93,15.11,15.2,18.92,15.1,0.337,0.364,0.339,13.43,10.84,13.22
