"TOA5","WTC07","CR1000","33274","CR1000.Std.19","CPU:WTCsensors_Ch7.CR1","41236","Table1"
"TIMESTAMP","RECORD","VW_Avg(1)","VW_Avg(2)","VW_Avg(3)","SoilTempProbe_Avg(1)","SoilTempProbe_Avg(2)","SoilTempProbe_Avg(3)","SoilTempProbe_Avg(4)","SoilTempProbe_Avg(5)","SoilTempProbe_Avg(6)","SoilTemp_Avg(1)","SoilTemp_Avg(2)","BattV_Min","PTemp"
"TS","RN","","","","Deg C","Deg C","Deg C","Deg C","Deg C","Deg C","Deg C","Deg C","Volts",""
"","","Avg","Avg","Avg","Avg","Avg","Avg","Avg","Avg","Avg","Avg","Avg","Min","Smp"
"2013-07-31 06:15:00",88481,0.107,0.142,0.2,12.4,12.63,13.06,12.97,13.11,13.08,12.86,12.93,13.49,13.26
"2013-07-31 06:30:00",88482,0.107,0.142,0.199,12.41,12.63,13.06,12.97,13.1,13.08,12.85,12.92,13.49,13.26
"2013-07-31 06:45:00",88483,0.107,0.142,0.199,12.41,12.62,13.06,12.96,13.11,13.1,12.85,12.92,13.49,13.28
"2013-07-31 07:00:00",88484,0.107,0.142,0.199,12.4,12.62,13.06,12.97,13.1,13.09,12.85,12.92,13.49,13.3
"2013-07-31 07:15:00",88485,0.107,0.142,0.199,12.41,12.62,13.05,12.96,13.1,13.1,12.84,12.92,13.49,13.35
"2013-07-31 07:30:00",88486,0.107,0.142,0.199,12.4,12.63,13.05,12.96,13.1,13.09,12.84,12.91,13.49,13.4
"2013-07-31 07:45:00",88487,0.107,0.142,0.199,12.43,12.61,13.05,12.95,13.1,13.1,12.84,12.91,13.49,13.52
"2013-07-31 08:00:00",88488,0.107,0.142,0.199,12.51,12.63,13.04,12.95,13.1,13.1,12.86,12.92,13.49,13.61
"2013-07-31 08:15:00",88489,0.107,0.142,0.199,12.57,12.64,13.04,12.95,13.1,13.1,12.89,12.94,13.49,13.73
"2013-07-31 08:30:00",88490,0.107,0.142,0.199,12.58,12.66,13.04,12.94,13.1,13.1,12.92,12.96,13.49,13.87
"2013-07-31 08:45:00",88491,0.107,0.142,0.199,12.68,12.69,13.04,12.93,13.1,13.1,12.95,12.98,13.49,14.13
"2013-07-31 09:00:00",88492,0.107,0.142,0.199,12.84,12.76,13.04,12.93,13.09,13.1,13.02,13.02,13.49,14.47
"2013-07-31 09:15:00",88493,0.107,0.142,0.199,12.96,12.82,13.05,12.92,13.09,13.1,13.11,13.08,13.49,14.8
"2013-07-31 09:30:00",88494,0.107,0.142,0.199,13.13,12.92,13.06,12.92,13.09,13.12,13.21,13.14,13.49,15.07
"2013-07-31 09:45:00",88495,0.107,0.142,0.199,13.29,13,13.07,12.92,13.09,13.11,13.32,13.23,13.48,15.26
"2013-07-31 10:00:00",88496,0.107,0.142,0.199,13.49,13.09,13.09,12.92,13.08,13.12,13.43,13.32,13.48,15.6
"2013-07-31 10:15:00",88497,0.107,0.142,0.199,13.66,13.23,13.14,12.92,13.08,13.12,13.55,13.43,13.48,15.97
"2013-07-31 10:30:00",88498,0.107,0.142,0.199,13.78,13.35,13.19,12.94,13.08,13.13,13.69,13.54,13.48,16.46
"2013-07-31 10:45:00",88499,0.107,0.142,0.199,13.96,13.46,13.22,12.94,13.08,13.13,13.82,13.65,13.48,16.86
"2013-07-31 11:00:00",88500,0.107,0.142,0.199,14.12,13.57,13.29,12.96,13.08,13.13,13.98,13.77,13.48,17.24
"2013-07-31 11:15:00",88501,0.107,0.142,0.199,14.22,13.69,13.33,12.98,13.08,13.13,14.1,13.87,13.48,17.59
"2013-07-31 11:30:00",88502,0.107,0.142,0.199,14.28,13.77,13.39,13.01,13.07,13.13,14.22,13.98,13.49,17.66
"2013-07-31 11:45:00",88503,0.107,0.142,0.199,14.2,13.8,13.46,13.03,13.08,13.13,14.28,14.06,13.49,17.41
"2013-07-31 12:00:00",88504,0.107,0.142,0.199,14.12,13.81,13.5,13.03,13.08,13.13,14.28,14.09,13.49,17.11
"2013-07-31 12:15:00",88505,0.107,0.142,0.199,14.19,13.84,13.56,13.06,13.08,13.13,14.29,14.12,13.49,17.09
"2013-07-31 12:30:00",88506,0.107,0.142,0.199,14.44,13.91,13.59,13.09,13.08,13.13,14.36,14.16,13.49,17.46
"2013-07-31 12:45:00",88507,0.107,0.142,0.199,14.56,14.03,13.63,13.12,13.08,13.13,14.49,14.26,13.49,17.62
"2013-07-31 13:00:00",88508,0.107,0.142,0.199,14.49,14.08,13.68,13.13,13.08,13.13,14.56,14.34,13.49,17.62
"2013-07-31 13:15:00",88509,0.107,0.142,0.199,14.42,14.08,13.71,13.14,13.08,13.13,14.57,14.37,13.49,17.54
"2013-07-31 13:30:00",88510,0.107,0.142,0.199,14.49,14.11,13.76,13.17,13.09,13.13,14.58,14.4,13.49,17.62
"2013-07-31 13:45:00",88511,0.107,0.142,0.199,14.6,14.17,13.8,13.21,13.1,13.13,14.64,14.44,13.49,17.79
"2013-07-31 14:00:00",88512,0.107,0.142,0.199,14.62,14.23,13.83,13.23,13.11,13.13,14.7,14.5,13.49,17.82
"2013-07-31 14:15:00",88513,0.107,0.142,0.199,14.52,14.26,13.86,13.26,13.11,13.14,14.71,14.53,13.49,17.62
"2013-07-31 14:30:00",88514,0.107,0.142,0.199,14.4,14.23,13.9,13.27,13.12,13.13,14.67,14.54,13.49,17.21
"2013-07-31 14:45:00",88515,0.107,0.142,0.199,14.29,14.18,13.92,13.3,13.13,13.14,14.61,14.51,13.49,16.86
"2013-07-31 15:00:00",88516,0.107,0.142,0.199,14.25,14.16,13.93,13.34,13.13,13.14,14.55,14.49,13.49,16.66
"2013-07-31 15:15:00",88517,0.107,0.142,0.199,14.19,14.11,13.94,13.36,13.13,13.13,14.51,14.46,13.49,16.54
"2013-07-31 15:30:00",88518,0.107,0.142,0.199,14.17,14.08,13.94,13.37,13.13,13.13,14.47,14.44,13.49,16.44
"2013-07-31 15:45:00",88519,0.107,0.142,0.199,14.14,14.05,13.95,13.37,13.13,13.14,14.44,14.42,13.49,16.32
"2013-07-31 16:00:00",88520,0.107,0.142,0.199,14.07,14.04,13.95,13.4,13.13,13.14,14.41,14.4,13.49,16.19
"2013-07-31 16:15:00",88521,0.107,0.142,0.199,14.01,14.03,13.95,13.42,13.15,13.14,14.38,14.38,13.49,16.04
"2013-07-31 16:30:00",88522,0.107,0.142,0.199,13.94,14,13.95,13.44,13.16,13.14,14.34,14.36,13.49,15.9
"2013-07-31 16:45:00",88523,0.107,0.142,0.199,13.89,13.95,13.95,13.46,13.18,13.15,14.3,14.33,13.49,15.75
"2013-07-31 17:00:00",88524,0.107,0.142,0.199,13.83,13.91,13.95,13.46,13.18,13.15,14.26,14.3,13.49,15.6
"2013-07-31 17:15:00",88525,0.107,0.142,0.198,13.78,13.9,13.94,13.47,13.2,13.15,14.22,14.27,13.48,15.39
"2013-07-31 17:30:00",88526,0.107,0.142,0.198,13.69,13.85,13.94,13.46,13.21,13.15,14.16,14.23,13.48,14.97
"2013-07-31 17:45:00",88527,0.107,0.142,0.198,13.57,13.79,13.92,13.46,13.22,13.15,14.1,14.18,13.48,14.4
"2013-07-31 18:00:00",88528,0.107,0.142,0.198,13.45,13.72,13.9,13.47,13.22,13.16,14.02,14.12,13.48,13.71
"2013-07-31 18:15:00",88529,0.107,0.141,0.198,13.3,13.63,13.9,13.47,13.22,13.15,13.93,14.04,13.49,13.02
"2013-07-31 18:30:00",88530,0.107,0.141,0.198,13.13,13.53,13.89,13.47,13.23,13.16,13.82,13.96,13.49,12.33
"2013-07-31 18:45:00",88531,0.107,0.141,0.198,12.96,13.44,13.85,13.47,13.24,13.16,13.71,13.86,13.48,11.66
"2013-07-31 19:00:00",88532,0.107,0.141,0.198,12.76,13.31,13.8,13.48,13.24,13.15,13.59,13.75,13.48,11.02
"2013-07-31 19:15:00",88533,0.107,0.141,0.198,12.58,13.2,13.76,13.47,13.25,13.15,13.45,13.62,13.49,10.49
"2013-07-31 19:30:00",88534,0.107,0.141,0.198,12.4,13.07,13.73,13.45,13.26,13.16,13.32,13.5,13.49,10.02
"2013-07-31 19:45:00",88535,0.107,0.141,0.198,12.25,12.96,13.66,13.44,13.28,13.16,13.2,13.38,13.49,9.59
"2013-07-31 20:00:00",88536,0.107,0.141,0.198,12.12,12.85,13.62,13.44,13.28,13.16,13.09,13.26,13.49,9.32
"2013-07-31 20:15:00",88537,0.106,0.141,0.198,12,12.75,13.54,13.42,13.28,13.16,12.99,13.16,13.49,9.06
"2013-07-31 20:30:00",88538,0.107,0.141,0.198,11.86,12.62,13.5,13.4,13.28,13.16,12.88,13.05,13.49,8.77
"2013-07-31 20:45:00",88539,0.107,0.141,0.198,11.71,12.52,13.42,13.39,13.28,13.17,12.76,12.94,13.49,8.59
"2013-07-31 21:00:00",88540,0.107,0.141,0.198,11.65,12.41,13.36,13.36,13.27,13.17,12.66,12.83,13.49,8.52
"2013-07-31 21:15:00",88541,0.107,0.141,0.198,11.56,12.32,13.31,13.32,13.27,13.18,12.58,12.73,13.49,8.39
"2013-07-31 21:30:00",88542,0.107,0.141,0.198,11.47,12.24,13.25,13.29,13.28,13.17,12.49,12.65,13.49,8.35
"2013-07-31 21:45:00",88543,0.107,0.141,0.198,11.43,12.17,13.18,13.27,13.28,13.17,12.41,12.56,13.49,8.48
"2013-07-31 22:00:00",88544,0.107,0.141,0.198,11.36,12.1,13.13,13.25,13.28,13.17,12.34,12.48,13.49,8.68
"2013-07-31 22:15:00",88545,0.106,0.141,0.198,11.33,12.04,13.07,13.21,13.27,13.19,12.28,12.42,13.49,8.88
"2013-07-31 22:30:00",88546,0.107,0.141,0.198,11.34,11.98,13.01,13.17,13.29,13.19,12.23,12.36,13.49,9.06
"2013-07-31 22:45:00",88547,0.106,0.141,0.198,11.31,11.95,12.97,13.15,13.29,13.19,12.18,12.3,13.49,9.17
"2013-07-31 23:00:00",88548,0.106,0.141,0.198,11.31,11.9,12.91,13.12,13.29,13.19,12.15,12.26,13.49,9.3
"2013-07-31 23:15:00",88549,0.106,0.141,0.198,11.31,11.87,12.88,13.09,13.29,13.19,12.12,12.23,13.49,9.5
"2013-07-31 23:30:00",88550,0.106,0.141,0.198,11.29,11.86,12.84,13.06,13.29,13.2,12.1,12.2,13.49,9.62
"2013-07-31 23:45:00",88551,0.106,0.141,0.198,11.26,11.83,12.79,13.06,13.28,13.2,12.07,12.18,13.49,9.75
"2013-08-01 00:00:00",88552,0.106,0.141,0.198,11.24,11.82,12.77,13.01,13.27,13.2,12.05,12.15,13.49,9.77
"2013-08-01 00:15:00",88553,0.106,0.141,0.198,11.22,11.77,12.74,12.97,13.26,13.2,12.01,12.12,13.49,9.77
"2013-08-01 00:30:00",88554,0.106,0.141,0.198,11.18,11.73,12.7,12.96,13.26,13.2,11.98,12.09,13.49,9.75
"2013-08-01 00:45:00",88555,0.106,0.141,0.198,11.13,11.72,12.66,12.94,13.25,13.2,11.95,12.05,13.49,9.59
"2013-08-01 01:00:00",88556,0.106,0.141,0.198,11.09,11.68,12.61,12.92,13.25,13.2,11.91,12.02,13.49,9.35
"2013-08-01 01:15:00",88557,0.106,0.141,0.198,11,11.63,12.59,12.89,13.24,13.2,11.86,11.98,13.49,8.99
"2013-08-01 01:30:00",88558,0.106,0.141,0.198,10.9,11.57,12.57,12.86,13.22,13.2,11.81,11.93,13.49,8.59
"2013-08-01 01:45:00",88559,0.106,0.141,0.198,10.74,11.5,12.53,12.83,13.21,13.2,11.73,11.87,13.49,8.19
"2013-08-01 02:00:00",88560,0.106,0.141,0.198,10.63,11.43,12.48,12.79,13.2,13.19,11.66,11.79,13.48,7.817
"2013-08-01 02:15:00",88561,0.106,0.141,0.198,10.51,11.35,12.45,12.78,13.21,13.2,11.57,11.71,13.48,7.444
"2013-08-01 02:30:00",88562,0.106,0.141,0.198,10.41,11.25,12.42,12.76,13.18,13.19,11.49,11.63,13.48,7.094
"2013-08-01 02:45:00",88563,0.106,0.141,0.198,10.3,11.15,12.37,12.74,13.17,13.2,11.41,11.54,13.48,6.787
"2013-08-01 03:00:00",88564,0.106,0.141,0.198,10.2,11.07,12.34,12.71,13.16,13.2,11.33,11.46,13.49,6.504
"2013-08-01 03:15:00",88565,0.107,0.141,0.198,10.1,10.99,12.29,12.67,13.16,13.2,11.25,11.37,13.49,6.242
"2013-08-01 03:30:00",88566,0.106,0.141,0.198,10,10.9,12.22,12.63,13.15,13.21,11.17,11.29,13.49,5.96
"2013-08-01 03:45:00",88567,0.107,0.141,0.198,9.92,10.83,12.18,12.6,13.14,13.2,11.09,11.21,13.49,5.68
"2013-08-01 04:00:00",88568,0.107,0.141,0.198,9.83,10.75,12.11,12.59,13.13,13.19,11,11.12,13.5,5.463
"2013-08-01 04:15:00",88569,0.107,0.141,0.198,9.73,10.68,12.07,12.55,13.12,13.2,10.89,11.04,13.5,5.225
"2013-08-01 04:30:00",88570,0.107,0.141,0.198,9.62,10.6,12.02,12.51,13.12,13.19,10.78,10.96,13.5,4.988
"2013-08-01 04:45:00",88571,0.107,0.141,0.198,9.5,10.5,11.96,12.49,13.12,13.21,10.67,10.87,13.5,4.751
"2013-08-01 05:00:00",88572,0.107,0.141,0.198,9.34,10.4,11.91,12.46,13.12,13.22,10.55,10.79,13.5,4.514
"2013-08-01 05:15:00",88573,0.107,0.141,0.198,9.18,10.29,11.85,12.41,13.1,13.22,10.43,10.69,13.5,4.365
"2013-08-01 05:30:00",88574,0.107,0.141,0.198,9.08,10.19,11.79,12.37,13.08,13.22,10.32,10.59,13.5,4.236
"2013-08-01 05:45:00",88575,0.107,0.141,0.198,8.98,10.1,11.72,12.36,13.07,13.22,10.23,10.5,13.51,4.107
"2013-08-01 06:00:00",88576,0.107,0.141,0.198,8.88,10,11.67,12.31,13.05,13.22,10.14,10.42,13.51,3.956
"2013-08-01 06:15:00",88577,0.107,0.141,0.198,8.78,9.91,11.6,12.25,13.04,13.22,10.05,10.32,13.51,3.827
"2013-08-01 06:30:00",88578,0.107,0.141,0.198,8.72,9.82,11.52,12.22,13.02,13.22,9.97,10.23,13.51,3.741
"2013-08-01 06:45:00",88579,0.107,0.141,0.198,8.63,9.75,11.47,12.19,13,13.22,9.89,10.14,13.51,3.612
"2013-08-01 07:00:00",88580,0.107,0.141,0.198,8.53,9.67,11.4,12.14,12.99,13.22,9.79,10.06,13.51,3.526
"2013-08-01 07:15:00",88581,0.107,0.141,0.198,8.44,9.59,11.34,12.08,12.99,13.22,9.69,9.98,13.51,3.506
"2013-08-01 07:30:00",88582,0.107,0.141,0.198,8.35,9.51,11.27,12.02,12.98,13.23,9.59,9.89,13.51,3.506
"2013-08-01 07:45:00",88583,0.107,0.141,0.198,8.32,9.44,11.22,11.98,12.98,13.22,9.52,9.81,13.51,3.526
"2013-08-01 08:00:00",88584,0.107,0.141,0.198,8.32,9.38,11.15,11.95,12.96,13.22,9.46,9.75,13.51,3.635
"2013-08-01 08:15:00",88585,0.107,0.141,0.198,8.35,9.35,11.11,11.89,12.94,13.23,9.44,9.7,13.51,3.892
"2013-08-01 08:30:00",88586,0.107,0.141,0.198,8.44,9.35,11.04,11.86,12.91,13.23,9.44,9.68,13.51,4.256
"2013-08-01 08:45:00",88587,0.107,0.141,0.198,8.56,9.37,11.01,11.81,12.9,13.23,9.47,9.67,13.51,4.685
"2013-08-01 09:00:00",88588,0.107,0.141,0.198,8.74,9.4,10.96,11.78,12.89,13.23,9.53,9.69,13.51,5.334
"2013-08-01 09:15:00",88589,0.107,0.141,0.198,8.97,9.48,10.93,11.75,12.89,13.23,9.62,9.74,13.51,6.068
"2013-08-01 09:30:00",88590,0.107,0.141,0.198,9.28,9.59,10.92,11.69,12.86,13.23,9.75,9.83,13.51,6.918
"2013-08-01 09:45:00",88591,0.107,0.141,0.198,9.63,9.75,10.92,11.68,12.83,13.23,9.9,9.96,13.51,7.729
"2013-08-01 10:00:00",88592,0.107,0.141,0.198,10.09,9.94,10.94,11.63,12.82,13.24,10.08,10.12,13.51,8.59
"2013-08-01 10:15:00",88593,0.107,0.141,0.198,10.76,10.21,10.96,11.6,12.82,13.22,10.32,10.41,13.5,9.55
"2013-08-01 10:30:00",88594,0.107,0.141,0.198,11.27,10.55,11,11.59,12.8,13.24,10.61,10.81,13.5,10.52
"2013-08-01 10:45:00",88595,0.107,0.141,0.198,11.8,10.89,11.09,11.58,12.77,13.24,11.05,11.24,13.5,11.49
"2013-08-01 11:00:00",88596,0.107,0.141,0.198,12.69,11.31,11.2,11.58,12.74,13.25,11.68,11.65,13.5,12.44
"2013-08-01 11:15:00",88597,0.107,0.141,0.198,13.32,11.78,11.31,11.6,12.71,13.24,12.35,12.1,13.49,13.35
"2013-08-01 11:30:00",88598,0.107,0.141,0.197,13.85,12.19,11.48,11.61,12.71,13.23,12.93,12.65,13.49,14.23
"2013-08-01 11:45:00",88599,0.107,0.141,0.197,15.11,12.71,11.65,11.64,12.71,13.23,13.53,13.24,13.48,15.21
"2013-08-01 12:00:00",88600,0.107,0.141,0.197,16.42,13.41,11.84,11.67,12.69,13.23,14.06,13.83,13.48,16.27
"2013-08-01 12:15:00",88601,0.107,0.141,0.197,17.46,14.17,12.08,11.72,12.66,13.23,14.48,14.41,13.48,17.24
"2013-08-01 12:30:00",88602,0.106,0.141,0.197,18.18,14.85,12.35,11.79,12.65,13.23,14.96,14.93,13.47,18.12
"2013-08-01 12:45:00",88603,0.106,0.141,0.197,18.84,15.5,12.65,11.88,12.65,13.23,15.49,15.27,13.45,18.84
"2013-08-01 13:00:00",88604,0.106,0.141,0.197,19,15.98,12.98,11.97,12.63,13.23,15.96,15.52,13.44,19.28
"2013-08-01 13:15:00",88605,0.106,0.141,0.197,19.2,16.34,13.28,12.08,12.62,13.23,16.24,15.71,13.44,19.78
"2013-08-01 13:30:00",88606,0.106,0.141,0.197,19.26,16.66,13.58,12.24,12.63,13.24,16.39,15.85,13.43,20.58
"2013-08-01 13:45:00",88607,0.106,0.141,0.197,19.18,16.89,13.85,12.37,12.63,13.23,16.65,15.94,13.43,21.59
"2013-08-01 14:00:00",88608,0.106,0.141,0.197,19.16,17.04,14.11,12.5,12.62,13.23,16.93,16,13.44,22.7
"2013-08-01 14:15:00",88609,0.106,0.141,0.197,19.47,17.23,14.34,12.64,12.63,13.23,17.17,16.04,13.44,23.58
"2013-08-01 14:30:00",88610,0.106,0.141,0.197,19.77,17.45,14.54,12.8,12.65,13.23,17.32,16.05,13.45,24.25
"2013-08-01 14:45:00",88611,0.106,0.141,0.197,20,17.69,14.74,12.93,12.67,13.23,17.3,16.05,13.45,24.89
"2013-08-01 15:00:00",88612,0.106,0.141,0.197,19.83,17.86,14.94,13.05,12.68,13.23,17.18,16.02,13.46,25.58
"2013-08-01 15:15:00",88613,0.106,0.141,0.197,19.19,17.84,15.14,13.18,12.69,13.23,17.05,16,13.46,25.89
"2013-08-01 15:30:00",88614,0.106,0.141,0.197,18.62,17.68,15.32,13.31,12.71,13.22,16.91,15.96,13.46,25.22
"2013-08-01 15:45:00",88615,0.106,0.141,0.197,18.19,17.5,15.43,13.44,12.74,13.23,16.76,15.92,13.46,24.6
"2013-08-01 16:00:00",88616,0.106,0.141,0.197,17.83,17.31,15.49,13.54,12.78,13.22,16.61,15.88,13.46,23.93
"2013-08-01 16:15:00",88617,0.106,0.141,0.197,17.49,17.1,15.53,13.64,12.81,13.22,16.48,15.83,13.46,23.41
"2013-08-01 16:30:00",88618,0.106,0.141,0.197,17.15,16.9,15.55,13.74,12.82,13.21,16.35,15.78,13.46,22.84
"2013-08-01 16:45:00",88619,0.106,0.141,0.197,16.84,16.71,15.56,13.81,12.86,13.21,16.21,15.72,13.46,21.7
"2013-08-01 17:00:00",88620,0.106,0.141,0.197,16.51,16.51,15.55,13.88,12.91,13.21,16.04,15.64,13.47,20.21
"2013-08-01 17:15:00",88621,0.106,0.14,0.197,16.2,16.31,15.52,13.94,12.93,13.2,15.87,15.55,13.47,18.71
"2013-08-01 17:30:00",88622,0.106,0.14,0.197,15.9,16.1,15.48,13.97,12.95,13.2,15.68,15.45,13.47,17.29
"2013-08-01 17:45:00",88623,0.106,0.14,0.197,15.58,15.89,15.42,14.03,13,13.2,15.49,15.33,13.47,15.95
"2013-08-01 18:00:00",88624,0.106,0.141,0.196,15.27,15.69,15.39,14.06,13.03,13.21,15.3,15.2,13.47,14.71
"2013-08-01 18:15:00",88625,0.106,0.141,0.196,14.97,15.46,15.3,14.09,13.05,13.2,15.1,15.06,13.47,13.66
"2013-08-01 18:30:00",88626,0.106,0.141,0.196,14.68,15.25,15.24,14.09,13.09,13.19,14.9,14.9,13.47,12.77
"2013-08-01 18:45:00",88627,0.106,0.14,0.196,14.43,15.03,15.13,14.1,13.1,13.19,14.72,14.74,13.48,12
"2013-08-01 19:00:00",88628,0.106,0.141,0.196,14.21,14.82,15.03,14.1,13.14,13.19,14.54,14.59,13.48,11.43
"2013-08-01 19:15:00",88629,0.106,0.14,0.196,13.98,14.63,14.96,14.11,13.18,13.19,14.37,14.44,13.48,10.93
"2013-08-01 19:30:00",88630,0.106,0.14,0.197,13.77,14.46,14.86,14.11,13.2,13.19,14.21,14.3,13.48,10.4
"2013-08-01 19:45:00",88631,0.106,0.14,0.197,13.54,14.28,14.77,14.11,13.21,13.2,14.05,14.16,13.48,9.88
"2013-08-01 20:00:00",88632,0.106,0.14,0.197,13.29,14.09,14.67,14.09,13.25,13.19,13.88,14.01,13.47,9.39
"2013-08-01 20:15:00",88633,0.106,0.14,0.197,13.09,13.91,14.59,14.07,13.28,13.19,13.71,13.85,13.47,8.99
"2013-08-01 20:30:00",88634,0.106,0.14,0.196,12.92,13.74,14.5,14.02,13.29,13.17,13.54,13.7,13.47,8.66
"2013-08-01 20:45:00",88635,0.106,0.14,0.196,12.76,13.59,14.4,13.97,13.3,13.18,13.41,13.57,13.47,8.44
"2013-08-01 21:00:00",88636,0.106,0.14,0.196,12.62,13.45,14.3,13.96,13.31,13.18,13.28,13.44,13.47,8.28
"2013-08-01 21:15:00",88637,0.106,0.14,0.196,12.47,13.31,14.21,13.93,13.34,13.18,13.15,13.32,13.47,8.1
"2013-08-01 21:30:00",88638,0.106,0.14,0.196,12.31,13.18,14.13,13.9,13.34,13.18,13.03,13.2,13.46,7.905
"2013-08-01 21:45:00",88639,0.106,0.14,0.196,12.18,13.05,14.03,13.85,13.36,13.17,12.92,13.09,13.46,7.686
"2013-08-01 22:00:00",88640,0.106,0.14,0.196,12.03,12.94,13.94,13.83,13.38,13.19,12.8,12.98,13.46,7.421
"2013-08-01 22:15:00",88641,0.106,0.14,0.196,11.89,12.82,13.86,13.78,13.37,13.18,12.68,12.87,13.45,7.225
"2013-08-01 22:30:00",88642,0.106,0.14,0.196,11.77,12.69,13.79,13.74,13.38,13.18,12.57,12.76,13.45,7.049
"2013-08-01 22:45:00",88643,0.106,0.14,0.196,11.66,12.57,13.7,13.71,13.37,13.18,12.46,12.65,13.44,6.94
"2013-08-01 23:00:00",88644,0.106,0.14,0.196,11.52,12.45,13.61,13.66,13.38,13.19,12.36,12.55,13.44,6.744
"2013-08-01 23:15:00",88645,0.106,0.14,0.196,11.37,12.34,13.52,13.6,13.39,13.18,12.24,12.45,13.45,6.482
"2013-08-01 23:30:00",88646,0.106,0.14,0.196,11.21,12.21,13.44,13.58,13.38,13.18,12.12,12.33,13.45,6.222
"2013-08-01 23:45:00",88647,0.106,0.14,0.196,11.05,12.07,13.36,13.52,13.39,13.19,12,12.22,13.45,5.982
"2013-08-02 00:00:00",88648,0.106,0.14,0.196,10.91,11.95,13.28,13.46,13.38,13.19,11.87,12.1,13.45,5.765
"2013-08-02 00:15:00",88649,0.106,0.14,0.196,10.74,11.82,13.19,13.43,13.38,13.2,11.76,11.98,13.45,5.528
"2013-08-02 00:30:00",88650,0.106,0.14,0.196,10.59,11.7,13.1,13.37,13.37,13.19,11.64,11.87,13.46,5.311
"2013-08-02 00:45:00",88651,0.106,0.14,0.196,10.45,11.58,13.02,13.34,13.37,13.19,11.52,11.75,13.48,5.117
"2013-08-02 01:00:00",88652,0.106,0.14,0.196,10.34,11.47,12.94,13.29,13.37,13.2,11.41,11.63,13.48,4.966
"2013-08-02 01:15:00",88653,0.106,0.14,0.196,10.21,11.36,12.85,13.24,13.37,13.21,11.3,11.52,13.48,4.751
"2013-08-02 01:30:00",88654,0.106,0.14,0.196,10.07,11.23,12.77,13.2,13.37,13.2,11.19,11.41,13.49,4.514
"2013-08-02 01:45:00",88655,0.106,0.14,0.196,9.93,11.09,12.67,13.13,13.37,13.2,11.07,11.3,13.49,4.385
"2013-08-02 02:00:00",88656,0.106,0.14,0.196,9.83,10.98,12.59,13.1,13.37,13.2,10.96,11.19,13.49,4.256
"2013-08-02 02:15:00",88657,0.106,0.14,0.196,9.72,10.87,12.51,13.03,13.36,13.2,10.86,11.09,13.49,4.15
"2013-08-02 02:30:00",88658,0.105,0.14,0.196,9.61,10.78,12.43,12.98,13.36,13.2,10.77,10.98,13.49,4.042
"2013-08-02 02:45:00",88659,0.105,0.14,0.196,9.5,10.69,12.36,12.93,13.34,13.19,10.67,10.89,13.49,3.892
"2013-08-02 03:00:00",88660,0.105,0.14,0.196,9.38,10.58,12.29,12.89,13.33,13.19,10.57,10.79,13.5,3.784
"2013-08-02 03:15:00",88661,0.105,0.14,0.196,9.27,10.45,12.19,12.85,13.32,13.19,10.48,10.68,13.5,3.892
"2013-08-02 03:30:00",88662,0.105,0.14,0.196,9.22,10.36,12.13,12.78,13.29,13.19,10.39,10.58,13.5,4.107
"2013-08-02 03:45:00",88663,0.105,0.14,0.196,9.19,10.3,12.04,12.72,13.27,13.2,10.32,10.5,13.5,4.471
"2013-08-02 04:00:00",88664,0.105,0.14,0.196,9.21,10.24,11.96,12.68,13.26,13.19,10.27,10.43,13.5,4.88
"2013-08-02 04:15:00",88665,0.105,0.14,0.196,9.24,10.21,11.9,12.61,13.24,13.2,10.23,10.38,13.5,5.246
"2013-08-02 04:30:00",88666,0.105,0.14,0.196,9.28,10.19,11.84,12.57,13.25,13.21,10.21,10.35,13.5,5.591
"2013-08-02 04:45:00",88667,0.106,0.14,0.196,9.33,10.18,11.78,12.51,13.23,13.2,10.19,10.33,13.49,5.808
"2013-08-02 05:00:00",88668,0.105,0.14,0.196,9.34,10.16,11.73,12.48,13.21,13.21,10.18,10.33,13.49,5.896
"2013-08-02 05:15:00",88669,0.106,0.14,0.196,9.34,10.16,11.69,12.41,13.18,13.2,10.17,10.32,13.49,5.896
"2013-08-02 05:30:00",88670,0.106,0.14,0.196,9.33,10.14,11.64,12.36,13.16,13.2,10.14,10.31,13.49,5.808
"2013-08-02 05:45:00",88671,0.106,0.14,0.196,9.23,10.1,11.61,12.33,13.14,13.2,10.1,10.29,13.49,5.637
"2013-08-02 06:00:00",88672,0.105,0.14,0.196,9.09,10.06,11.57,12.28,13.12,13.21,10.04,10.26,13.49,5.463
"2013-08-02 06:15:00",88673,0.105,0.14,0.196,9.03,10,11.53,12.24,13.12,13.21,9.97,10.21,13.49,5.291
"2013-08-02 06:30:00",88674,0.106,0.14,0.196,8.97,9.94,11.5,12.22,13.11,13.21,9.92,10.15,13.49,5.097
"2013-08-02 06:45:00",88675,0.106,0.14,0.196,8.91,9.88,11.45,12.16,13.09,13.21,9.87,10.09,13.49,5.009
"2013-08-02 07:00:00",88676,0.105,0.14,0.196,8.87,9.84,11.4,12.12,13.08,13.21,9.82,10.04,13.5,5.031
"2013-08-02 07:15:00",88677,0.105,0.14,0.196,8.88,9.8,11.36,12.07,13.05,13.22,9.78,9.99,13.5,5.097
"2013-08-02 07:30:00",88678,0.105,0.14,0.196,8.88,9.77,11.31,12.03,13.03,13.22,9.74,9.96,13.5,5.268
"2013-08-02 07:45:00",88679,0.105,0.14,0.196,8.88,9.74,11.27,12.02,12.99,13.22,9.72,9.94,13.5,5.591
"2013-08-02 08:00:00",88680,0.106,0.14,0.196,8.92,9.73,11.25,11.96,12.99,13.22,9.72,9.93,13.5,5.939
"2013-08-02 08:15:00",88681,0.106,0.14,0.196,8.99,9.73,11.2,11.92,12.98,13.22,9.73,9.93,13.49,6.373
"2013-08-02 08:30:00",88682,0.106,0.14,0.196,9.09,9.74,11.16,11.9,12.96,13.22,9.76,9.95,13.49,6.852
"2013-08-02 08:45:00",88683,0.106,0.14,0.196,9.25,9.79,11.16,11.85,12.94,13.23,9.81,9.98,13.49,7.333
"2013-08-02 09:00:00",88684,0.106,0.14,0.196,9.43,9.86,11.15,11.83,12.92,13.23,9.89,10.03,13.49,7.817
"2013-08-02 09:15:00",88685,0.106,0.14,0.196,9.66,9.96,11.12,11.79,12.92,13.22,9.99,10.1,13.48,8.41
"2013-08-02 09:30:00",88686,0.106,0.14,0.196,9.85,10.06,11.13,11.77,12.91,13.23,10.12,10.19,13.48,9.01
"2013-08-02 09:45:00",88687,0.106,0.14,0.196,10.1,10.18,11.14,11.73,12.87,13.23,10.25,10.3,13.48,9.71
"2013-08-02 10:00:00",88688,0.106,0.14,0.196,10.52,10.34,11.16,11.72,12.84,13.23,10.43,10.43,13.48,10.52
"2013-08-02 10:15:00",88689,0.106,0.14,0.196,11.17,10.61,11.2,11.72,12.84,13.24,10.67,10.62,13.48,11.43
"2013-08-02 10:30:00",88690,0.106,0.14,0.196,11.72,10.92,11.24,11.72,12.84,13.24,10.98,10.9,13.46,12.09
"2013-08-02 10:45:00",88691,0.106,0.14,0.196,11.99,11.25,11.32,11.7,12.81,13.24,11.3,11.21,13.45,12.46
"2013-08-02 11:00:00",88692,0.106,0.14,0.196,12.46,11.53,11.43,11.7,12.8,13.24,11.65,11.48,13.45,12.88
"2013-08-02 11:15:00",88693,0.106,0.14,0.196,12.65,11.79,11.54,11.71,12.77,13.24,11.95,11.71,13.46,13.16
"2013-08-02 11:30:00",88694,0.106,0.14,0.195,13.16,12.04,11.66,11.73,12.76,13.24,12.25,11.93,13.45,13.87
"2013-08-02 11:45:00",88695,0.106,0.14,0.195,14.25,12.43,11.78,11.75,12.73,13.23,12.72,12.21,13.45,14.73
"2013-08-02 12:00:00",88696,0.106,0.14,0.195,15.27,12.99,11.91,11.76,12.73,13.23,13.2,12.53,13.45,15.63
"2013-08-02 12:15:00",88697,0.106,0.14,0.195,16.5,13.61,12.1,11.82,12.73,13.23,13.62,12.88,13.45,16.81
"2013-08-02 12:30:00",88698,0.106,0.14,0.195,17.54,14.3,12.31,11.89,12.71,13.23,14.17,13.24,13.44,17.89
"2013-08-02 12:45:00",88699,0.106,0.14,0.195,18.24,14.98,12.55,11.93,12.7,13.22,14.74,13.6,13.41,18.79
"2013-08-02 13:00:00",88700,0.106,0.14,0.195,18.51,15.55,12.83,12.02,12.69,13.21,15.27,13.95,13.39,19.39
"2013-08-02 13:15:00",88701,0.106,0.14,0.195,18.76,15.96,13.13,12.12,12.67,13.22,15.64,14.27,13.37,20.02
"2013-08-02 13:30:00",88702,0.105,0.14,0.195,19.07,16.33,13.41,12.25,12.65,13.22,15.89,14.54,13.38,20.8
"2013-08-02 13:45:00",88703,0.105,0.14,0.195,19.38,16.66,13.69,12.36,12.66,13.22,16.27,14.76,13.38,21.64
"2013-08-02 14:00:00",88704,0.105,0.14,0.195,19.74,17,13.95,12.49,12.65,13.22,16.65,14.95,13.4,22.61
"2013-08-02 14:15:00",88705,0.105,0.14,0.195,20.05,17.33,14.2,12.61,12.67,13.22,16.99,15.09,13.4,23.52
"2013-08-02 14:30:00",88706,0.105,0.14,0.195,20.33,17.63,14.45,12.75,12.68,13.21,17.21,15.21,13.4,24.1
"2013-08-02 14:45:00",88707,0.105,0.14,0.195,20.35,17.91,14.68,12.89,12.68,13.21,17.25,15.32,13.4,23.58
"2013-08-02 15:00:00",88708,0.105,0.14,0.195,19.72,17.97,14.9,13,12.71,13.22,17.15,15.4,13.33,23.01
"2013-08-02 15:15:00",88709,0.105,0.14,0.195,19.22,17.87,15.1,13.14,12.73,13.21,17.03,15.44,13.36,22.87
"2013-08-02 15:30:00",88710,0.105,0.14,0.195,18.84,17.74,15.29,13.26,12.74,13.21,16.94,15.5,13.39,22.67
"2013-08-02 15:45:00",88711,0.105,0.14,0.195,18.56,17.61,15.41,13.39,12.78,13.21,16.86,15.55,13.38,22.84
"2013-08-02 16:00:00",88712,0.105,0.14,0.195,18.31,17.5,15.49,13.51,12.81,13.21,16.8,15.59,13.38,22.73
"2013-08-02 16:15:00",88713,0.105,0.14,0.195,18.06,17.38,15.55,13.61,12.83,13.21,16.73,15.64,13.4,22.53
"2013-08-02 16:30:00",88714,0.105,0.14,0.195,17.77,17.23,15.6,13.72,12.84,13.21,16.64,15.67,13.41,22.28
"2013-08-02 16:45:00",88715,0.105,0.14,0.195,17.47,17.06,15.61,13.79,12.88,13.21,16.53,15.68,13.42,21.51
"2013-08-02 17:00:00",88716,0.105,0.14,0.195,17.1,16.89,15.62,13.87,12.92,13.21,16.38,15.66,13.41,20.4
"2013-08-02 17:15:00",88717,0.105,0.139,0.195,16.76,16.69,15.62,13.94,12.93,13.21,16.21,15.6,13.39,19.26
"2013-08-02 17:30:00",88718,0.105,0.139,0.195,16.44,16.49,15.59,13.98,12.97,13.21,16.03,15.52,13.37,18.23
"2013-08-02 17:45:00",88719,0.105,0.139,0.195,16.13,16.28,15.57,14.06,13.02,13.21,15.84,15.42,13.37,17.34
"2013-08-02 18:00:00",88720,0.105,0.139,0.195,15.85,16.08,15.54,14.08,13.03,13.2,15.65,15.31,13.4,16.51
"2013-08-02 18:15:00",88721,0.105,0.139,0.195,15.57,15.89,15.48,14.12,13.06,13.2,15.47,15.19,13.39,15.8
"2013-08-02 18:30:00",88722,0.105,0.139,0.195,15.33,15.7,15.43,14.15,13.1,13.19,15.3,15.07,13.38,15.36
"2013-08-02 18:45:00",88723,0.105,0.139,0.195,15.16,15.52,15.36,14.16,13.12,13.19,15.14,14.95,13.36,15.14
"2013-08-02 19:00:00",88724,0.105,0.139,0.195,15,15.37,15.28,14.18,13.14,13.18,15,14.85,13.36,14.8
"2013-08-02 19:15:00",88725,0.105,0.139,0.195,14.81,15.22,15.21,14.18,13.18,13.19,14.87,14.75,13.35,14.3
"2013-08-02 19:30:00",88726,0.105,0.139,0.195,14.6,15.06,15.12,14.18,13.22,13.18,14.74,14.65,13.39,13.68
"2013-08-02 19:45:00",88727,0.105,0.139,0.195,14.41,14.88,15.04,14.18,13.23,13.17,14.6,14.54,13.26,13.21
"2013-08-02 20:00:00",88728,0.105,0.139,0.195,14.22,14.72,14.96,14.17,13.24,13.17,14.46,14.43,13.44,12.84
"2013-08-02 20:15:00",88729,0.105,0.139,0.195,14.02,14.58,14.88,14.15,13.27,13.18,14.33,14.32,13.44,12.35
"2013-08-02 20:30:00",88730,0.105,0.139,0.195,13.82,14.43,14.81,14.13,13.3,13.16,14.19,14.21,13.37,11.84
"2013-08-02 20:45:00",88731,0.104,0.139,0.194,13.64,14.27,14.72,14.1,13.33,13.16,14.05,14.09,13.31,11.33
"2013-08-02 21:00:00",88732,0.104,0.139,0.194,13.5,14.14,14.65,14.1,13.34,13.16,13.91,13.97,13.44,10.88
"2013-08-02 21:15:00",88733,0.104,0.139,0.194,13.39,14.01,14.59,14.1,13.35,13.16,13.79,13.86,13.45,10.54
"2013-08-02 21:30:00",88734,0.104,0.139,0.194,13.27,13.89,14.5,14.07,13.36,13.16,13.69,13.77,13.45,10.2
"2013-08-02 21:45:00",88735,0.104,0.139,0.194,13.1,13.78,14.43,14.03,13.39,13.16,13.58,13.68,13.46,9.79
"2013-08-02 22:00:00",88736,0.104,0.139,0.194,12.93,13.65,14.34,13.98,13.4,13.16,13.46,13.57,13.46,9.41
"2013-08-02 22:15:00",88737,0.104,0.139,0.194,12.81,13.51,14.27,13.97,13.41,13.16,13.34,13.46,13.47,9.35
"2013-08-02 22:30:00",88738,0.104,0.139,0.194,12.71,13.4,14.19,13.94,13.42,13.16,13.25,13.37,13.47,9.26
"2013-08-02 22:45:00",88739,0.104,0.139,0.194,12.6,13.3,14.12,13.9,13.42,13.16,13.15,13.28,13.46,9.21
"2013-08-02 23:00:00",88740,0.104,0.139,0.194,12.5,13.19,14.04,13.87,13.43,13.16,13.06,13.2,13.47,9.19
"2013-08-02 23:15:00",88741,0.104,0.139,0.194,12.41,13.11,13.96,13.85,13.43,13.16,12.98,13.12,13.46,9.35
"2013-08-02 23:30:00",88742,0.104,0.139,0.194,12.35,13.03,13.9,13.79,13.44,13.16,12.91,13.05,13.47,9.5
"2013-08-02 23:45:00",88743,0.104,0.139,0.194,12.28,12.98,13.83,13.75,13.44,13.16,12.84,12.99,13.46,9.52
"2013-08-03 00:00:00",88744,0.104,0.139,0.194,12.19,12.9,13.77,13.73,13.44,13.16,12.77,12.92,13.46,9.59
"2013-08-03 00:15:00",88745,0.104,0.139,0.194,12.12,12.83,13.72,13.69,13.44,13.16,12.7,12.86,13.46,9.62
"2013-08-03 00:30:00",88746,0.104,0.139,0.194,12.02,12.75,13.65,13.64,13.44,13.16,12.63,12.79,13.46,9.59
"2013-08-03 00:45:00",88747,0.104,0.139,0.194,11.96,12.67,13.6,13.62,13.44,13.16,12.56,12.73,13.45,9.55
"2013-08-03 01:00:00",88748,0.104,0.139,0.194,11.87,12.59,13.52,13.58,13.44,13.16,12.5,12.67,13.46,9.39
"2013-08-03 01:15:00",88749,0.104,0.139,0.194,11.77,12.51,13.48,13.54,13.43,13.16,12.42,12.61,13.45,9.19
"2013-08-03 01:30:00",88750,0.104,0.139,0.194,11.66,12.42,13.41,13.51,13.43,13.17,12.34,12.53,13.45,8.88
"2013-08-03 01:45:00",88751,0.104,0.139,0.194,11.51,12.32,13.36,13.48,13.44,13.17,12.25,12.46,13.45,8.48
"2013-08-03 02:00:00",88752,0.104,0.139,0.194,11.38,12.23,13.31,13.43,13.43,13.18,12.16,12.37,13.45,8.17
"2013-08-03 02:15:00",88753,0.104,0.139,0.194,11.28,12.13,13.24,13.39,13.43,13.18,12.07,12.27,13.45,7.862
"2013-08-03 02:30:00",88754,0.104,0.139,0.194,11.12,12.03,13.18,13.36,13.41,13.18,11.96,12.18,13.45,7.464
"2013-08-03 02:45:00",88755,0.104,0.139,0.194,11.01,11.91,13.11,13.33,13.41,13.18,11.86,12.08,13.46,7.202
"2013-08-03 03:00:00",88756,0.104,0.139,0.194,10.92,11.81,13.05,13.28,13.4,13.19,11.76,11.98,13.46,7.071
"2013-08-03 03:15:00",88757,0.104,0.139,0.194,10.87,11.73,12.98,13.26,13.4,13.19,11.68,11.89,13.46,7.028
"2013-08-03 03:30:00",88758,0.104,0.139,0.194,10.8,11.67,12.92,13.22,13.38,13.2,11.62,11.82,13.46,7.049
"2013-08-03 03:45:00",88759,0.104,0.139,0.194,10.75,11.61,12.87,13.17,13.37,13.21,11.56,11.76,13.46,7.114
"2013-08-03 04:00:00",88760,0.104,0.139,0.194,10.7,11.56,12.79,13.15,13.37,13.21,11.51,11.71,13.46,7.094
"2013-08-03 04:15:00",88761,0.104,0.139,0.194,10.62,11.49,12.73,13.1,13.37,13.2,11.45,11.65,13.46,7.049
"2013-08-03 04:30:00",88762,0.104,0.139,0.194,10.52,11.43,12.68,13.06,13.37,13.2,11.38,11.59,13.46,6.918
"2013-08-03 04:45:00",88763,0.104,0.139,0.194,10.41,11.34,12.6,13.03,13.36,13.21,11.31,11.52,13.46,6.744
"2013-08-03 05:00:00",88764,0.104,0.139,0.194,10.32,11.25,12.57,12.98,13.35,13.2,11.24,11.45,13.46,6.547
"2013-08-03 05:15:00",88765,0.104,0.139,0.194,10.27,11.16,12.5,12.94,13.35,13.2,11.17,11.37,13.47,6.351
"2013-08-03 05:30:00",88766,0.104,0.139,0.194,10.18,11.09,12.44,12.9,13.33,13.19,11.1,11.31,13.47,6.068
"2013-08-03 05:45:00",88767,0.104,0.139,0.194,10.08,11.01,12.4,12.89,13.32,13.2,11.03,11.24,13.48,5.851
"2013-08-03 06:00:00",88768,0.104,0.139,0.194,9.99,10.93,12.33,12.84,13.3,13.19,10.96,11.17,13.48,5.637
"2013-08-03 06:15:00",88769,0.104,0.139,0.194,9.91,10.86,12.29,12.79,13.28,13.2,10.88,11.09,13.48,5.42
"2013-08-03 06:30:00",88770,0.104,0.139,0.194,9.8,10.78,12.24,12.75,13.27,13.18,10.8,11.02,13.48,5.14
"2013-08-03 06:45:00",88771,0.104,0.139,0.194,9.68,10.72,12.19,12.72,13.26,13.2,10.71,10.93,13.48,4.859
"2013-08-03 07:00:00",88772,0.104,0.139,0.194,9.56,10.61,12.11,12.68,13.25,13.2,10.62,10.84,13.49,4.579
"2013-08-03 07:15:00",88773,0.104,0.139,0.194,9.44,10.51,12.06,12.61,13.23,13.2,10.52,10.75,13.49,4.256
"2013-08-03 07:30:00",88774,0.104,0.139,0.194,9.33,10.4,11.99,12.6,13.23,13.19,10.43,10.66,13.49,4.084
"2013-08-03 07:45:00",88775,0.104,0.139,0.194,9.26,10.32,11.93,12.55,13.22,13.2,10.35,10.57,13.49,4.107
"2013-08-03 08:00:00",88776,0.104,0.139,0.194,9.28,10.25,11.86,12.5,13.21,13.22,10.29,10.49,13.49,4.408
"2013-08-03 08:15:00",88777,0.104,0.139,0.194,9.42,10.22,11.82,12.47,13.19,13.21,10.28,10.45,13.49,5.225
"2013-08-03 08:30:00",88778,0.104,0.139,0.194,9.68,10.27,11.75,12.42,13.17,13.21,10.33,10.45,13.49,6.439
"2013-08-03 08:45:00",88779,0.104,0.139,0.194,9.96,10.36,11.73,12.39,13.16,13.21,10.45,10.51,13.49,7.575
"2013-08-03 09:00:00",88780,0.104,0.139,0.194,10.21,10.5,11.68,12.34,13.15,13.21,10.58,10.61,13.48,8.59
"2013-08-03 09:15:00",88781,0.104,0.139,0.194,10.45,10.63,11.67,12.3,13.13,13.22,10.72,10.73,13.47,9.71
"2013-08-03 09:30:00",88782,0.104,0.139,0.194,10.81,10.77,11.67,12.28,13.11,13.22,10.89,10.86,13.48,10.93
"2013-08-03 09:45:00",88783,0.104,0.139,0.194,11.21,10.96,11.7,12.24,13.09,13.24,11.08,11.02,13.48,11.84
"2013-08-03 10:00:00",88784,0.104,0.139,0.194,11.63,11.19,11.74,12.21,13.09,13.24,11.28,11.21,13.47,12.67
"2013-08-03 10:15:00",88785,0.104,0.139,0.194,12.07,11.47,11.8,12.2,13.09,13.24,11.5,11.44,13.47,13.47
"2013-08-03 10:30:00",88786,0.104,0.139,0.194,12.48,11.75,11.85,12.19,13.05,13.24,11.75,11.7,13.47,14.18
"2013-08-03 10:45:00",88787,0.104,0.139,0.193,12.93,12.03,11.94,12.2,13.04,13.23,12.16,12,13.46,14.8
"2013-08-03 11:00:00",88788,0.104,0.139,0.193,13.65,12.37,12.05,12.21,13.02,13.23,12.76,12.31,13.46,15.41
"2013-08-03 11:15:00",88789,0.104,0.139,0.193,14.14,12.76,12.16,12.22,13.02,13.22,13.4,12.63,13.46,16
"2013-08-03 11:30:00",88790,0.104,0.139,0.193,14.69,13.11,12.3,12.24,13,13.22,13.93,12.97,13.46,16.61
"2013-08-03 11:45:00",88791,0.104,0.139,0.193,15.87,13.59,12.45,12.27,12.99,13.23,14.5,13.34,13.46,17.26
"2013-08-03 12:00:00",88792,0.104,0.139,0.193,16.9,14.2,12.62,12.3,12.98,13.23,14.98,13.71,13.47,17.92
"2013-08-03 12:15:00",88793,0.104,0.138,0.193,17.88,14.84,12.85,12.36,12.96,13.22,15.35,14.08,13.47,18.53
"2013-08-03 12:30:00",88794,0.104,0.138,0.193,18.61,15.49,13.1,12.42,12.94,13.23,15.77,14.42,13.47,18.97
"2013-08-03 12:45:00",88795,0.104,0.138,0.193,19.02,16.04,13.36,12.5,12.93,13.22,16.22,14.74,13.46,19.18
"2013-08-03 13:00:00",88796,0.104,0.138,0.193,19.26,16.48,13.65,12.58,12.93,13.22,16.63,15.03,13.44,19.42
"2013-08-03 13:15:00",88797,0.104,0.138,0.193,19.61,16.84,13.93,12.69,12.93,13.22,16.91,15.3,13.42,19.84
"2013-08-03 13:30:00",88798,0.104,0.138,0.193,19.88,17.21,14.19,12.8,12.93,13.22,17.09,15.52,13.34,20.37
"2013-08-03 13:45:00",88799,0.104,0.138,0.193,19.91,17.48,14.45,12.93,12.93,13.22,17.41,15.7,13.31,20.96
"2013-08-03 14:00:00",88800,0.104,0.138,0.193,20.15,17.71,14.7,13.05,12.93,13.23,17.72,15.84,13.31,21.53
"2013-08-03 14:15:00",88801,0.104,0.138,0.193,20.4,17.96,14.93,13.17,12.93,13.22,17.99,15.94,13.33,21.84
"2013-08-03 14:30:00",88802,0.104,0.138,0.193,20.78,18.23,15.17,13.31,12.94,13.22,18.16,16.01,13.31,22.03
"2013-08-03 14:45:00",88803,0.104,0.138,0.193,21.02,18.5,15.41,13.43,12.97,13.23,18.13,16.07,13.27,22.19
"2013-08-03 15:00:00",88804,0.104,0.138,0.193,20.83,18.69,15.61,13.56,12.98,13.22,18.01,16.11,13.24,22.33
"2013-08-03 15:15:00",88805,0.104,0.138,0.193,20.14,18.67,15.8,13.69,13,13.22,17.86,16.13,13.24,22.17
"2013-08-03 15:30:00",88806,0.103,0.138,0.193,19.56,18.51,15.97,13.83,13.04,13.22,17.7,16.14,13.24,21.7
"2013-08-03 15:45:00",88807,0.103,0.138,0.193,19.07,18.3,16.07,13.94,13.05,13.22,17.54,16.13,13.29,21.4
"2013-08-03 16:00:00",88808,0.103,0.138,0.193,18.65,18.1,16.16,14.04,13.07,13.22,17.38,16.12,13.28,20.93
"2013-08-03 16:15:00",88809,0.103,0.138,0.193,18.27,17.88,16.18,14.15,13.1,13.22,17.23,16.1,13.28,20.64
"2013-08-03 16:30:00",88810,0.103,0.138,0.193,17.94,17.67,16.21,14.25,13.14,13.22,17.08,16.07,13.28,20.18
"2013-08-03 16:45:00",88811,0.103,0.138,0.193,17.59,17.46,16.21,14.33,13.16,13.22,16.91,16.02,13.29,19.28
"2013-08-03 17:00:00",88812,0.103,0.138,0.193,17.18,17.25,16.18,14.4,13.18,13.22,16.71,15.95,13.3,18.17
"2013-08-03 17:15:00",88813,0.103,0.138,0.193,16.81,17,16.16,14.46,13.23,13.21,16.5,15.85,13.29,17.26
"2013-08-03 17:30:00",88814,0.103,0.138,0.193,16.49,16.77,16.12,14.51,13.25,13.2,16.28,15.73,13.3,16.49
"2013-08-03 17:45:00",88815,0.103,0.138,0.192,16.18,16.54,16.05,14.53,13.3,13.21,16.07,15.61,13.28,15.82
"2013-08-03 18:00:00",88816,0.103,0.138,0.192,15.91,16.31,15.98,14.57,13.33,13.2,15.88,15.48,13.28,15.21
"2013-08-03 18:15:00",88817,0.103,0.138,0.192,15.63,16.09,15.91,14.6,13.33,13.2,15.68,15.35,13.31,14.75
"2013-08-03 18:30:00",88818,0.103,0.138,0.192,15.4,15.91,15.83,14.61,13.37,13.21,15.5,15.22,13.3,14.3
"2013-08-03 18:45:00",88819,0.103,0.138,0.192,15.18,15.71,15.75,14.6,13.42,13.2,15.33,15.09,13.3,13.94
"2013-08-03 19:00:00",88820,0.103,0.138,0.192,14.98,15.54,15.65,14.61,13.44,13.2,15.17,14.97,13.29,13.75
"2013-08-03 19:15:00",88821,0.103,0.138,0.192,14.8,15.37,15.58,14.59,13.47,13.21,15.01,14.85,13.29,13.54
"2013-08-03 19:30:00",88822,0.103,0.138,0.192,14.62,15.21,15.49,14.58,13.49,13.21,14.87,14.74,13.31,13.23
"2013-08-03 19:45:00",88823,0.103,0.137,0.192,14.46,15.04,15.4,14.58,13.53,13.2,14.74,14.63,13.33,13.09
"2013-08-03 20:00:00",88824,0.103,0.137,0.192,14.33,14.89,15.31,14.57,13.55,13.21,14.61,14.53,13.33,13
"2013-08-03 20:15:00",88825,0.103,0.137,0.192,14.19,14.76,15.22,14.53,13.57,13.2,14.5,14.43,13.32,12.79
"2013-08-03 20:30:00",88826,0.103,0.137,0.192,14,14.62,15.12,14.5,13.58,13.2,14.38,14.34,13.33,12.49
"2013-08-03 20:45:00",88827,0.103,0.137,0.192,13.83,14.49,15.03,14.48,13.59,13.21,14.26,14.24,13.33,12.05
"2013-08-03 21:00:00",88828,0.103,0.137,0.192,13.67,14.35,14.95,14.46,13.62,13.2,14.14,14.14,13.33,11.7
"2013-08-03 21:15:00",88829,0.103,0.137,0.192,13.53,14.22,14.86,14.43,13.63,13.21,14.01,14.04,13.34,11.38
"2013-08-03 21:30:00",88830,0.103,0.137,0.192,13.39,14.1,14.78,14.38,13.65,13.21,13.89,13.92,13.35,11.02
"2013-08-03 21:45:00",88831,0.103,0.137,0.192,13.22,13.97,14.7,14.34,13.67,13.21,13.77,13.82,13.35,10.54
"2013-08-03 22:00:00",88832,0.103,0.137,0.192,13.1,13.84,14.62,14.32,13.66,13.22,13.65,13.72,13.35,10.09
"2013-08-03 22:15:00",88833,0.103,0.137,0.192,12.93,13.71,14.55,14.29,13.66,13.2,13.53,13.62,13.33,9.62
"2013-08-03 22:30:00",88834,0.103,0.137,0.192,12.79,13.59,14.47,14.24,13.65,13.21,13.41,13.52,13.33,9.26
"2013-08-03 22:45:00",88835,0.103,0.137,0.192,12.69,13.47,14.38,14.21,13.65,13.21,13.31,13.42,13.33,8.97
"2013-08-03 23:00:00",88836,0.103,0.137,0.192,12.59,13.35,14.3,14.18,13.65,13.2,13.22,13.33,13.33,8.81
"2013-08-03 23:15:00",88837,0.103,0.137,0.192,12.49,13.26,14.22,14.12,13.67,13.21,13.12,13.25,13.34,8.83
"2013-08-03 23:30:00",88838,0.103,0.137,0.192,12.37,13.17,14.15,14.09,13.68,13.22,13.04,13.17,13.34,8.88
"2013-08-03 23:45:00",88839,0.103,0.137,0.192,12.29,13.08,14.08,14.05,13.68,13.21,12.96,13.09,13.34,9.03
"2013-08-04 00:00:00",88840,0.103,0.137,0.192,12.26,12.99,13.99,13.98,13.67,13.21,12.88,13.02,13.34,9.21
"2013-08-04 00:15:00",88841,0.103,0.137,0.192,12.21,12.95,13.94,13.97,13.68,13.22,12.83,12.96,13.35,9.39
"2013-08-04 00:30:00",88842,0.103,0.137,0.192,12.17,12.88,13.86,13.92,13.68,13.22,12.77,12.91,13.35,9.48
"2013-08-04 00:45:00",88843,0.103,0.137,0.192,12.13,12.84,13.81,13.88,13.68,13.22,12.72,12.86,13.35,9.57
"2013-08-04 01:00:00",88844,0.103,0.137,0.192,12.07,12.77,13.75,13.85,13.67,13.23,12.68,12.82,13.35,9.62
"2013-08-04 01:15:00",88845,0.103,0.137,0.192,12.03,12.73,13.7,13.79,13.66,13.23,12.63,12.77,13.35,9.66
"2013-08-04 01:30:00",88846,0.103,0.137,0.192,12,12.68,13.64,13.74,13.65,13.23,12.59,12.74,13.35,9.62
"2013-08-04 01:45:00",88847,0.103,0.137,0.192,11.93,12.6,13.6,13.72,13.64,13.24,12.54,12.69,13.35,9.48
"2013-08-04 02:00:00",88848,0.103,0.137,0.192,11.85,12.56,13.53,13.68,13.64,13.25,12.49,12.65,13.35,9.37
"2013-08-04 02:15:00",88849,0.103,0.137,0.192,11.8,12.48,13.49,13.64,13.64,13.25,12.43,12.6,13.35,9.3
"2013-08-04 02:30:00",88850,0.103,0.137,0.192,11.74,12.44,13.44,13.62,13.64,13.25,12.38,12.55,13.34,9.37
"2013-08-04 02:45:00",88851,0.103,0.137,0.192,11.74,12.39,13.39,13.58,13.64,13.25,12.33,12.51,13.34,9.79
"2013-08-04 03:00:00",88852,0.103,0.137,0.192,11.8,12.35,13.35,13.54,13.63,13.26,12.32,12.48,13.35,10.43
"2013-08-04 03:15:00",88853,0.103,0.137,0.192,11.85,12.36,13.3,13.52,13.64,13.26,12.32,12.47,13.35,11.18
"2013-08-04 03:30:00",88854,0.103,0.137,0.192,11.91,12.36,13.29,13.48,13.64,13.28,12.33,12.47,13.35,11.63
"2013-08-04 03:45:00",88855,0.103,0.137,0.192,11.91,12.36,13.25,13.44,13.63,13.28,12.34,12.48,13.34,11.75
"2013-08-04 04:00:00",88856,0.103,0.137,0.191,11.91,12.36,13.2,13.43,13.61,13.28,12.34,12.5,13.37,11.82
"2013-08-04 04:15:00",88857,0.103,0.137,0.191,11.9,12.36,13.17,13.39,13.6,13.28,12.34,12.5,13.38,11.75
"2013-08-04 04:30:00",88858,0.103,0.137,0.191,11.85,12.35,13.15,13.34,13.58,13.27,12.33,12.5,13.37,11.47
"2013-08-04 04:45:00",88859,0.103,0.137,0.191,11.77,12.32,13.15,13.33,13.57,13.28,12.3,12.48,13.36,11.06
"2013-08-04 05:00:00",88860,0.103,0.137,0.191,11.7,12.27,13.14,13.32,13.55,13.27,12.25,12.45,13.33,10.63
"2013-08-04 05:15:00",88861,0.103,0.137,0.191,11.62,12.21,13.1,13.3,13.54,13.27,12.21,12.41,13.33,10.22
"2013-08-04 05:30:00",88862,0.103,0.137,0.191,11.56,12.16,13.06,13.27,13.54,13.27,12.16,12.37,13.32,9.84
"2013-08-04 05:45:00",88863,0.103,0.137,0.191,11.43,12.1,13.03,13.24,13.54,13.27,12.1,12.32,13.31,9.32
"2013-08-04 06:00:00",88864,0.103,0.137,0.191,11.32,12.03,13,13.2,13.53,13.27,12.03,12.26,13.3,8.86
"2013-08-04 06:15:00",88865,0.103,0.137,0.191,11.22,11.95,12.97,13.16,13.52,13.26,11.95,12.2,13.29,8.41
"2013-08-04 06:30:00",88866,0.103,0.137,0.191,11.11,11.85,12.91,13.16,13.5,13.29,11.88,12.12,13.3,8.13
"2013-08-04 06:45:00",88867,0.103,0.137,0.191,11.06,11.8,12.87,13.15,13.5,13.29,11.8,12.05,13.3,7.927
"2013-08-04 07:00:00",88868,0.103,0.137,0.191,11.01,11.73,12.84,13.11,13.5,13.3,11.74,11.98,13.29,7.882
"2013-08-04 07:15:00",88869,0.103,0.137,0.191,11.02,11.7,12.79,13.08,13.48,13.3,11.7,11.93,13.31,8.02
"2013-08-04 07:30:00",88870,0.103,0.137,0.191,11.05,11.67,12.75,13.06,13.46,13.3,11.69,11.89,13.31,8.13
"2013-08-04 07:45:00",88871,0.103,0.137,0.191,11.06,11.64,12.69,13.05,13.45,13.3,11.67,11.87,13.32,8.23
"2013-08-04 08:00:00",88872,0.103,0.137,0.191,11.09,11.63,12.66,13.01,13.44,13.3,11.67,11.86,13.32,8.44
"2013-08-04 08:15:00",88873,0.103,0.137,0.191,11.17,11.63,12.62,12.97,13.43,13.3,11.68,11.85,13.32,8.99
"2013-08-04 08:30:00",88874,0.103,0.137,0.191,11.35,11.67,12.58,12.96,13.43,13.3,11.73,11.87,13.32,9.95
"2013-08-04 08:45:00",88875,0.103,0.137,0.191,11.56,11.75,12.58,12.94,13.43,13.3,11.83,11.93,13.32,10.93
"2013-08-04 09:00:00",88876,0.103,0.137,0.191,11.74,11.86,12.58,12.91,13.42,13.3,11.94,12.01,13.32,11.79
"2013-08-04 09:15:00",88877,0.103,0.137,0.191,11.95,11.96,12.58,12.88,13.4,13.31,12.07,12.1,13.31,12.56
"2013-08-04 09:30:00",88878,0.103,0.137,0.191,12.24,12.09,12.59,12.86,13.38,13.31,12.21,12.21,13.31,13.54
"2013-08-04 09:45:00",88879,0.103,0.137,0.191,12.73,12.27,12.62,12.86,13.36,13.32,12.39,12.35,13.3,14.71
"2013-08-04 10:00:00",88880,0.102,0.137,0.191,13.19,12.52,12.66,12.85,13.34,13.32,12.63,12.54,13.32,15.53
"2013-08-04 10:15:00",88881,0.102,0.137,0.191,13.65,12.79,12.71,12.85,13.34,13.32,12.88,12.78,13.32,16.22
"2013-08-04 10:30:00",88882,0.102,0.137,0.191,14.03,13.08,12.81,12.85,13.34,13.32,13.15,13.06,13.29,16.81
"2013-08-04 10:45:00",88883,0.102,0.137,0.191,14.41,13.35,12.9,12.85,13.33,13.32,13.53,13.35,13.27,17.36
"2013-08-04 11:00:00",88884,0.102,0.137,0.191,15.13,13.68,13.01,12.88,13.32,13.33,14.1,13.64,13.27,17.84
"2013-08-04 11:15:00",88885,0.102,0.137,0.191,15.57,14.04,13.13,12.9,13.31,13.32,14.73,13.95,13.27,18.2
"2013-08-04 11:30:00",88886,0.102,0.137,0.191,16.08,14.38,13.27,12.93,13.29,13.33,15.26,14.28,13.29,18.51
"2013-08-04 11:45:00",88887,0.103,0.137,0.191,17.22,14.84,13.43,12.93,13.27,13.32,15.81,14.64,13.29,18.92
"2013-08-04 12:00:00",88888,0.102,0.137,0.191,18.24,15.47,13.6,12.99,13.27,13.33,16.28,15,13.29,19.31
"2013-08-04 12:15:00",88889,0.102,0.137,0.191,19.32,16.12,13.82,13.03,13.27,13.32,16.65,15.35,13.29,19.78
"2013-08-04 12:30:00",88890,0.102,0.137,0.191,20.1,16.76,14.05,13.1,13.29,13.33,17.11,15.69,13.27,20.21
"2013-08-04 12:45:00",88891,0.102,0.137,0.191,20.68,17.36,14.33,13.18,13.28,13.33,17.61,16.01,13.27,20.4
"2013-08-04 13:00:00",88892,0.102,0.137,0.191,20.81,17.84,14.62,13.29,13.29,13.32,18.06,16.3,13.27,20.48
"2013-08-04 13:15:00",88893,0.102,0.137,0.191,21.08,18.18,14.92,13.39,13.28,13.33,18.31,16.57,13.28,20.66
"2013-08-04 13:30:00",88894,0.102,0.136,0.19,21.09,18.48,15.23,13.5,13.29,13.33,18.41,16.77,13.27,21.04
"2013-08-04 13:45:00",88895,0.102,0.136,0.19,21.29,18.72,15.5,13.63,13.3,13.33,18.63,16.91,13.28,21.7
"2013-08-04 14:00:00",88896,0.102,0.136,0.19,21.67,18.97,15.75,13.77,13.3,13.34,18.9,17.03,13.27,22.42
"2013-08-04 14:15:00",88897,0.102,0.136,0.19,21.94,19.3,15.98,13.9,13.31,13.34,19.14,17.12,13.27,23.01
"2013-08-04 14:30:00",88898,0.102,0.136,0.19,22.19,19.57,16.19,14.02,13.31,13.34,19.29,17.19,13.28,23.18
"2013-08-04 14:45:00",88899,0.102,0.136,0.19,22.1,19.77,16.4,14.17,13.32,13.34,19.24,17.24,13.27,22.7
"2013-08-04 15:00:00",88900,0.102,0.136,0.19,21.48,19.8,16.61,14.3,13.36,13.34,19.07,17.26,13.28,21.97
"2013-08-04 15:15:00",88901,0.102,0.136,0.19,20.83,19.66,16.77,14.43,13.39,13.34,18.87,17.25,13.27,21.45
"2013-08-04 15:30:00",88902,0.102,0.136,0.19,20.19,19.44,16.91,14.55,13.4,13.35,18.67,17.23,13.27,20.48
"2013-08-04 15:45:00",88903,0.102,0.136,0.19,19.66,19.14,16.97,14.66,13.41,13.34,18.45,17.18,13.27,19.55
"2013-08-04 16:00:00",88904,0.102,0.136,0.19,19.16,18.85,17,14.77,13.46,13.34,18.23,17.11,13.27,18.79
"2013-08-04 16:15:00",88905,0.102,0.136,0.19,18.74,18.58,17.01,14.87,13.5,13.33,18,17.02,13.27,18.2
"2013-08-04 16:30:00",88906,0.102,0.136,0.19,18.41,18.33,17,14.97,13.51,13.34,17.79,16.92,13.27,17.84
"2013-08-04 16:45:00",88907,0.102,0.136,0.19,18.12,18.11,16.97,15.04,13.55,13.34,17.61,16.83,13.28,17.66
"2013-08-04 17:00:00",88908,0.102,0.136,0.19,17.83,17.89,16.94,15.1,13.6,13.34,17.42,16.74,13.28,17.24
"2013-08-04 17:15:00",88909,0.102,0.136,0.19,17.49,17.67,16.88,15.13,13.62,13.33,17.22,16.63,13.28,16.64
"2013-08-04 17:30:00",88910,0.102,0.136,0.19,17.13,17.44,16.84,15.16,13.65,13.33,17.01,16.51,13.28,15.95
"2013-08-04 17:45:00",88911,0.101,0.136,0.19,16.77,17.21,16.75,15.19,13.69,13.32,16.79,16.38,13.28,15.24
"2013-08-04 18:00:00",88912,0.101,0.136,0.19,16.48,16.96,16.68,15.23,13.71,13.32,16.57,16.23,13.28,14.73
"2013-08-04 18:15:00",88913,0.101,0.136,0.19,16.22,16.75,16.59,15.24,13.74,13.32,16.37,16.08,13.28,14.28
"2013-08-04 18:30:00",88914,0.101,0.136,0.19,15.98,16.54,16.5,15.24,13.78,13.33,16.17,15.94,13.28,13.92
"2013-08-04 18:45:00",88915,0.101,0.136,0.19,15.78,16.35,16.41,15.24,13.81,13.33,15.99,15.8,13.28,13.66
"2013-08-04 19:00:00",88916,0.101,0.136,0.19,15.57,16.16,16.31,15.24,13.82,13.33,15.82,15.67,13.28,13.42
"2013-08-04 19:15:00",88917,0.101,0.136,0.19,15.39,15.99,16.21,15.22,13.86,13.33,15.66,15.54,13.29,13.02
"2013-08-04 19:30:00",88918,0.101,0.136,0.19,15.14,15.82,16.12,15.19,13.89,13.33,15.5,15.42,13.29,12.46
"2013-08-04 19:45:00",88919,0.101,0.136,0.19,14.91,15.64,16.02,15.16,13.91,13.33,15.33,15.29,13.3,11.84
"2013-08-04 20:00:00",88920,0.101,0.136,0.19,14.67,15.44,15.93,15.13,13.91,13.33,15.16,15.15,13.3,11.29
"2013-08-04 20:15:00",88921,0.101,0.136,0.19,14.47,15.28,15.82,15.1,13.93,13.34,14.99,15.01,13.3,10.77
"2013-08-04 20:30:00",88922,0.101,0.136,0.19,14.24,15.07,15.73,15.07,13.97,13.34,14.82,14.86,13.29,10.2
"2013-08-04 20:45:00",88923,0.101,0.136,0.19,13.99,14.89,15.62,15.06,13.99,13.35,14.65,14.71,13.29,9.75
"2013-08-04 21:00:00",88924,0.101,0.136,0.19,13.78,14.69,15.52,15.01,14,13.34,14.49,14.56,13.29,9.39
"2013-08-04 21:15:00",88925,0.101,0.136,0.189,13.58,14.53,15.41,14.96,14,13.33,14.33,14.41,13.29,8.99
"2013-08-04 21:30:00",88926,0.101,0.136,0.189,13.38,14.35,15.31,14.9,14.01,13.34,14.16,14.27,13.3,8.57
"2013-08-04 21:45:00",88927,0.101,0.136,0.189,13.19,14.18,15.19,14.87,14.02,13.34,14,14.11,13.3,8.23
"2013-08-04 22:00:00",88928,0.101,0.136,0.189,13.03,14.02,15.06,14.82,14.02,13.34,13.85,13.96,13.31,7.97
"2013-08-04 22:15:00",88929,0.101,0.135,0.189,12.86,13.87,14.96,14.78,14.03,13.34,13.7,13.82,13.31,7.686
"2013-08-04 22:30:00",88930,0.101,0.135,0.189,12.67,13.71,14.83,14.72,14.05,13.33,13.55,13.69,13.31,7.464
"2013-08-04 22:45:00",88931,0.101,0.136,0.189,12.55,13.57,14.73,14.66,14.06,13.33,13.42,13.55,13.32,7.356
"2013-08-04 23:00:00",88932,0.101,0.136,0.189,12.43,13.44,14.64,14.63,14.06,13.33,13.29,13.43,13.32,7.333
"2013-08-04 23:15:00",88933,0.101,0.135,0.189,12.32,13.32,14.55,14.56,14.07,13.34,13.19,13.32,13.36,7.311
"2013-08-04 23:30:00",88934,0.101,0.135,0.189,12.21,13.21,14.45,14.51,14.07,13.34,13.08,13.22,13.36,7.268
"2013-08-04 23:45:00",88935,0.101,0.135,0.189,12.1,13.09,14.36,14.45,14.06,13.34,12.97,13.12,13.38,7.29
"2013-08-05 00:00:00",88936,0.101,0.135,0.189,12.02,13,14.27,14.41,14.07,13.35,12.88,13.03,13.38,7.399
"2013-08-05 00:15:00",88937,0.101,0.135,0.189,11.94,12.92,14.19,14.35,14.06,13.34,12.79,12.94,13.36,7.618
"2013-08-05 00:30:00",88938,0.101,0.135,0.189,11.9,12.84,14.1,14.3,14.04,13.35,12.71,12.86,13.36,7.839
"2013-08-05 00:45:00",88939,0.101,0.135,0.189,11.86,12.75,14.01,14.23,14.03,13.35,12.65,12.8,13.36,8.08
"2013-08-05 01:00:00",88940,0.101,0.136,0.189,11.83,12.7,13.94,14.19,14.02,13.35,12.59,12.74,13.37,8.28
"2013-08-05 01:15:00",88941,0.101,0.136,0.189,11.8,12.63,13.86,14.13,14.01,13.36,12.54,12.69,13.36,8.46
"2013-08-05 01:30:00",88942,0.101,0.135,0.189,11.79,12.58,13.81,14.08,14,13.36,12.5,12.65,13.36,8.72
"2013-08-05 01:45:00",88943,0.101,0.135,0.189,11.78,12.54,13.74,14.02,13.98,13.35,12.47,12.61,13.33,9.03
"2013-08-05 02:00:00",88944,0.101,0.136,0.189,11.77,12.49,13.68,13.97,13.98,13.36,12.44,12.58,13.33,9.19
"2013-08-05 02:15:00",88945,0.101,0.135,0.189,11.77,12.46,13.63,13.94,13.98,13.36,12.42,12.56,13.33,9.28
"2013-08-05 02:30:00",88946,0.101,0.135,0.189,11.72,12.44,13.56,13.88,13.97,13.36,12.39,12.54,13.33,9.17
"2013-08-05 02:45:00",88947,0.101,0.135,0.189,11.66,12.41,13.52,13.85,13.96,13.37,12.36,12.51,13.32,8.9
"2013-08-05 03:00:00",88948,0.101,0.135,0.189,11.57,12.33,13.49,13.79,13.93,13.37,12.31,12.48,13.32,8.48
"2013-08-05 03:15:00",88949,0.101,0.135,0.189,11.47,12.28,13.43,13.74,13.92,13.38,12.24,12.43,13.32,8.08
"2013-08-05 03:30:00",88950,0.101,0.135,0.189,11.36,12.21,13.37,13.72,13.91,13.38,12.17,12.37,13.32,7.686
"2013-08-05 03:45:00",88951,0.101,0.135,0.189,11.27,12.12,13.34,13.67,13.89,13.38,12.1,12.3,13.35,7.333
"2013-08-05 04:00:00",88952,0.101,0.135,0.189,11.17,12.04,13.28,13.63,13.88,13.39,12.02,12.22,13.36,7.028
"2013-08-05 04:15:00",88953,0.101,0.135,0.189,11.07,11.95,13.23,13.6,13.86,13.4,11.94,12.14,13.4,6.963
"2013-08-05 04:30:00",88954,0.101,0.135,0.189,11.03,11.88,13.18,13.56,13.85,13.4,11.88,12.07,13.41,6.897
"2013-08-05 04:45:00",88955,0.101,0.135,0.189,10.97,11.82,13.11,13.51,13.84,13.4,11.82,12,13.41,6.918
"2013-08-05 05:00:00",88956,0.101,0.135,0.189,10.96,11.77,13.07,13.49,13.84,13.41,11.77,11.95,13.41,6.918
"2013-08-05 05:15:00",88957,0.101,0.135,0.189,10.9,11.71,13,13.45,13.82,13.41,11.72,11.9,13.41,6.809
"2013-08-05 05:30:00",88958,0.101,0.135,0.189,10.82,11.66,12.96,13.4,13.8,13.41,11.67,11.85,13.41,6.635
"2013-08-05 05:45:00",88959,0.101,0.135,0.189,10.72,11.6,12.9,13.36,13.78,13.4,11.62,11.8,13.41,6.416
"2013-08-05 06:00:00",88960,0.101,0.135,0.189,10.6,11.53,12.86,13.33,13.76,13.41,11.55,11.74,13.44,6.113
"2013-08-05 06:15:00",88961,0.101,0.135,0.189,10.47,11.45,12.8,13.27,13.74,13.4,11.47,11.67,13.45,5.808
"2013-08-05 06:30:00",88962,0.101,0.135,0.189,10.34,11.36,12.73,13.25,13.74,13.4,11.38,11.59,13.46,5.571
"2013-08-05 06:45:00",88963,0.101,0.135,0.189,10.24,11.27,12.68,13.21,13.73,13.41,11.29,11.5,13.47,5.334
"2013-08-05 07:00:00",88964,0.101,0.135,0.189,10.14,11.15,12.64,13.16,13.72,13.42,11.21,11.41,13.47,5.182
"2013-08-05 07:15:00",88965,0.101,0.135,0.189,10.06,11.07,12.56,13.13,13.7,13.42,11.12,11.32,13.48,5.031
"2013-08-05 07:30:00",88966,0.101,0.135,0.189,9.99,11,12.51,13.1,13.69,13.43,11.05,11.25,13.48,4.966
"2013-08-05 07:45:00",88967,0.101,0.135,0.189,9.95,10.94,12.44,13.05,13.66,13.43,10.99,11.18,13.49,4.988
"2013-08-05 08:00:00",88968,0.101,0.135,0.189,9.97,10.88,12.41,13,13.66,13.44,10.94,11.12,13.49,5.203
"2013-08-05 08:15:00",88969,0.101,0.135,0.189,10.07,10.87,12.34,12.97,13.64,13.44,10.93,11.08,13.49,6.091
"2013-08-05 08:30:00",88970,0.101,0.135,0.188,10.27,10.88,12.31,12.93,13.62,13.43,10.96,11.08,13.48,7.862
"2013-08-05 08:45:00",88971,0.101,0.135,0.189,10.54,10.96,12.26,12.91,13.64,13.45,11.05,11.13,13.48,9.5
"2013-08-05 09:00:00",88972,0.101,0.135,0.188,10.81,11.07,12.24,12.87,13.6,13.45,11.17,11.22,13.48,10.79
"2013-08-05 09:15:00",88973,0.101,0.135,0.189,11.1,11.2,12.24,12.85,13.58,13.45,11.31,11.34,13.48,11.93
"2013-08-05 09:30:00",88974,0.101,0.135,0.188,11.39,11.38,12.24,12.81,13.56,13.45,11.46,11.47,13.48,12.84
"2013-08-05 09:45:00",88975,0.101,0.135,0.188,11.76,11.56,12.26,12.76,13.56,13.44,11.63,11.63,13.48,13.71
"2013-08-05 10:00:00",88976,0.101,0.135,0.188,12.21,11.79,12.28,12.73,13.53,13.44,11.82,11.82,13.48,14.32
"2013-08-05 10:15:00",88977,0.101,0.135,0.188,12.68,12.05,12.33,12.73,13.51,13.44,12.05,12.05,13.47,14.92
"2013-08-05 10:30:00",88978,0.101,0.135,0.188,13.08,12.32,12.41,12.72,13.48,13.45,12.31,12.33,13.47,15.46
"2013-08-05 10:45:00",88979,0.101,0.135,0.188,13.5,12.6,12.47,12.71,13.48,13.46,12.73,12.64,13.46,16
"2013-08-05 11:00:00",88980,0.101,0.135,0.188,14.21,12.94,12.57,12.71,13.47,13.45,13.34,12.96,13.45,16.59
"2013-08-05 11:15:00",88981,0.101,0.135,0.188,14.65,13.3,12.69,12.74,13.46,13.46,13.91,13.27,13.4,17.16
"2013-08-05 11:30:00",88982,0.101,0.135,0.188,15.23,13.66,12.84,12.75,13.43,13.46,14.36,13.62,13.34,17.84
"2013-08-05 11:45:00",88983,0.101,0.135,0.188,16.45,14.13,12.99,12.76,13.41,13.47,14.94,14,13.32,18.51
"2013-08-05 12:00:00",88984,0.101,0.135,0.188,17.58,14.77,13.17,12.81,13.41,13.46,15.48,14.38,13.32,19.02
"2013-08-05 12:15:00",88985,0.101,0.135,0.188,18.62,15.49,13.39,12.88,13.4,13.47,15.91,14.77,13.31,19.63
"2013-08-05 12:30:00",88986,0.101,0.135,0.188,19.42,16.16,13.63,12.93,13.4,13.47,16.43,15.14,13.31,20.21
"2013-08-05 12:45:00",88987,0.101,0.135,0.188,19.98,16.78,13.93,12.99,13.39,13.48,16.97,15.5,13.31,20.48
"2013-08-05 13:00:00",88988,0.101,0.135,0.188,20.18,17.29,14.22,13.08,13.37,13.47,17.46,15.83,13.31,20.53
"2013-08-05 13:15:00",88989,0.101,0.135,0.188,20.53,17.66,14.52,13.19,13.36,13.47,17.74,16.13,13.3,20.77
"2013-08-05 13:30:00",88990,0.101,0.135,0.188,20.83,18.03,14.8,13.31,13.36,13.47,17.91,16.36,13.3,21.18
"2013-08-05 13:45:00",88991,0.101,0.135,0.188,21.05,18.33,15.11,13.43,13.36,13.47,18.24,16.54,13.3,21.75
"2013-08-05 14:00:00",88992,0.101,0.135,0.188,21.35,18.62,15.39,13.56,13.38,13.46,18.58,16.68,13.3,22.42
"2013-08-05 14:15:00",88993,0.101,0.135,0.188,21.64,18.91,15.64,13.71,13.38,13.47,18.83,16.79,13.3,23.07
"2013-08-05 14:30:00",88994,0.101,0.135,0.188,21.96,19.23,15.88,13.84,13.4,13.46,19,16.87,13.29,23.75
"2013-08-05 14:45:00",88995,0.1,0.135,0.188,22.14,19.52,16.1,13.97,13.4,13.46,18.99,16.95,13.27,23.93
"2013-08-05 15:00:00",88996,0.1,0.135,0.187,21.91,19.69,16.32,14.11,13.41,13.47,18.87,17,13.26,23.81
"2013-08-05 15:15:00",88997,0.1,0.135,0.187,21.2,19.65,16.52,14.25,13.43,13.47,18.72,17.04,13.26,23.64
"2013-08-05 15:30:00",88998,0.1,0.135,0.187,20.59,19.48,16.69,14.39,13.45,13.45,18.56,17.05,13.25,23.07
"2013-08-05 15:45:00",88999,0.1,0.134,0.187,20.08,19.27,16.8,14.51,13.47,13.45,18.39,17.06,13.26,22.64
"2013-08-05 16:00:00",89000,0.1,0.134,0.187,19.7,19.01,16.9,14.64,13.51,13.46,18.23,17.04,13.26,22.42
"2013-08-05 16:15:00",89001,0.1,0.134,0.187,19.34,18.81,16.93,14.74,13.54,13.46,18.09,17.03,13.27,22.36
"2013-08-05 16:30:00",89002,0.1,0.134,0.187,18.99,18.6,16.93,14.83,13.56,13.46,17.95,17,13.26,22.03
"2013-08-05 16:45:00",89003,0.1,0.134,0.187,18.64,18.39,16.93,14.93,13.6,13.45,17.8,16.97,13.26,21.15
"2013-08-05 17:00:00",89004,0.1,0.134,0.187,18.26,18.18,16.93,15,13.64,13.44,17.61,16.91,13.26,20.08
"2013-08-05 17:15:00",89005,0.1,0.134,0.187,17.91,17.95,16.93,15.05,13.64,13.44,17.4,16.83,13.24,19.08
"2013-08-05 17:30:00",89006,0.1,0.134,0.187,17.57,17.71,16.86,15.11,13.68,13.44,17.2,16.72,13.24,18.12
"2013-08-05 17:45:00",89007,0.1,0.134,0.187,17.24,17.49,16.82,15.14,13.71,13.44,16.99,16.6,13.24,17.26
"2013-08-05 18:00:00",89008,0.1,0.134,0.187,16.91,17.29,16.76,15.17,13.74,13.43,16.78,16.47,13.25,16.54
"2013-08-05 18:15:00",89009,0.1,0.134,0.187,16.63,17.05,16.7,15.2,13.78,13.44,16.58,16.33,13.23,15.8
"2013-08-05 18:30:00",89010,0.1,0.134,0.187,16.36,16.84,16.59,15.23,13.81,13.43,16.39,16.19,13.46,15.24
"2013-08-05 18:45:00",89011,0.1,0.134,0.187,16.12,16.63,16.52,15.23,13.83,13.43,16.2,16.05,13.5,14.73
"2013-08-05 19:00:00",89012,0.1,0.134,0.187,15.9,16.44,16.44,15.24,13.86,13.42,16.02,15.92,13.5,14.18
"2013-08-05 19:15:00",89013,0.1,0.134,0.187,15.62,16.23,16.35,15.24,13.9,13.42,15.84,15.78,13.5,13.45
"2013-08-05 19:30:00",89014,0.1,0.134,0.187,15.36,16.05,16.24,15.24,13.91,13.43,15.66,15.64,13.5,12.72
"2013-08-05 19:45:00",89015,0.1,0.134,0.187,15.13,15.85,16.16,15.21,13.93,13.43,15.48,15.5,13.5,11.98
"2013-08-05 20:00:00",89016,0.1,0.134,0.187,14.86,15.65,16.06,15.2,13.96,13.43,15.3,15.35,13.51,11.29
"2013-08-05 20:15:00",89017,0.1,0.134,0.187,14.61,15.45,15.98,15.16,14,13.44,15.11,15.19,13.51,10.63
"2013-08-05 20:30:00",89018,0.1,0.134,0.187,14.38,15.27,15.86,15.13,14.01,13.44,14.93,15.03,13.51,10.06
"2013-08-05 20:45:00",89019,0.1,0.134,0.187,14.16,15.05,15.75,15.1,14.02,13.44,14.75,14.87,13.51,9.55
"2013-08-05 21:00:00",89020,0.1,0.134,0.187,13.93,14.86,15.65,15.07,14.04,13.45,14.59,14.72,13.51,9.03
"2013-08-05 21:15:00",89021,0.1,0.134,0.187,13.68,14.67,15.53,15.06,14.06,13.44,14.43,14.57,13.51,8.48
"2013-08-05 21:30:00",89022,0.1,0.134,0.187,13.45,14.47,15.43,15,14.08,13.44,14.24,14.4,13.51,8.08
"2013-08-05 21:45:00",89023,0.1,0.134,0.187,13.28,14.3,15.33,14.95,14.1,13.44,14.06,14.23,13.51,7.817
"2013-08-05 22:00:00",89024,0.1,0.134,0.187,13.16,14.13,15.19,14.89,14.1,13.44,13.92,14.08,13.51,7.641
"2013-08-05 22:15:00",89025,0.1,0.134,0.187,13.02,13.99,15.07,14.86,14.11,13.45,13.79,13.95,13.51,7.51
"2013-08-05 22:30:00",89026,0.1,0.134,0.187,12.91,13.86,14.96,14.8,14.11,13.44,13.66,13.83,13.51,7.598
"2013-08-05 22:45:00",89027,0.1,0.134,0.187,12.88,13.75,14.83,14.76,14.12,13.45,13.57,13.72,13.51,7.794
"2013-08-05 23:00:00",89028,0.1,0.134,0.186,12.87,13.67,14.75,14.69,14.11,13.45,13.5,13.64,13.51,8.26
"2013-08-05 23:15:00",89029,0.1,0.134,0.186,12.86,13.6,14.67,14.65,14.12,13.45,13.45,13.58,13.51,8.52
"2013-08-05 23:30:00",89030,0.1,0.134,0.186,12.8,13.53,14.59,14.6,14.12,13.46,13.4,13.52,13.51,8.68
"2013-08-05 23:45:00",89031,0.1,0.134,0.186,12.76,13.47,14.51,14.55,14.11,13.46,13.35,13.48,13.51,8.86
"2013-08-06 00:00:00",89032,0.1,0.134,0.186,12.7,13.41,14.45,14.49,14.11,13.45,13.3,13.43,13.51,8.94
"2013-08-06 00:15:00",89033,0.1,0.134,0.186,12.61,13.34,14.37,14.44,14.11,13.46,13.24,13.38,13.51,9.12
"2013-08-06 00:30:00",89034,0.1,0.134,0.186,12.6,13.28,14.31,14.4,14.11,13.47,13.19,13.33,13.51,9.37
"2013-08-06 00:45:00",89035,0.1,0.134,0.186,12.55,13.23,14.24,14.34,14.11,13.47,13.14,13.29,13.51,9.39
"2013-08-06 01:00:00",89036,0.1,0.134,0.186,12.47,13.18,14.19,14.3,14.11,13.47,13.09,13.25,13.51,9.37
"2013-08-06 01:15:00",89037,0.1,0.134,0.186,12.37,13.11,14.12,14.26,14.11,13.48,13.04,13.2,13.51,9.35
"2013-08-06 01:30:00",89038,0.1,0.134,0.186,12.3,13.04,14.08,14.21,14.1,13.48,12.98,13.15,13.52,9.3
"2013-08-06 01:45:00",89039,0.1,0.134,0.186,12.2,12.98,14.01,14.19,14.08,13.47,12.91,13.09,13.51,9.08
"2013-08-06 02:00:00",89040,0.1,0.134,0.186,12.06,12.9,13.97,14.13,14.08,13.47,12.84,13.03,13.51,8.72
"2013-08-06 02:15:00",89041,0.1,0.134,0.186,11.94,12.82,13.91,14.09,14.06,13.46,12.74,12.95,13.51,8.39
"2013-08-06 02:30:00",89042,0.1,0.134,0.186,11.85,12.72,13.85,14.07,14.06,13.48,12.65,12.87,13.51,8.13
"2013-08-06 02:45:00",89043,0.1,0.134,0.186,11.73,12.62,13.8,14,14.05,13.46,12.57,12.79,13.51,7.817
"2013-08-06 03:00:00",89044,0.1,0.134,0.186,11.61,12.53,13.74,13.95,14.02,13.46,12.48,12.71,13.51,7.532
"2013-08-06 03:15:00",89045,0.1,0.134,0.186,11.49,12.42,13.67,13.93,14.01,13.46,12.39,12.62,13.51,7.202
"2013-08-06 03:30:00",89046,0.1,0.133,0.186,11.39,12.33,13.6,13.89,13.99,13.47,12.29,12.52,13.51,6.983
"2013-08-06 03:45:00",89047,0.1,0.133,0.186,11.31,12.25,13.53,13.83,13.98,13.47,12.21,12.44,13.51,6.766
"2013-08-06 04:00:00",89048,0.1,0.134,0.186,11.21,12.15,13.47,13.82,13.97,13.47,12.12,12.35,13.51,6.547
"2013-08-06 04:15:00",89049,0.1,0.133,0.186,11.1,12.06,13.41,13.76,13.97,13.49,12.04,12.26,13.51,6.416
"2013-08-06 04:30:00",89050,0.1,0.134,0.186,11.01,11.97,13.34,13.74,13.94,13.47,11.96,12.18,13.51,6.308
"2013-08-06 04:45:00",89051,0.1,0.133,0.186,10.92,11.88,13.26,13.69,13.93,13.49,11.88,12.1,13.51,6.113
"2013-08-06 05:00:00",89052,0.1,0.133,0.186,10.79,11.8,13.21,13.63,13.93,13.49,11.79,12.02,13.51,5.917
"2013-08-06 05:15:00",89053,0.1,0.133,0.186,10.67,11.7,13.14,13.59,13.93,13.49,11.7,11.93,13.51,5.68
"2013-08-06 05:30:00",89054,0.1,0.133,0.186,10.53,11.61,13.07,13.55,13.9,13.49,11.61,11.84,13.51,5.44
"2013-08-06 05:45:00",89055,0.1,0.133,0.186,10.42,11.51,13.01,13.49,13.89,13.5,11.51,11.75,13.51,5.203
"2013-08-06 06:00:00",89056,0.1,0.133,0.186,10.31,11.42,12.96,13.46,13.87,13.51,11.41,11.65,13.51,5.009
