"TOA5","WTC04","CR1000","33309","CR1000.Std.19","CPU:WTCsensors_ch4.CR1","45689","Table1"
"TIMESTAMP","RECORD","VW_Avg(1)","VW_Avg(2)","VW_Avg(3)","SoilTempProbe_Avg(1)","SoilTempProbe_Avg(2)","SoilTempProbe_Avg(3)","SoilTempProbe_Avg(4)","SoilTempProbe_Avg(5)","SoilTempProbe_Avg(6)","SoilTemp_Avg(1)","SoilTemp_Avg(2)","BattV_Min","PTemp"
"TS","RN","","","","Deg C","Deg C","Deg C","Deg C","Deg C","Deg C","Deg C","Deg C","Volts",""
"","","Avg","Avg","Avg","Avg","Avg","Avg","Avg","Avg","Avg","Avg","Avg","Min","Smp"
"2013-07-31 06:15:00",83879,0.119,0.132,0.181,14.64,14.75,14.79,14.47,14.15,13.95,14.97,14.8,13.53,13.87
"2013-07-31 06:30:00",83880,0.119,0.132,0.181,14.62,14.75,14.79,14.47,14.14,13.95,14.96,14.8,13.53,13.87
"2013-07-31 06:45:00",83881,0.119,0.132,0.181,14.6,14.74,14.79,14.47,14.14,13.95,14.95,14.8,13.53,13.87
"2013-07-31 07:00:00",83882,0.119,0.132,0.181,14.57,14.71,14.77,14.47,14.14,13.95,14.94,14.79,13.54,13.9
"2013-07-31 07:15:00",83883,0.119,0.132,0.181,14.56,14.7,14.77,14.47,14.14,13.95,14.93,14.78,13.53,13.92
"2013-07-31 07:30:00",83884,0.119,0.132,0.181,14.57,14.7,14.76,14.46,14.14,13.95,14.93,14.77,13.53,13.97
"2013-07-31 07:45:00",83885,0.119,0.132,0.181,14.59,14.7,14.75,14.46,14.13,13.96,14.92,14.77,13.53,14.06
"2013-07-31 08:00:00",83886,0.119,0.132,0.181,14.64,14.7,14.75,14.43,14.12,13.96,14.93,14.78,13.53,14.16
"2013-07-31 08:15:00",83887,0.119,0.132,0.181,14.68,14.72,14.74,14.43,14.12,13.96,14.94,14.79,13.53,14.28
"2013-07-31 08:30:00",83888,0.119,0.132,0.181,14.74,14.75,14.74,14.41,14.11,13.96,14.97,14.81,13.53,14.4
"2013-07-31 08:45:00",83889,0.119,0.132,0.181,14.84,14.77,14.74,14.41,14.1,13.96,15,14.83,13.53,14.66
"2013-07-31 09:00:00",83890,0.119,0.132,0.181,14.99,14.84,14.74,14.41,14.1,13.96,15.05,14.88,13.53,14.97
"2013-07-31 09:15:00",83891,0.119,0.132,0.181,15.16,14.94,14.75,14.41,14.1,13.96,15.12,14.94,13.53,15.34
"2013-07-31 09:30:00",83892,0.119,0.132,0.181,15.34,15.02,14.78,14.41,14.09,13.97,15.2,15.02,13.53,15.58
"2013-07-31 09:45:00",83893,0.119,0.132,0.181,15.58,15.13,14.81,14.39,14.09,13.97,15.31,15.11,13.53,15.85
"2013-07-31 10:00:00",83894,0.119,0.132,0.181,15.86,15.27,14.84,14.4,14.09,13.97,15.43,15.24,13.53,16.19
"2013-07-31 10:15:00",83895,0.119,0.132,0.181,16.09,15.48,14.89,14.41,14.08,13.98,15.56,15.39,13.53,16.54
"2013-07-31 10:30:00",83896,0.119,0.132,0.181,16.22,15.61,14.94,14.41,14.08,13.98,15.71,15.54,13.54,16.94
"2013-07-31 10:45:00",83897,0.119,0.131,0.181,16.38,15.73,15,14.44,14.08,13.97,15.84,15.67,13.53,17.34
"2013-07-31 11:00:00",83898,0.119,0.131,0.181,16.5,15.85,15.1,14.46,14.08,13.98,15.98,15.79,13.53,17.64
"2013-07-31 11:15:00",83899,0.119,0.131,0.181,16.6,15.97,15.18,14.48,14.08,13.98,16.11,15.89,13.53,17.92
"2013-07-31 11:30:00",83900,0.119,0.131,0.18,16.64,16.06,15.26,14.51,14.08,13.98,16.22,15.98,13.53,18.05
"2013-07-31 11:45:00",83901,0.119,0.131,0.18,16.59,16.11,15.31,14.54,14.07,13.98,16.31,16.06,13.53,17.84
"2013-07-31 12:00:00",83902,0.119,0.131,0.18,16.49,16.12,15.38,14.55,14.08,13.98,16.35,16.1,13.53,17.56
"2013-07-31 12:15:00",83903,0.119,0.131,0.18,16.53,16.13,15.4,14.59,14.08,13.98,16.36,16.11,13.53,17.51
"2013-07-31 12:30:00",83904,0.119,0.131,0.18,16.74,16.18,15.45,14.62,14.08,13.98,16.4,16.14,13.53,17.77
"2013-07-31 12:45:00",83905,0.119,0.131,0.18,16.84,16.28,15.49,14.65,14.09,13.98,16.48,16.22,13.53,17.95
"2013-07-31 13:00:00",83906,0.119,0.131,0.18,16.77,16.35,15.52,14.67,14.1,13.98,16.55,16.28,13.53,17.97
"2013-07-31 13:15:00",83907,0.119,0.131,0.18,16.72,16.37,15.59,14.69,14.12,13.98,16.58,16.31,13.53,17.95
"2013-07-31 13:30:00",83908,0.119,0.131,0.18,16.75,16.38,15.64,14.74,14.14,13.98,16.6,16.33,13.53,18.02
"2013-07-31 13:45:00",83909,0.118,0.131,0.18,16.86,16.42,15.66,14.77,14.14,13.98,16.64,16.36,13.53,18.17
"2013-07-31 14:00:00",83910,0.118,0.131,0.18,16.87,16.45,15.69,14.8,14.16,13.98,16.69,16.4,13.53,18.23
"2013-07-31 14:15:00",83911,0.118,0.131,0.18,16.81,16.48,15.73,14.82,14.17,13.98,16.73,16.44,13.53,18.05
"2013-07-31 14:30:00",83912,0.118,0.131,0.18,16.67,16.46,15.76,14.82,14.17,13.98,16.72,16.44,13.53,17.66
"2013-07-31 14:45:00",83913,0.118,0.131,0.18,16.58,16.42,15.77,14.85,14.17,13.98,16.69,16.42,13.53,17.34
"2013-07-31 15:00:00",83914,0.118,0.131,0.18,16.48,16.36,15.8,14.88,14.17,13.98,16.65,16.38,13.53,17.11
"2013-07-31 15:15:00",83915,0.118,0.131,0.18,16.41,16.34,15.81,14.91,14.18,13.98,16.61,16.35,13.53,16.96
"2013-07-31 15:30:00",83916,0.118,0.131,0.18,16.34,16.28,15.82,14.92,14.17,13.99,16.57,16.31,13.53,16.89
"2013-07-31 15:45:00",83917,0.118,0.131,0.18,16.31,16.24,15.81,14.94,14.2,13.98,16.53,16.28,13.53,16.81
"2013-07-31 16:00:00",83918,0.118,0.131,0.18,16.25,16.23,15.81,14.94,14.21,13.98,16.5,16.24,13.53,16.69
"2013-07-31 16:15:00",83919,0.118,0.131,0.18,16.19,16.18,15.8,14.96,14.22,13.98,16.46,16.21,13.53,16.54
"2013-07-31 16:30:00",83920,0.118,0.131,0.18,16.11,16.12,15.78,14.96,14.24,13.98,16.42,16.18,13.53,16.39
"2013-07-31 16:45:00",83921,0.118,0.131,0.18,16.05,16.1,15.78,14.98,14.26,13.99,16.38,16.14,13.54,16.24
"2013-07-31 17:00:00",83922,0.118,0.131,0.18,15.98,16.05,15.77,14.98,14.27,13.99,16.33,16.1,13.54,16.09
"2013-07-31 17:15:00",83923,0.118,0.131,0.18,15.92,15.99,15.75,14.98,14.27,13.99,16.29,16.06,13.54,15.9
"2013-07-31 17:30:00",83924,0.118,0.131,0.18,15.82,15.95,15.73,14.99,14.28,13.99,16.24,16.01,13.53,15.55
"2013-07-31 17:45:00",83925,0.118,0.131,0.18,15.67,15.88,15.71,15.01,14.28,13.99,16.18,15.96,13.53,15
"2013-07-31 18:00:00",83926,0.118,0.131,0.18,15.55,15.83,15.69,15.02,14.27,13.99,16.12,15.9,13.53,14.37
"2013-07-31 18:15:00",83927,0.118,0.131,0.18,15.41,15.72,15.68,15,14.27,13.99,16.05,15.83,13.53,13.71
"2013-07-31 18:30:00",83928,0.118,0.131,0.18,15.27,15.64,15.64,15,14.3,13.99,15.96,15.75,13.53,13.02
"2013-07-31 18:45:00",83929,0.118,0.131,0.18,15.11,15.55,15.61,15.01,14.31,13.99,15.87,15.66,13.53,12.33
"2013-07-31 19:00:00",83930,0.118,0.131,0.18,14.94,15.43,15.58,14.99,14.33,13.99,15.77,15.56,13.53,11.7
"2013-07-31 19:15:00",83931,0.118,0.131,0.18,14.78,15.29,15.53,14.99,14.33,14,15.66,15.46,13.53,11.2
"2013-07-31 19:30:00",83932,0.118,0.131,0.18,14.63,15.17,15.49,14.98,14.35,14.01,15.54,15.35,13.53,10.72
"2013-07-31 19:45:00",83933,0.118,0.131,0.18,14.47,15.06,15.43,14.95,14.35,14.01,15.43,15.23,13.53,10.29
"2013-07-31 20:00:00",83934,0.118,0.131,0.18,14.34,14.96,15.4,14.94,14.35,14.01,15.32,15.13,13.53,9.97
"2013-07-31 20:15:00",83935,0.118,0.131,0.18,14.21,14.85,15.33,14.92,14.34,14.01,15.22,15.03,13.53,9.68
"2013-07-31 20:30:00",83936,0.118,0.131,0.18,14.08,14.75,15.26,14.89,14.34,14.01,15.12,14.93,13.53,9.39
"2013-07-31 20:45:00",83937,0.118,0.131,0.18,13.96,14.65,15.21,14.86,14.34,14.01,15.02,14.83,13.53,9.24
"2013-07-31 21:00:00",83938,0.118,0.131,0.18,13.87,14.55,15.15,14.83,14.35,14.02,14.91,14.72,13.53,9.19
"2013-07-31 21:15:00",83939,0.118,0.131,0.18,13.79,14.47,15.06,14.82,14.35,14.02,14.82,14.63,13.53,9.06
"2013-07-31 21:30:00",83940,0.118,0.131,0.18,13.72,14.38,14.98,14.78,14.35,14.02,14.74,14.55,13.53,9.01
"2013-07-31 21:45:00",83941,0.118,0.131,0.18,13.65,14.32,14.92,14.77,14.36,14.02,14.66,14.46,13.53,9.08
"2013-07-31 22:00:00",83942,0.118,0.131,0.18,13.61,14.23,14.87,14.75,14.35,14.02,14.58,14.39,13.53,9.21
"2013-07-31 22:15:00",83943,0.118,0.131,0.18,13.56,14.19,14.8,14.7,14.35,14.02,14.52,14.33,13.53,9.44
"2013-07-31 22:30:00",83944,0.118,0.131,0.18,13.55,14.12,14.75,14.68,14.35,14.02,14.46,14.27,13.53,9.66
"2013-07-31 22:45:00",83945,0.118,0.131,0.18,13.51,14.1,14.71,14.66,14.35,14.02,14.42,14.23,13.53,9.77
"2013-07-31 23:00:00",83946,0.118,0.131,0.18,13.51,14.05,14.64,14.62,14.35,14.02,14.38,14.19,13.53,9.91
"2013-07-31 23:15:00",83947,0.118,0.131,0.18,13.52,14.02,14.61,14.58,14.34,14.02,14.35,14.16,13.53,10.11
"2013-07-31 23:30:00",83948,0.118,0.131,0.18,13.51,14,14.57,14.56,14.33,14.02,14.32,14.13,13.53,10.27
"2013-07-31 23:45:00",83949,0.118,0.131,0.179,13.52,13.99,14.52,14.53,14.34,14.03,14.3,14.11,13.53,10.43
"2013-08-01 00:00:00",83950,0.118,0.131,0.179,13.5,13.97,14.48,14.49,14.33,14.04,14.27,14.08,13.53,10.47
"2013-08-01 00:15:00",83951,0.118,0.131,0.179,13.47,13.94,14.48,14.46,14.33,14.04,14.25,14.06,13.53,10.52
"2013-08-01 00:30:00",83952,0.118,0.131,0.179,13.44,13.91,14.43,14.44,14.32,14.05,14.22,14.03,13.53,10.54
"2013-08-01 00:45:00",83953,0.118,0.131,0.179,13.4,13.87,14.39,14.43,14.31,14.05,14.19,14.01,13.53,10.45
"2013-08-01 01:00:00",83954,0.118,0.131,0.179,13.36,13.85,14.39,14.4,14.29,14.04,14.16,13.97,13.53,10.25
"2013-08-01 01:15:00",83955,0.118,0.131,0.179,13.27,13.8,14.36,14.38,14.29,14.03,14.12,13.94,13.53,9.88
"2013-08-01 01:30:00",83956,0.118,0.131,0.179,13.16,13.75,14.33,14.32,14.28,14.02,14.07,13.89,13.53,9.46
"2013-08-01 01:45:00",83957,0.118,0.131,0.179,13.02,13.69,14.28,14.28,14.27,14.02,14.01,13.84,13.53,8.99
"2013-08-01 02:00:00",83958,0.118,0.131,0.179,12.9,13.62,14.22,14.28,14.25,14.02,13.94,13.76,13.53,8.59
"2013-08-01 02:15:00",83959,0.118,0.131,0.179,12.8,13.52,14.21,14.25,14.26,14.02,13.86,13.69,13.53,8.26
"2013-08-01 02:30:00",83960,0.118,0.131,0.179,12.69,13.45,14.17,14.22,14.24,14.02,13.78,13.61,13.53,7.927
"2013-08-01 02:45:00",83961,0.118,0.131,0.179,12.59,13.36,14.11,14.19,14.23,14.02,13.71,13.53,13.53,7.618
"2013-08-01 03:00:00",83962,0.118,0.131,0.179,12.49,13.28,14.08,14.17,14.22,14.04,13.62,13.45,13.53,7.333
"2013-08-01 03:15:00",83963,0.118,0.131,0.179,12.37,13.2,14.02,14.12,14.22,14.04,13.54,13.37,13.53,7.094
"2013-08-01 03:30:00",83964,0.118,0.131,0.179,12.26,13.11,13.97,14.12,14.21,14.04,13.45,13.28,13.53,6.809
"2013-08-01 03:45:00",83965,0.118,0.131,0.179,12.14,13.02,13.92,14.1,14.19,14.05,13.37,13.19,13.53,6.524
"2013-08-01 04:00:00",83966,0.118,0.131,0.179,12.03,12.94,13.86,14.06,14.18,14.06,13.28,13.1,13.53,6.308
"2013-08-01 04:15:00",83967,0.118,0.131,0.179,11.91,12.81,13.82,14.02,14.18,14.06,13.19,13.01,13.53,6.048
"2013-08-01 04:30:00",83968,0.118,0.131,0.179,11.75,12.7,13.74,13.99,14.16,14.06,13.09,12.91,13.53,5.808
"2013-08-01 04:45:00",83969,0.118,0.131,0.179,11.64,12.61,13.69,13.96,14.16,14.06,13,12.82,13.53,5.591
"2013-08-01 05:00:00",83970,0.118,0.131,0.179,11.53,12.51,13.62,13.92,14.15,14.07,12.91,12.72,13.53,5.377
"2013-08-01 05:15:00",83971,0.118,0.131,0.179,11.43,12.42,13.57,13.88,14.12,14.06,12.82,12.63,13.53,5.268
"2013-08-01 05:30:00",83972,0.118,0.131,0.179,11.34,12.33,13.48,13.85,14.1,14.06,12.73,12.54,13.53,5.16
"2013-08-01 05:45:00",83973,0.118,0.131,0.179,11.24,12.25,13.43,13.82,14.07,14.07,12.65,12.46,13.53,5.051
"2013-08-01 06:00:00",83974,0.118,0.131,0.179,11.14,12.15,13.37,13.76,14.04,14.07,12.56,12.37,13.53,4.88
"2013-08-01 06:15:00",83975,0.118,0.131,0.179,11.04,12.07,13.3,13.73,14.03,14.07,12.48,12.28,13.53,4.728
"2013-08-01 06:30:00",83976,0.118,0.131,0.179,10.95,11.98,13.23,13.68,14.03,14.07,12.39,12.19,13.53,4.579
"2013-08-01 06:45:00",83977,0.118,0.131,0.179,10.83,11.9,13.17,13.63,14.02,14.07,12.3,12.1,13.53,4.451
"2013-08-01 07:00:00",83978,0.118,0.131,0.179,10.74,11.8,13.11,13.6,14,14.08,12.21,12.01,13.53,4.365
"2013-08-01 07:15:00",83979,0.118,0.131,0.179,10.67,11.72,13.07,13.56,13.99,14.07,12.12,11.93,13.53,4.385
"2013-08-01 07:30:00",83980,0.118,0.131,0.179,10.63,11.65,12.99,13.51,13.97,14.08,12.05,11.84,13.53,4.428
"2013-08-01 07:45:00",83981,0.118,0.131,0.179,10.61,11.59,12.93,13.48,13.95,14.08,11.98,11.77,13.53,4.493
"2013-08-01 08:00:00",83982,0.118,0.131,0.179,10.61,11.56,12.85,13.44,13.93,14.08,11.93,11.72,13.53,4.665
"2013-08-01 08:15:00",83983,0.118,0.131,0.179,10.65,11.51,12.8,13.38,13.91,14.08,11.89,11.68,13.53,4.923
"2013-08-01 08:30:00",83984,0.118,0.131,0.179,10.74,11.5,12.74,13.36,13.9,14.08,11.87,11.66,13.53,5.334
"2013-08-01 08:45:00",83985,0.118,0.131,0.179,10.87,11.54,12.7,13.31,13.89,14.08,11.87,11.66,13.53,5.808
"2013-08-01 09:00:00",83986,0.118,0.131,0.179,11.08,11.59,12.67,13.27,13.87,14.08,11.9,11.68,13.53,6.482
"2013-08-01 09:15:00",83987,0.118,0.131,0.179,11.38,11.68,12.63,13.24,13.84,14.08,11.96,11.74,13.53,7.245
"2013-08-01 09:30:00",83988,0.118,0.131,0.179,11.79,11.84,12.62,13.19,13.84,14.07,12.06,11.85,13.53,8.1
"2013-08-01 09:45:00",83989,0.118,0.131,0.179,12.21,12.04,12.62,13.17,13.83,14.07,12.2,12.02,13.53,8.99
"2013-08-01 10:00:00",83990,0.118,0.131,0.179,12.79,12.3,12.65,13.14,13.79,14.07,12.37,12.29,13.53,10
"2013-08-01 10:15:00",83991,0.118,0.131,0.179,13.56,12.65,12.72,13.12,13.77,14.07,12.64,12.65,13.53,11.02
"2013-08-01 10:30:00",83992,0.118,0.131,0.179,14.45,13.1,12.79,13.1,13.77,14.07,13.05,13.09,13.54,11.96
"2013-08-01 10:45:00",83993,0.118,0.131,0.179,14.95,13.55,12.92,13.09,13.74,14.09,13.54,13.56,13.53,12.88
"2013-08-01 11:00:00",83994,0.118,0.131,0.179,15.24,13.91,13.06,13.1,13.72,14.09,14.08,13.94,13.53,13.78
"2013-08-01 11:15:00",83995,0.118,0.131,0.179,15.6,14.25,13.22,13.11,13.7,14.09,14.62,14.31,13.53,14.66
"2013-08-01 11:30:00",83996,0.119,0.131,0.179,16.03,14.56,13.37,13.14,13.69,14.08,15.08,14.75,13.53,15.55
"2013-08-01 11:45:00",83997,0.119,0.131,0.179,16.96,14.96,13.55,13.2,13.67,14.08,15.44,15.18,13.53,16.49
"2013-08-01 12:00:00",83998,0.119,0.13,0.179,17.83,15.5,13.73,13.25,13.66,14.08,15.8,15.61,13.54,17.34
"2013-08-01 12:15:00",83999,0.119,0.13,0.179,18.83,16.08,13.94,13.3,13.63,14.07,16.13,16.07,13.53,18.07
"2013-08-01 12:30:00",84000,0.119,0.13,0.178,19.73,16.71,14.18,13.38,13.61,14.06,16.5,16.53,13.53,18.64
"2013-08-01 12:45:00",84001,0.118,0.13,0.178,20.35,17.3,14.46,13.45,13.61,14.07,16.9,16.96,13.53,19.13
"2013-08-01 13:00:00",84002,0.118,0.13,0.178,20.61,17.78,14.74,13.55,13.61,14.06,17.28,17.35,13.54,19.63
"2013-08-01 13:15:00",84003,0.118,0.13,0.178,20.96,18.19,15.05,13.66,13.61,14.06,17.58,17.67,13.53,20.34
"2013-08-01 13:30:00",84004,0.118,0.13,0.178,21.27,18.55,15.35,13.76,13.61,14.06,17.78,17.91,13.53,21.29
"2013-08-01 13:45:00",84005,0.118,0.13,0.178,21.23,18.83,15.61,13.89,13.62,14.06,18.02,18.03,13.53,22.42
"2013-08-01 14:00:00",84006,0.118,0.13,0.178,21.23,19,15.86,14.01,13.63,14.06,18.29,18.07,13.54,23.44
"2013-08-01 14:15:00",84007,0.118,0.13,0.178,21.33,19.16,16.08,14.13,13.63,14.06,18.52,18.1,13.54,24.33
"2013-08-01 14:30:00",84008,0.118,0.13,0.178,21.56,19.35,16.3,14.26,13.64,14.06,18.7,18.1,13.53,25.04
"2013-08-01 14:45:00",84009,0.118,0.13,0.178,21.7,19.52,16.48,14.43,13.67,14.08,18.81,18.08,13.53,25.73
"2013-08-01 15:00:00",84010,0.118,0.13,0.177,21.58,19.64,16.66,14.55,13.67,14.05,18.86,18.04,13.53,26.53
"2013-08-01 15:15:00",84011,0.118,0.13,0.177,21.11,19.66,16.83,14.68,13.68,14.05,18.85,18,13.54,27.12
"2013-08-01 15:30:00",84012,0.118,0.13,0.177,20.64,19.55,16.97,14.8,13.7,14.05,18.79,17.95,13.54,27.18
"2013-08-01 15:45:00",84013,0.118,0.13,0.177,20.24,19.39,17.07,14.9,13.72,14.04,18.71,17.91,13.54,26.78
"2013-08-01 16:00:00",84014,0.117,0.13,0.177,19.89,19.21,17.15,15.01,13.76,14.04,18.61,17.85,13.53,26.41
"2013-08-01 16:15:00",84015,0.118,0.129,0.177,19.56,19.04,17.19,15.09,13.79,14.04,18.52,17.79,13.53,25.76
"2013-08-01 16:30:00",84016,0.117,0.129,0.177,19.27,18.87,17.2,15.18,13.81,14.04,18.42,17.73,13.53,24.81
"2013-08-01 16:45:00",84017,0.117,0.129,0.177,18.99,18.69,17.21,15.26,13.85,14.04,18.31,17.66,13.53,23.58
"2013-08-01 17:00:00",84018,0.117,0.129,0.177,18.7,18.52,17.2,15.33,13.9,14.05,18.19,17.57,13.53,22.22
"2013-08-01 17:15:00",84019,0.117,0.129,0.177,18.38,18.33,17.19,15.38,13.92,14.05,18.06,17.48,13.53,20.61
"2013-08-01 17:30:00",84020,0.117,0.129,0.177,18.07,18.15,17.15,15.44,13.96,14.05,17.91,17.37,13.53,18.95
"2013-08-01 17:45:00",84021,0.117,0.129,0.177,17.76,17.94,17.1,15.46,13.97,14.03,17.76,17.24,13.53,17.39
"2013-08-01 18:00:00",84022,0.117,0.129,0.177,17.46,17.72,17.07,15.49,14.01,14.02,17.59,17.1,13.53,16
"2013-08-01 18:15:00",84023,0.117,0.129,0.177,17.15,17.51,17,15.53,14.05,14.02,17.42,16.95,13.53,14.8
"2013-08-01 18:30:00",84024,0.117,0.129,0.177,16.87,17.3,16.92,15.52,14.1,14.03,17.24,16.8,13.53,13.82
"2013-08-01 18:45:00",84025,0.117,0.129,0.177,16.63,17.12,16.86,15.54,14.14,14.03,17.06,16.65,13.53,13.02
"2013-08-01 19:00:00",84026,0.117,0.129,0.177,16.44,16.94,16.77,15.55,14.18,14.03,16.9,16.5,13.53,12.39
"2013-08-01 19:15:00",84027,0.117,0.129,0.177,16.24,16.76,16.69,15.54,14.22,14.03,16.74,16.36,13.53,11.89
"2013-08-01 19:30:00",84028,0.117,0.129,0.177,16.04,16.59,16.61,15.54,14.24,14.03,16.59,16.22,13.53,11.33
"2013-08-01 19:45:00",84029,0.117,0.129,0.177,15.81,16.44,16.5,15.52,14.25,14.04,16.44,16.09,13.53,10.79
"2013-08-01 20:00:00",84030,0.117,0.129,0.177,15.56,16.26,16.42,15.51,14.29,14.03,16.28,15.95,13.53,10.27
"2013-08-01 20:15:00",84031,0.117,0.129,0.177,15.37,16.09,16.34,15.48,14.32,14.02,16.13,15.81,13.53,9.82
"2013-08-01 20:30:00",84032,0.117,0.129,0.177,15.2,15.94,16.24,15.46,14.33,14.02,15.97,15.67,13.53,9.5
"2013-08-01 20:45:00",84033,0.117,0.129,0.177,15.06,15.78,16.15,15.44,14.34,14.01,15.83,15.53,13.53,9.26
"2013-08-01 21:00:00",84034,0.117,0.129,0.177,14.92,15.64,16.07,15.42,14.36,14.02,15.7,15.41,13.53,9.06
"2013-08-01 21:15:00",84035,0.117,0.129,0.177,14.77,15.53,15.98,15.37,14.39,14.02,15.57,15.29,13.53,8.88
"2013-08-01 21:30:00",84036,0.117,0.129,0.177,14.64,15.37,15.89,15.34,14.4,14.02,15.45,15.18,13.53,8.7
"2013-08-01 21:45:00",84037,0.117,0.129,0.176,14.5,15.23,15.79,15.33,14.43,14.02,15.33,15.07,13.53,8.5
"2013-08-01 22:00:00",84038,0.117,0.129,0.176,14.32,15.12,15.71,15.27,14.42,14.02,15.22,14.96,13.53,8.28
"2013-08-01 22:15:00",84039,0.117,0.129,0.177,14.19,14.98,15.62,15.22,14.42,14.02,15.1,14.85,13.53,8.06
"2013-08-01 22:30:00",84040,0.117,0.129,0.177,14.08,14.87,15.54,15.18,14.41,14.02,14.99,14.75,13.53,7.905
"2013-08-01 22:45:00",84041,0.117,0.129,0.177,13.95,14.76,15.47,15.15,14.43,14.01,14.89,14.65,13.53,7.794
"2013-08-01 23:00:00",84042,0.117,0.129,0.177,13.83,14.65,15.37,15.11,14.43,14.02,14.78,14.55,13.53,7.618
"2013-08-01 23:15:00",84043,0.117,0.129,0.177,13.7,14.54,15.32,15.07,14.44,14.02,14.67,14.44,13.53,7.356
"2013-08-01 23:30:00",84044,0.117,0.129,0.177,13.53,14.41,15.24,15.05,14.45,14.02,14.56,14.34,13.53,7.114
"2013-08-01 23:45:00",84045,0.117,0.129,0.177,13.39,14.29,15.15,15,14.45,14.02,14.44,14.23,13.53,6.918
"2013-08-02 00:00:00",84046,0.117,0.129,0.177,13.26,14.18,15.04,14.95,14.45,14.03,14.33,14.12,13.53,6.721
"2013-08-02 00:15:00",84047,0.117,0.129,0.177,13.09,14.05,14.94,14.88,14.45,14.02,14.21,14.01,13.53,6.482
"2013-08-02 00:30:00",84048,0.117,0.129,0.177,12.95,13.94,14.85,14.87,14.44,14.02,14.1,13.9,13.53,6.242
"2013-08-02 00:45:00",84049,0.117,0.129,0.177,12.83,13.82,14.78,14.82,14.43,14.02,13.99,13.79,13.53,6.048
"2013-08-02 01:00:00",84050,0.117,0.129,0.177,12.71,13.71,14.7,14.77,14.42,14.02,13.88,13.68,13.53,5.851
"2013-08-02 01:15:00",84051,0.117,0.129,0.177,12.59,13.6,14.62,14.73,14.41,14.03,13.77,13.58,13.53,5.637
"2013-08-02 01:30:00",84052,0.117,0.129,0.177,12.46,13.49,14.53,14.67,14.41,14.03,13.67,13.47,13.53,5.397
"2013-08-02 01:45:00",84053,0.117,0.129,0.177,12.33,13.38,14.44,14.62,14.41,14.03,13.56,13.37,13.53,5.225
"2013-08-02 02:00:00",84054,0.117,0.129,0.177,12.22,13.27,14.37,14.59,14.41,14.03,13.45,13.27,13.53,5.074
"2013-08-02 02:15:00",84055,0.117,0.129,0.177,12.11,13.16,14.28,14.52,14.4,14.03,13.35,13.16,13.53,4.988
"2013-08-02 02:30:00",84056,0.117,0.129,0.176,12.02,13.06,14.19,14.48,14.4,14.04,13.25,13.07,13.53,4.945
"2013-08-02 02:45:00",84057,0.117,0.129,0.176,11.91,12.96,14.12,14.44,14.39,14.04,13.15,12.97,13.53,4.771
"2013-08-02 03:00:00",84058,0.117,0.129,0.177,11.77,12.85,14.04,14.38,14.37,14.04,13.06,12.88,13.53,4.643
"2013-08-02 03:15:00",84059,0.117,0.129,0.176,11.66,12.73,13.96,14.3,14.36,14.04,12.96,12.79,13.53,4.685
"2013-08-02 03:30:00",84060,0.117,0.129,0.176,11.6,12.63,13.9,14.24,14.35,14.04,12.87,12.7,13.53,4.902
"2013-08-02 03:45:00",84061,0.117,0.129,0.176,11.57,12.56,13.82,14.21,14.32,14.05,12.78,12.61,13.53,5.246
"2013-08-02 04:00:00",84062,0.117,0.129,0.176,11.55,12.52,13.75,14.16,14.3,14.05,12.72,12.55,13.53,5.637
"2013-08-02 04:15:00",84063,0.117,0.129,0.176,11.54,12.47,13.68,14.11,14.28,14.06,12.67,12.49,13.53,6.005
"2013-08-02 04:30:00",84064,0.117,0.129,0.176,11.54,12.43,13.61,14.06,14.27,14.06,12.63,12.45,13.53,6.308
"2013-08-02 04:45:00",84065,0.117,0.129,0.176,11.54,12.41,13.57,14.01,14.27,14.06,12.59,12.41,13.53,6.547
"2013-08-02 05:00:00",84066,0.117,0.129,0.176,11.53,12.37,13.5,13.97,14.26,14.08,12.56,12.38,13.53,6.656
"2013-08-02 05:15:00",84067,0.117,0.129,0.176,11.5,12.33,13.46,13.91,14.23,14.08,12.53,12.35,13.53,6.678
"2013-08-02 05:30:00",84068,0.117,0.129,0.176,11.49,12.31,13.41,13.85,14.21,14.07,12.5,12.32,13.53,6.656
"2013-08-02 05:45:00",84069,0.117,0.129,0.176,11.43,12.27,13.37,13.83,14.18,14.08,12.47,12.29,13.53,6.547
"2013-08-02 06:00:00",84070,0.117,0.129,0.176,11.38,12.21,13.34,13.78,14.17,14.08,12.42,12.25,13.53,6.416
"2013-08-02 06:15:00",84071,0.117,0.129,0.176,11.35,12.17,13.27,13.75,14.16,14.08,12.38,12.21,13.53,6.287
"2013-08-02 06:30:00",84072,0.117,0.129,0.176,11.26,12.13,13.24,13.7,14.14,14.08,12.33,12.16,13.53,6.068
"2013-08-02 06:45:00",84073,0.117,0.129,0.176,11.19,12.07,13.19,13.66,14.09,14.08,12.29,12.11,13.53,5.874
"2013-08-02 07:00:00",84074,0.117,0.129,0.176,11.13,12.03,13.15,13.62,14.05,14.08,12.23,12.06,13.53,5.851
"2013-08-02 07:15:00",84075,0.117,0.129,0.176,11.11,11.96,13.1,13.59,14.04,14.08,12.19,12.01,13.53,5.896
"2013-08-02 07:30:00",84076,0.117,0.129,0.176,11.11,11.94,13.08,13.55,14.03,14.08,12.14,11.97,13.53,6.068
"2013-08-02 07:45:00",84077,0.117,0.129,0.176,11.13,11.91,13.02,13.5,13.99,14.08,12.11,11.94,13.53,6.396
"2013-08-02 08:00:00",84078,0.117,0.129,0.176,11.19,11.91,13,13.47,13.98,14.09,12.1,11.92,13.53,6.721
"2013-08-02 08:15:00",84079,0.117,0.129,0.176,11.24,11.91,12.96,13.44,13.96,14.08,12.09,11.91,13.53,7.094
"2013-08-02 08:30:00",84080,0.117,0.129,0.176,11.33,11.93,12.91,13.4,13.94,14.08,12.11,11.92,13.53,7.532
"2013-08-02 08:45:00",84081,0.117,0.129,0.176,11.45,11.95,12.9,13.37,13.93,14.08,12.13,11.94,13.53,7.97
"2013-08-02 09:00:00",84082,0.117,0.129,0.176,11.62,12.02,12.89,13.35,13.92,14.09,12.18,11.98,13.53,8.44
"2013-08-02 09:15:00",84083,0.117,0.129,0.177,11.89,12.1,12.88,13.3,13.88,14.08,12.26,12.04,13.53,9.01
"2013-08-02 09:30:00",84084,0.117,0.129,0.176,12.11,12.22,12.88,13.27,13.86,14.08,12.36,12.13,13.53,9.57
"2013-08-02 09:45:00",84085,0.117,0.129,0.176,12.38,12.34,12.89,13.27,13.84,14.08,12.49,12.25,13.53,10.25
"2013-08-02 10:00:00",84086,0.117,0.129,0.176,12.85,12.52,12.91,13.24,13.83,14.08,12.65,12.39,13.54,11.11
"2013-08-02 10:15:00",84087,0.117,0.129,0.176,13.69,12.84,12.94,13.21,13.82,14.07,12.91,12.63,13.53,12.19
"2013-08-02 10:30:00",84088,0.117,0.129,0.176,14.58,13.28,13,13.22,13.79,14.09,13.32,13.03,13.53,13
"2013-08-02 10:45:00",84089,0.117,0.129,0.176,14.78,13.66,13.1,13.23,13.79,14.09,13.77,13.46,13.53,13.45
"2013-08-02 11:00:00",84090,0.117,0.129,0.176,14.97,13.92,13.22,13.23,13.77,14.09,14.13,13.77,13.53,13.9
"2013-08-02 11:15:00",84091,0.117,0.129,0.176,15.1,14.15,13.35,13.23,13.74,14.09,14.44,14.01,13.53,14.16
"2013-08-02 11:30:00",84092,0.117,0.129,0.176,15.5,14.35,13.47,13.25,13.71,14.09,14.69,14.25,13.53,14.73
"2013-08-02 11:45:00",84093,0.117,0.129,0.176,16.42,14.7,13.6,13.29,13.7,14.09,15.02,14.57,13.53,15.46
"2013-08-02 12:00:00",84094,0.117,0.129,0.176,17.27,15.17,13.74,13.34,13.7,14.09,15.38,14.97,13.53,16.24
"2013-08-02 12:15:00",84095,0.117,0.129,0.176,18.36,15.76,13.92,13.39,13.7,14.09,15.7,15.41,13.53,17.24
"2013-08-02 12:30:00",84096,0.117,0.129,0.176,19.38,16.4,14.12,13.44,13.67,14.09,16.09,15.88,13.53,18.07
"2013-08-02 12:45:00",84097,0.117,0.129,0.176,20.1,17.04,14.37,13.51,13.66,14.08,16.52,16.35,13.53,18.82
"2013-08-02 13:00:00",84098,0.117,0.129,0.176,20.42,17.55,14.64,13.57,13.65,14.07,16.93,16.78,13.53,19.52
"2013-08-02 13:15:00",84099,0.117,0.128,0.176,20.81,17.98,14.92,13.67,13.65,14.07,17.26,17.14,13.54,20.45
"2013-08-02 13:30:00",84100,0.117,0.128,0.175,21.23,18.39,15.24,13.77,13.64,14.07,17.51,17.41,13.53,21.34
"2013-08-02 13:45:00",84101,0.117,0.128,0.175,21.32,18.72,15.51,13.88,13.65,14.07,17.8,17.57,13.53,22.25
"2013-08-02 14:00:00",84102,0.117,0.128,0.175,21.45,18.97,15.76,14,13.66,14.06,18.12,17.67,13.54,23.21
"2013-08-02 14:15:00",84103,0.117,0.128,0.175,21.65,19.19,16,14.12,13.67,14.07,18.4,17.75,13.54,24.13
"2013-08-02 14:30:00",84104,0.117,0.128,0.175,21.91,19.43,16.23,14.24,13.67,14.08,18.62,17.8,13.53,24.66
"2013-08-02 14:45:00",84105,0.117,0.128,0.175,21.94,19.66,16.43,14.4,13.67,14.08,18.77,17.83,13.53,24.13
"2013-08-02 15:00:00",84106,0.116,0.128,0.175,21.42,19.73,16.63,14.53,13.68,14.07,18.83,17.84,13.53,23.47
"2013-08-02 15:15:00",84107,0.116,0.128,0.175,21.01,19.63,16.81,14.65,13.71,14.06,18.81,17.82,13.53,23.47
"2013-08-02 15:30:00",84108,0.116,0.128,0.175,20.69,19.52,16.95,14.77,13.73,14.06,18.77,17.8,13.53,23.58
"2013-08-02 15:45:00",84109,0.116,0.128,0.175,20.43,19.42,17.05,14.87,13.77,14.06,18.74,17.79,13.53,23.84
"2013-08-02 16:00:00",84110,0.116,0.128,0.175,20.21,19.33,17.14,14.99,13.77,14.06,18.7,17.79,13.53,23.96
"2013-08-02 16:15:00",84111,0.116,0.128,0.174,19.97,19.2,17.17,15.09,13.8,14.07,18.66,17.78,13.53,23.58
"2013-08-02 16:30:00",84112,0.116,0.127,0.175,19.64,19.07,17.23,15.18,13.83,14.06,18.61,17.76,13.53,23.01
"2013-08-02 16:45:00",84113,0.116,0.127,0.175,19.36,18.91,17.26,15.26,13.87,14.05,18.54,17.72,13.53,22.25
"2013-08-02 17:00:00",84114,0.116,0.127,0.174,19.08,18.76,17.28,15.32,13.88,14.05,18.44,17.67,13.54,21.29
"2013-08-02 17:15:00",84115,0.116,0.127,0.174,18.8,18.6,17.27,15.37,13.92,14.05,18.33,17.59,13.53,20.18
"2013-08-02 17:30:00",84116,0.116,0.127,0.174,18.48,18.42,17.25,15.44,13.96,14.05,18.2,17.5,13.53,19.1
"2013-08-02 17:45:00",84117,0.116,0.127,0.174,18.17,18.23,17.22,15.47,13.97,14.05,18.06,17.39,13.53,18.15
"2013-08-02 18:00:00",84118,0.116,0.127,0.174,17.9,18.03,17.16,15.52,14.02,14.03,17.9,17.27,13.53,17.34
"2013-08-02 18:15:00",84119,0.116,0.127,0.174,17.64,17.82,17.11,15.57,14.06,14.03,17.74,17.14,13.53,16.61
"2013-08-02 18:30:00",84120,0.115,0.127,0.174,17.43,17.64,17.06,15.57,14.11,14.03,17.59,17.02,13.53,16.04
"2013-08-02 18:45:00",84121,0.115,0.127,0.174,17.26,17.48,17,15.59,14.16,14.03,17.44,16.89,13.53,15.8
"2013-08-02 19:00:00",84122,0.115,0.127,0.174,17.07,17.33,16.93,15.59,14.18,14.04,17.31,16.78,13.53,15.51
"2013-08-02 19:15:00",84123,0.115,0.127,0.174,16.88,17.2,16.86,15.59,14.22,14.03,17.19,16.68,13.53,14.97
"2013-08-02 19:30:00",84124,0.115,0.127,0.174,16.71,17.05,16.8,15.59,14.25,14.04,17.07,16.57,13.53,14.4
"2013-08-02 19:45:00",84125,0.115,0.127,0.174,16.51,16.9,16.72,15.59,14.26,14.03,16.95,16.47,13.53,13.9
"2013-08-02 20:00:00",84126,0.115,0.127,0.174,16.35,16.77,16.64,15.59,14.28,14.04,16.82,16.36,13.53,13.49
"2013-08-02 20:15:00",84127,0.115,0.127,0.174,16.18,16.63,16.58,15.58,14.31,14.04,16.69,16.25,13.53,13
"2013-08-02 20:30:00",84128,0.115,0.127,0.174,15.99,16.5,16.51,15.55,14.35,14.05,16.57,16.13,13.53,12.49
"2013-08-02 20:45:00",84129,0.115,0.127,0.174,15.82,16.36,16.44,15.53,14.37,14.04,16.45,16.03,13.53,11.98
"2013-08-02 21:00:00",84130,0.115,0.127,0.174,15.64,16.22,16.36,15.51,14.38,14.04,16.32,15.91,13.53,11.56
"2013-08-02 21:15:00",84131,0.115,0.127,0.174,15.51,16.09,16.28,15.5,14.39,14.05,16.2,15.8,13.53,11.27
"2013-08-02 21:30:00",84132,0.115,0.127,0.174,15.39,15.97,16.21,15.48,14.42,14.05,16.08,15.7,13.53,10.93
"2013-08-02 21:45:00",84133,0.115,0.127,0.174,15.23,15.87,16.13,15.46,14.43,14.04,15.97,15.6,13.53,10.54
"2013-08-02 22:00:00",84134,0.115,0.127,0.174,15.08,15.73,16.06,15.42,14.45,14.03,15.86,15.5,13.53,10.18
"2013-08-02 22:15:00",84135,0.115,0.127,0.174,14.98,15.62,15.98,15.39,14.46,14.02,15.75,15.39,13.53,10.06
"2013-08-02 22:30:00",84136,0.115,0.127,0.174,14.87,15.52,15.91,15.35,14.46,14.02,15.65,15.3,13.53,9.93
"2013-08-02 22:45:00",84137,0.115,0.127,0.174,14.75,15.39,15.83,15.33,14.47,14.02,15.55,15.21,13.53,9.82
"2013-08-02 23:00:00",84138,0.115,0.127,0.174,14.65,15.27,15.75,15.3,14.48,14.02,15.45,15.11,13.53,9.82
"2013-08-02 23:15:00",84139,0.115,0.127,0.174,14.57,15.17,15.68,15.26,14.48,14.01,15.36,15.03,13.53,9.95
"2013-08-02 23:30:00",84140,0.115,0.127,0.174,14.5,15.11,15.62,15.23,14.48,14.02,15.28,14.95,13.53,10.13
"2013-08-02 23:45:00",84141,0.115,0.127,0.174,14.4,15.02,15.54,15.2,14.49,14.03,15.2,14.88,13.53,10.13
"2013-08-03 00:00:00",84142,0.115,0.127,0.174,14.34,14.95,15.5,15.16,14.48,14.03,15.13,14.82,13.53,10.18
"2013-08-03 00:15:00",84143,0.115,0.127,0.174,14.27,14.87,15.42,15.11,14.48,14.02,15.06,14.75,13.53,10.2
"2013-08-03 00:30:00",84144,0.115,0.127,0.174,14.2,14.82,15.39,15.09,14.48,14.02,15,14.69,13.53,10.2
"2013-08-03 00:45:00",84145,0.115,0.127,0.174,14.14,14.75,15.32,15.06,14.48,14.03,14.94,14.64,13.53,10.18
"2013-08-03 01:00:00",84146,0.115,0.127,0.174,14.07,14.68,15.27,15.03,14.48,14.02,14.88,14.58,13.53,10.04
"2013-08-03 01:15:00",84147,0.115,0.127,0.174,13.97,14.59,15.21,14.97,14.48,14.02,14.81,14.52,13.53,9.86
"2013-08-03 01:30:00",84148,0.115,0.127,0.174,13.84,14.52,15.15,14.95,14.48,14.02,14.73,14.45,13.53,9.59
"2013-08-03 01:45:00",84149,0.115,0.127,0.174,13.73,14.44,15.08,14.92,14.48,14.02,14.65,14.37,13.53,9.26
"2013-08-03 02:00:00",84150,0.115,0.127,0.174,13.62,14.35,14.98,14.88,14.49,14.02,14.57,14.29,13.53,9.01
"2013-08-03 02:15:00",84151,0.115,0.127,0.174,13.52,14.27,14.95,14.84,14.49,14.04,14.48,14.21,13.53,8.7
"2013-08-03 02:30:00",84152,0.115,0.127,0.174,13.4,14.18,14.88,14.81,14.48,14.04,14.39,14.13,13.53,8.33
"2013-08-03 02:45:00",84153,0.115,0.127,0.174,13.29,14.08,14.83,14.78,14.45,14.04,14.3,14.04,13.53,8.04
"2013-08-03 03:00:00",84154,0.115,0.127,0.174,13.16,13.97,14.75,14.77,14.45,14.05,14.21,13.95,13.53,7.862
"2013-08-03 03:15:00",84155,0.115,0.127,0.174,13.08,13.89,14.7,14.72,14.45,14.06,14.12,13.87,13.53,7.839
"2013-08-03 03:30:00",84156,0.115,0.127,0.174,13.03,13.82,14.62,14.67,14.44,14.06,14.05,13.79,13.53,7.817
"2013-08-03 03:45:00",84157,0.115,0.127,0.174,12.98,13.76,14.58,14.64,14.41,14.06,13.98,13.73,13.53,7.794
"2013-08-03 04:00:00",84158,0.115,0.127,0.174,12.92,13.71,14.52,14.62,14.41,14.07,13.91,13.66,13.53,7.774
"2013-08-03 04:15:00",84159,0.115,0.127,0.174,12.86,13.62,14.46,14.56,14.41,14.07,13.85,13.6,13.53,7.729
"2013-08-03 04:30:00",84160,0.115,0.127,0.174,12.76,13.57,14.4,14.51,14.41,14.07,13.79,13.54,13.53,7.618
"2013-08-03 04:45:00",84161,0.115,0.127,0.174,12.68,13.48,14.33,14.5,14.41,14.07,13.72,13.47,13.53,7.487
"2013-08-03 05:00:00",84162,0.115,0.127,0.174,12.61,13.43,14.29,14.47,14.4,14.08,13.65,13.41,13.53,7.356
"2013-08-03 05:15:00",84163,0.115,0.127,0.174,12.55,13.36,14.21,14.42,14.4,14.08,13.58,13.35,13.53,7.159
"2013-08-03 05:30:00",84164,0.115,0.127,0.174,12.46,13.3,14.18,14.4,14.37,14.08,13.52,13.29,13.53,6.897
"2013-08-03 05:45:00",84165,0.115,0.127,0.174,12.39,13.22,14.12,14.34,14.36,14.08,13.45,13.22,13.53,6.701
"2013-08-03 06:00:00",84166,0.115,0.127,0.174,12.32,13.15,14.06,14.26,14.34,14.09,13.38,13.16,13.53,6.482
"2013-08-03 06:15:00",84167,0.115,0.127,0.174,12.22,13.08,14.02,14.22,14.32,14.09,13.32,13.09,13.53,6.265
"2013-08-03 06:30:00",84168,0.115,0.127,0.174,12.13,13.01,13.95,14.2,14.31,14.09,13.24,13.02,13.53,5.982
"2013-08-03 06:45:00",84169,0.115,0.127,0.174,12.01,12.93,13.91,14.16,14.28,14.1,13.17,12.94,13.53,5.7
"2013-08-03 07:00:00",84170,0.115,0.127,0.174,11.92,12.81,13.85,14.13,14.27,14.1,13.09,12.87,13.53,5.463
"2013-08-03 07:15:00",84171,0.115,0.127,0.174,11.76,12.71,13.8,14.1,14.27,14.1,13,12.78,13.53,5.117
"2013-08-03 07:30:00",84172,0.115,0.127,0.174,11.66,12.62,13.73,14.05,14.26,14.1,12.91,12.7,13.53,4.859
"2013-08-03 07:45:00",84173,0.115,0.127,0.174,11.6,12.54,13.67,14,14.24,14.1,12.82,12.61,13.53,4.859
"2013-08-03 08:00:00",84174,0.115,0.127,0.174,11.62,12.49,13.61,13.95,14.23,14.1,12.75,12.54,13.53,5.182
"2013-08-03 08:15:00",84175,0.115,0.127,0.174,11.75,12.45,13.56,13.94,14.22,14.11,12.71,12.5,13.53,6.005
"2013-08-03 08:30:00",84176,0.115,0.127,0.174,12.04,12.5,13.49,13.88,14.19,14.12,12.72,12.5,13.53,7.29
"2013-08-03 08:45:00",84177,0.115,0.127,0.174,12.34,12.6,13.47,13.85,14.18,14.12,12.78,12.55,13.53,8.52
"2013-08-03 09:00:00",84178,0.115,0.127,0.174,12.62,12.73,13.44,13.81,14.17,14.11,12.89,12.65,13.53,9.64
"2013-08-03 09:15:00",84179,0.115,0.127,0.173,12.97,12.91,13.43,13.79,14.15,14.1,13.01,12.78,13.53,10.77
"2013-08-03 09:30:00",84180,0.115,0.127,0.173,13.55,13.13,13.44,13.76,14.12,14.1,13.15,12.96,13.54,11.96
"2013-08-03 09:45:00",84181,0.115,0.127,0.173,14.01,13.42,13.48,13.73,14.1,14.1,13.34,13.2,13.53,12.95
"2013-08-03 10:00:00",84182,0.115,0.127,0.173,14.53,13.71,13.54,13.72,14.07,14.1,13.57,13.5,13.53,13.87
"2013-08-03 10:15:00",84183,0.115,0.126,0.173,15.22,14.06,13.62,13.71,14.05,14.1,13.89,13.87,13.53,14.68
"2013-08-03 10:30:00",84184,0.115,0.127,0.173,15.94,14.45,13.72,13.71,14.02,14.1,14.33,14.29,13.53,15.36
"2013-08-03 10:45:00",84185,0.115,0.127,0.173,16.36,14.83,13.85,13.71,14.01,14.11,14.82,14.73,13.53,15.95
"2013-08-03 11:00:00",84186,0.115,0.127,0.173,16.49,15.14,14,13.73,13.99,14.12,15.34,15.07,13.53,16.36
"2013-08-03 11:15:00",84187,0.115,0.127,0.173,16.75,15.42,14.15,13.76,13.98,14.12,15.84,15.36,13.54,16.79
"2013-08-03 11:30:00",84188,0.115,0.126,0.173,17.18,15.7,14.31,13.79,13.96,14.12,16.3,15.72,13.53,17.21
"2013-08-03 11:45:00",84189,0.115,0.126,0.173,18.09,16.07,14.47,13.84,13.95,14.12,16.73,16.14,13.53,17.69
"2013-08-03 12:00:00",84190,0.115,0.126,0.173,18.94,16.57,14.65,13.89,13.95,14.12,17.13,16.57,13.53,18.25
"2013-08-03 12:15:00",84191,0.115,0.126,0.173,19.83,17.11,14.85,13.94,13.94,14.12,17.44,17.01,13.53,18.74
"2013-08-03 12:30:00",84192,0.115,0.126,0.172,20.62,17.68,15.1,14.04,13.93,14.12,17.76,17.41,13.53,19.05
"2013-08-03 12:45:00",84193,0.115,0.126,0.172,21.09,18.24,15.37,14.11,13.93,14.12,18.09,17.79,13.54,19.23
"2013-08-03 13:00:00",84194,0.115,0.126,0.172,21.38,18.66,15.62,14.18,13.93,14.11,18.39,18.11,13.54,19.49
"2013-08-03 13:15:00",84195,0.115,0.126,0.172,21.79,19.02,15.88,14.29,13.92,14.11,18.63,18.39,13.54,20.08
"2013-08-03 13:30:00",84196,0.114,0.126,0.172,22.16,19.4,16.14,14.43,13.92,14.11,18.8,18.59,13.53,20.64
"2013-08-03 13:45:00",84197,0.114,0.126,0.172,22.18,19.69,16.4,14.54,13.93,14.11,19.03,18.7,13.53,21.37
"2013-08-03 14:00:00",84198,0.114,0.126,0.172,22.3,19.91,16.64,14.68,13.94,14.11,19.31,18.74,13.53,21.86
"2013-08-03 14:15:00",84199,0.114,0.126,0.172,22.51,20.11,16.87,14.8,13.96,14.1,19.53,18.76,13.54,22.11
"2013-08-03 14:30:00",84200,0.114,0.125,0.172,22.74,20.31,17.07,14.92,13.97,14.1,19.69,18.76,13.54,22.31
"2013-08-03 14:45:00",84201,0.114,0.125,0.171,22.86,20.54,17.28,15.04,13.97,14.1,19.78,18.75,13.54,22.42
"2013-08-03 15:00:00",84202,0.114,0.125,0.171,22.74,20.7,17.47,15.17,13.98,14.1,19.81,18.71,13.54,22.61
"2013-08-03 15:15:00",84203,0.114,0.125,0.171,22.21,20.69,17.63,15.29,14.01,14.1,19.78,18.66,13.54,22.7
"2013-08-03 15:30:00",84204,0.114,0.125,0.171,21.64,20.55,17.78,15.4,14.05,14.1,19.72,18.61,13.54,22.56
"2013-08-03 15:45:00",84205,0.114,0.125,0.171,21.16,20.33,17.87,15.51,14.09,14.1,19.62,18.55,13.54,22.33
"2013-08-03 16:00:00",84206,0.114,0.125,0.171,20.73,20.11,17.93,15.64,14.13,14.09,19.52,18.48,13.54,22.08
"2013-08-03 16:15:00",84207,0.114,0.125,0.171,20.37,19.9,17.97,15.73,14.16,14.1,19.41,18.4,13.53,21.59
"2013-08-03 16:30:00",84208,0.113,0.125,0.171,20,19.7,17.99,15.83,14.22,14.09,19.3,18.32,13.53,20.91
"2013-08-03 16:45:00",84209,0.113,0.125,0.171,19.6,19.48,17.98,15.9,14.24,14.1,19.17,18.23,13.53,19.92
"2013-08-03 17:00:00",84210,0.113,0.125,0.171,19.27,19.25,17.95,15.95,14.27,14.1,19.02,18.11,13.53,18.92
"2013-08-03 17:15:00",84211,0.113,0.125,0.171,18.95,19.03,17.9,16.03,14.31,14.1,18.85,17.99,13.53,17.92
"2013-08-03 17:30:00",84212,0.113,0.125,0.171,18.64,18.81,17.85,16.05,14.33,14.1,18.68,17.86,13.53,17.06
"2013-08-03 17:45:00",84213,0.113,0.125,0.171,18.31,18.59,17.81,16.09,14.38,14.11,18.5,17.72,13.53,16.29
"2013-08-03 18:00:00",84214,0.113,0.124,0.171,18.03,18.38,17.72,16.11,14.41,14.1,18.33,17.57,13.53,15.7
"2013-08-03 18:15:00",84215,0.113,0.124,0.171,17.77,18.17,17.65,16.14,14.45,14.1,18.15,17.42,13.53,15.17
"2013-08-03 18:30:00",84216,0.113,0.124,0.171,17.54,17.95,17.57,16.15,14.48,14.09,17.98,17.28,13.53,14.73
"2013-08-03 18:45:00",84217,0.113,0.124,0.17,17.3,17.75,17.5,16.14,14.51,14.08,17.81,17.14,13.53,14.35
"2013-08-03 19:00:00",84218,0.113,0.124,0.17,17.08,17.57,17.4,16.12,14.53,14.08,17.66,17,13.53,14.13
"2013-08-03 19:15:00",84219,0.113,0.124,0.17,16.9,17.41,17.31,16.12,14.55,14.08,17.5,16.87,13.53,13.9
"2013-08-03 19:30:00",84220,0.113,0.124,0.17,16.72,17.25,17.21,16.11,14.6,14.09,17.36,16.75,13.53,13.61
"2013-08-03 19:45:00",84221,0.113,0.124,0.17,16.56,17.1,17.14,16.11,14.62,14.09,17.22,16.63,13.53,13.42
"2013-08-03 20:00:00",84222,0.113,0.124,0.17,16.43,16.96,17.03,16.09,14.64,14.09,17.09,16.52,13.53,13.26
"2013-08-03 20:15:00",84223,0.113,0.124,0.17,16.28,16.83,16.95,16.06,14.66,14.09,16.97,16.41,13.53,12.98
"2013-08-03 20:30:00",84224,0.113,0.124,0.17,16.12,16.69,16.87,16.02,14.7,14.09,16.85,16.31,13.53,12.7
"2013-08-03 20:45:00",84225,0.113,0.124,0.17,15.96,16.56,16.77,15.98,14.72,14.09,16.74,16.2,13.53,12.33
"2013-08-03 21:00:00",84226,0.113,0.124,0.17,15.81,16.44,16.69,15.97,14.74,14.09,16.62,16.1,13.53,12.02
"2013-08-03 21:15:00",84227,0.113,0.124,0.171,15.65,16.3,16.62,15.94,14.73,14.1,16.5,15.99,13.53,11.75
"2013-08-03 21:30:00",84228,0.113,0.124,0.17,15.51,16.18,16.52,15.9,14.75,14.09,16.39,15.89,13.53,11.4
"2013-08-03 21:45:00",84229,0.113,0.124,0.17,15.36,16.06,16.44,15.86,14.76,14.09,16.28,15.79,13.53,11.02
"2013-08-03 22:00:00",84230,0.113,0.124,0.17,15.22,15.94,16.37,15.84,14.76,14.1,16.16,15.68,13.53,10.58
"2013-08-03 22:15:00",84231,0.113,0.124,0.17,15.06,15.81,16.29,15.8,14.78,14.1,16.05,15.57,13.53,10.2
"2013-08-03 22:30:00",84232,0.113,0.124,0.17,14.93,15.69,16.21,15.73,14.78,14.1,15.93,15.47,13.53,9.91
"2013-08-03 22:45:00",84233,0.113,0.124,0.17,14.82,15.57,16.12,15.69,14.79,14.1,15.82,15.37,13.53,9.71
"2013-08-03 23:00:00",84234,0.113,0.124,0.17,14.7,15.47,16.04,15.64,14.8,14.11,15.72,15.27,13.53,9.57
"2013-08-03 23:15:00",84235,0.113,0.124,0.17,14.61,15.33,15.97,15.6,14.8,14.11,15.62,15.17,13.53,9.57
"2013-08-03 23:30:00",84236,0.113,0.124,0.17,14.5,15.23,15.89,15.57,14.8,14.11,15.53,15.08,13.53,9.57
"2013-08-03 23:45:00",84237,0.113,0.124,0.17,14.39,15.13,15.81,15.52,14.8,14.11,15.44,15,13.53,9.68
"2013-08-04 00:00:00",84238,0.113,0.124,0.17,14.34,15.04,15.74,15.47,14.81,14.11,15.35,14.92,13.53,9.84
"2013-08-04 00:15:00",84239,0.113,0.124,0.17,14.31,14.98,15.66,15.44,14.81,14.11,15.28,14.85,13.53,10
"2013-08-04 00:30:00",84240,0.113,0.124,0.17,14.25,14.92,15.6,15.39,14.8,14.11,15.22,14.79,13.53,10.11
"2013-08-04 00:45:00",84241,0.113,0.124,0.17,14.21,14.86,15.53,15.33,14.8,14.11,15.16,14.74,13.53,10.25
"2013-08-04 01:00:00",84242,0.113,0.124,0.17,14.2,14.82,15.48,15.33,14.79,14.13,15.11,14.69,13.53,10.34
"2013-08-04 01:15:00",84243,0.113,0.124,0.17,14.2,14.76,15.41,15.27,14.78,14.11,15.06,14.65,13.53,10.43
"2013-08-04 01:30:00",84244,0.113,0.124,0.17,14.13,14.74,15.38,15.24,14.77,14.12,15.02,14.62,13.53,10.45
"2013-08-04 01:45:00",84245,0.113,0.124,0.17,14.08,14.69,15.33,15.21,14.76,14.13,14.98,14.58,13.53,10.38
"2013-08-04 02:00:00",84246,0.113,0.124,0.17,13.99,14.62,15.28,15.16,14.76,14.13,14.93,14.53,13.53,10.27
"2013-08-04 02:15:00",84247,0.113,0.124,0.17,13.93,14.56,15.23,15.11,14.75,14.14,14.87,14.48,13.53,10.18
"2013-08-04 02:30:00",84248,0.113,0.124,0.17,13.88,14.49,15.17,15.09,14.73,14.15,14.81,14.43,13.53,10.16
"2013-08-04 02:45:00",84249,0.113,0.124,0.17,13.88,14.47,15.14,15.06,14.72,14.14,14.77,14.39,13.53,10.38
"2013-08-04 03:00:00",84250,0.113,0.124,0.17,13.92,14.44,15.05,15.01,14.72,14.15,14.74,14.36,13.53,10.9
"2013-08-04 03:15:00",84251,0.113,0.124,0.17,13.97,14.43,15,14.98,14.72,14.15,14.71,14.34,13.53,11.49
"2013-08-04 03:30:00",84252,0.113,0.124,0.17,14,14.42,14.97,14.96,14.72,14.15,14.7,14.34,13.53,11.91
"2013-08-04 03:45:00",84253,0.113,0.124,0.17,14.01,14.41,14.93,14.92,14.71,14.15,14.7,14.34,13.53,12.07
"2013-08-04 04:00:00",84254,0.113,0.124,0.17,14.01,14.4,14.9,14.88,14.7,14.15,14.7,14.34,13.53,12.16
"2013-08-04 04:15:00",84255,0.113,0.124,0.17,14,14.38,14.88,14.85,14.67,14.16,14.69,14.34,13.53,12.12
"2013-08-04 04:30:00",84256,0.113,0.124,0.17,13.97,14.38,14.86,14.85,14.66,14.16,14.68,14.33,13.53,11.93
"2013-08-04 04:45:00",84257,0.113,0.124,0.17,13.88,14.38,14.84,14.82,14.64,14.15,14.65,14.31,13.53,11.63
"2013-08-04 05:00:00",84258,0.113,0.124,0.17,13.83,14.32,14.8,14.8,14.62,14.17,14.62,14.29,13.53,11.27
"2013-08-04 05:15:00",84259,0.113,0.124,0.17,13.76,14.28,14.77,14.77,14.62,14.17,14.59,14.26,13.53,10.93
"2013-08-04 05:30:00",84260,0.113,0.124,0.17,13.7,14.24,14.76,14.75,14.6,14.17,14.55,14.22,13.53,10.61
"2013-08-04 05:45:00",84261,0.113,0.124,0.17,13.6,14.19,14.74,14.71,14.58,14.16,14.5,14.17,13.53,10.2
"2013-08-04 06:00:00",84262,0.113,0.124,0.17,13.48,14.11,14.7,14.68,14.58,14.15,14.44,14.12,13.53,9.75
"2013-08-04 06:15:00",84263,0.113,0.124,0.17,13.37,14.03,14.65,14.67,14.57,14.15,14.37,14.05,13.53,9.39
"2013-08-04 06:30:00",84264,0.113,0.124,0.17,13.28,13.95,14.61,14.65,14.57,14.15,14.3,13.98,13.53,9.1
"2013-08-04 06:45:00",84265,0.113,0.124,0.17,13.22,13.87,14.58,14.63,14.57,14.16,14.23,13.91,13.53,8.92
"2013-08-04 07:00:00",84266,0.113,0.124,0.17,13.14,13.83,14.53,14.6,14.55,14.16,14.16,13.85,13.53,8.88
"2013-08-04 07:15:00",84267,0.113,0.124,0.17,13.15,13.78,14.49,14.57,14.54,14.16,14.11,13.8,13.53,9.03
"2013-08-04 07:30:00",84268,0.113,0.124,0.17,13.2,13.74,14.47,14.54,14.54,14.17,14.07,13.76,13.53,9.17
"2013-08-04 07:45:00",84269,0.113,0.124,0.17,13.22,13.74,14.41,14.52,14.51,14.17,14.05,13.74,13.53,9.28
"2013-08-04 08:00:00",84270,0.113,0.124,0.17,13.25,13.74,14.37,14.49,14.49,14.18,14.04,13.73,13.53,9.48
"2013-08-04 08:15:00",84271,0.113,0.124,0.17,13.33,13.73,14.35,14.46,14.48,14.17,14.03,13.72,13.53,10.04
"2013-08-04 08:30:00",84272,0.113,0.124,0.17,13.52,13.76,14.32,14.43,14.48,14.18,14.05,13.74,13.54,10.88
"2013-08-04 08:45:00",84273,0.113,0.124,0.17,13.73,13.85,14.3,14.42,14.47,14.18,14.11,13.79,13.53,11.77
"2013-08-04 09:00:00",84274,0.113,0.124,0.17,13.94,13.97,14.29,14.39,14.46,14.18,14.2,13.87,13.53,12.53
"2013-08-04 09:15:00",84275,0.113,0.124,0.17,14.21,14.07,14.29,14.34,14.44,14.19,14.3,13.97,13.53,13.28
"2013-08-04 09:30:00",84276,0.113,0.124,0.17,14.68,14.25,14.3,14.34,14.42,14.19,14.43,14.11,13.53,14.25
"2013-08-04 09:45:00",84277,0.113,0.124,0.17,15.16,14.49,14.34,14.3,14.41,14.18,14.59,14.3,13.53,15.41
"2013-08-04 10:00:00",84278,0.113,0.124,0.17,15.68,14.78,14.4,14.29,14.4,14.2,14.82,14.56,13.53,16.24
"2013-08-04 10:15:00",84279,0.113,0.123,0.17,16.36,15.11,14.48,14.28,14.4,14.21,15.12,14.88,13.53,16.94
"2013-08-04 10:30:00",84280,0.113,0.123,0.17,17.02,15.51,14.58,14.28,14.39,14.2,15.53,15.28,13.53,17.41
"2013-08-04 10:45:00",84281,0.113,0.123,0.17,17.35,15.87,14.71,14.32,14.36,14.2,15.99,15.69,13.53,17.79
"2013-08-04 11:00:00",84282,0.113,0.123,0.169,17.6,16.16,14.84,14.36,14.36,14.21,16.46,16.01,13.53,18.12
"2013-08-04 11:15:00",84283,0.113,0.123,0.169,17.94,16.44,14.99,14.4,14.34,14.21,16.95,16.32,13.53,18.48
"2013-08-04 11:30:00",84284,0.113,0.123,0.169,18.35,16.73,15.19,14.43,14.33,14.21,17.42,16.7,13.53,18.82
"2013-08-04 11:45:00",84285,0.112,0.123,0.169,19.26,17.1,15.34,14.48,14.33,14.21,17.85,17.13,13.53,19.08
"2013-08-04 12:00:00",84286,0.112,0.123,0.169,20.12,17.59,15.51,14.54,14.34,14.21,18.25,17.58,13.54,19.47
"2013-08-04 12:15:00",84287,0.112,0.123,0.169,21.11,18.19,15.71,14.58,14.32,14.21,18.56,18.02,13.54,19.89
"2013-08-04 12:30:00",84288,0.112,0.123,0.169,22.04,18.81,15.94,14.69,14.31,14.2,18.9,18.45,13.53,20.21
"2013-08-04 12:45:00",84289,0.112,0.123,0.169,22.7,19.41,16.19,14.75,14.31,14.2,19.25,18.86,13.53,20.34
"2013-08-04 13:00:00",84290,0.112,0.123,0.169,22.9,19.89,16.48,14.83,14.31,14.2,19.58,19.22,13.53,20.53
"2013-08-04 13:15:00",84291,0.112,0.123,0.169,23.22,20.24,16.77,14.96,14.33,14.2,19.82,19.49,13.53,20.93
"2013-08-04 13:30:00",84292,0.112,0.123,0.168,23.34,20.61,17.03,15.07,14.33,14.21,19.98,19.68,13.53,21.37
"2013-08-04 13:45:00",84293,0.112,0.123,0.168,23.3,20.83,17.31,15.19,14.34,14.2,20.15,19.76,13.53,22.03
"2013-08-04 14:00:00",84294,0.112,0.122,0.168,23.42,21,17.54,15.32,14.34,14.2,20.38,19.79,13.54,22.9
"2013-08-04 14:15:00",84295,0.112,0.122,0.168,23.64,21.19,17.75,15.45,14.36,14.2,20.59,19.81,13.54,23.64
"2013-08-04 14:30:00",84296,0.112,0.122,0.168,23.88,21.39,17.95,15.58,14.37,14.19,20.73,19.8,13.53,23.81
"2013-08-04 14:45:00",84297,0.111,0.122,0.168,23.79,21.58,18.14,15.7,14.39,14.19,20.8,19.77,13.53,23.27
"2013-08-04 15:00:00",84298,0.111,0.122,0.168,23.28,21.62,18.31,15.86,14.41,14.19,20.8,19.72,13.53,22.45
"2013-08-04 15:15:00",84299,0.111,0.122,0.168,22.76,21.47,18.45,15.99,14.44,14.19,20.72,19.65,13.54,21.97
"2013-08-04 15:30:00",84300,0.111,0.122,0.168,22.17,21.27,18.57,16.11,14.47,14.19,20.62,19.55,13.53,20.99
"2013-08-04 15:45:00",84301,0.111,0.122,0.168,21.68,21.04,18.62,16.22,14.49,14.2,20.48,19.46,13.53,20.08
"2013-08-04 16:00:00",84302,0.111,0.122,0.168,21.22,20.79,18.67,16.31,14.53,14.2,20.32,19.34,13.53,19.26
"2013-08-04 16:15:00",84303,0.111,0.122,0.168,20.82,20.52,18.68,16.39,14.55,14.2,20.16,19.21,13.53,18.69
"2013-08-04 16:30:00",84304,0.111,0.122,0.167,20.48,20.28,18.67,16.45,14.59,14.21,19.99,19.08,13.53,18.3
"2013-08-04 16:45:00",84305,0.111,0.122,0.167,20.2,20.05,18.63,16.54,14.64,14.21,19.83,18.96,13.53,18.2
"2013-08-04 17:00:00",84306,0.111,0.122,0.167,19.92,19.85,18.58,16.57,14.68,14.21,19.68,18.84,13.53,17.95
"2013-08-04 17:15:00",84307,0.111,0.122,0.167,19.58,19.64,18.53,16.62,14.7,14.21,19.51,18.71,13.53,17.39
"2013-08-04 17:30:00",84308,0.111,0.122,0.167,19.24,19.44,18.47,16.65,14.75,14.22,19.35,18.57,13.53,16.64
"2013-08-04 17:45:00",84309,0.111,0.121,0.167,18.91,19.19,18.4,16.66,14.79,14.21,19.16,18.42,13.53,15.92
"2013-08-04 18:00:00",84310,0.111,0.121,0.167,18.61,18.97,18.32,16.67,14.81,14.21,18.98,18.26,13.53,15.39
"2013-08-04 18:15:00",84311,0.111,0.121,0.167,18.31,18.75,18.24,16.68,14.86,14.19,18.78,18.1,13.53,14.88
"2013-08-04 18:30:00",84312,0.111,0.121,0.167,18.06,18.54,18.15,16.7,14.89,14.18,18.61,17.94,13.53,14.44
"2013-08-04 18:45:00",84313,0.111,0.121,0.167,17.85,18.34,18.05,16.68,14.9,14.18,18.43,17.79,13.53,14.16
"2013-08-04 19:00:00",84314,0.111,0.121,0.167,17.64,18.16,17.94,16.67,14.95,14.18,18.27,17.65,13.53,13.9
"2013-08-04 19:15:00",84315,0.111,0.121,0.167,17.47,17.97,17.86,16.65,14.99,14.18,18.11,17.51,13.53,13.52
"2013-08-04 19:30:00",84316,0.111,0.121,0.167,17.25,17.79,17.77,16.64,15.03,14.19,17.95,17.37,13.53,13
"2013-08-04 19:45:00",84317,0.111,0.121,0.167,17.01,17.62,17.67,16.61,15.03,14.19,17.8,17.23,13.53,12.44
"2013-08-04 20:00:00",84318,0.111,0.121,0.167,16.81,17.45,17.58,16.59,15.05,14.19,17.65,17.1,13.53,11.93
"2013-08-04 20:15:00",84319,0.111,0.121,0.167,16.59,17.28,17.5,16.57,15.09,14.19,17.5,16.96,13.53,11.4
"2013-08-04 20:30:00",84320,0.111,0.121,0.167,16.37,17.11,17.39,16.52,15.11,14.2,17.34,16.81,13.53,10.86
"2013-08-04 20:45:00",84321,0.11,0.121,0.167,16.18,16.94,17.3,16.48,15.13,14.2,17.18,16.66,13.53,10.4
"2013-08-04 21:00:00",84322,0.11,0.121,0.167,15.97,16.76,17.19,16.46,15.14,14.2,17.02,16.52,13.53,10.06
"2013-08-04 21:15:00",84323,0.11,0.121,0.167,15.77,16.6,17.08,16.42,15.13,14.21,16.87,16.37,13.53,9.64
"2013-08-04 21:30:00",84324,0.11,0.121,0.167,15.55,16.43,16.96,16.37,15.14,14.2,16.72,16.23,13.53,9.24
"2013-08-04 21:45:00",84325,0.11,0.121,0.167,15.37,16.29,16.87,16.31,15.15,14.21,16.56,16.08,13.53,8.88
"2013-08-04 22:00:00",84326,0.11,0.121,0.167,15.22,16.13,16.77,16.28,15.15,14.22,16.41,15.94,13.53,8.61
"2013-08-04 22:15:00",84327,0.11,0.121,0.167,15.05,15.99,16.67,16.23,15.16,14.22,16.26,15.8,13.53,8.35
"2013-08-04 22:30:00",84328,0.11,0.121,0.167,14.91,15.84,16.56,16.18,15.16,14.23,16.12,15.67,13.53,8.21
"2013-08-04 22:45:00",84329,0.11,0.121,0.167,14.77,15.69,16.46,16.15,15.18,14.22,15.98,15.54,13.53,8.15
"2013-08-04 23:00:00",84330,0.11,0.121,0.167,14.67,15.57,16.36,16.07,15.18,14.23,15.86,15.42,13.53,8.17
"2013-08-04 23:15:00",84331,0.11,0.121,0.167,14.55,15.47,16.27,16.04,15.18,14.23,15.75,15.31,13.53,8.19
"2013-08-04 23:30:00",84332,0.11,0.121,0.167,14.41,15.31,16.17,15.97,15.17,14.23,15.64,15.2,13.53,8.15
"2013-08-04 23:45:00",84333,0.11,0.121,0.167,14.3,15.2,16.08,15.92,15.17,14.24,15.53,15.1,13.53,8.17
"2013-08-05 00:00:00",84334,0.111,0.121,0.167,14.23,15.1,16,15.88,15.16,14.24,15.42,15,13.53,8.21
"2013-08-05 00:15:00",84335,0.111,0.121,0.167,14.16,14.99,15.9,15.81,15.16,14.24,15.33,14.91,13.53,8.39
"2013-08-05 00:30:00",84336,0.111,0.121,0.167,14.09,14.93,15.82,15.77,15.15,14.23,15.24,14.83,13.53,8.59
"2013-08-05 00:45:00",84337,0.111,0.121,0.167,14.07,14.85,15.74,15.7,15.15,14.23,15.17,14.76,13.53,8.83
"2013-08-05 01:00:00",84338,0.11,0.121,0.167,14.03,14.8,15.66,15.63,15.14,14.25,15.1,14.69,13.53,9.06
"2013-08-05 01:15:00",84339,0.111,0.121,0.167,14,14.73,15.6,15.58,15.12,14.24,15.04,14.64,13.53,9.24
"2013-08-05 01:30:00",84340,0.111,0.121,0.167,13.98,14.7,15.53,15.55,15.11,14.25,14.99,14.59,13.53,9.46
"2013-08-05 01:45:00",84341,0.111,0.121,0.167,13.96,14.64,15.46,15.48,15.12,14.25,14.95,14.55,13.53,9.66
"2013-08-05 02:00:00",84342,0.111,0.121,0.167,13.93,14.58,15.4,15.43,15.12,14.25,14.91,14.52,13.53,9.84
"2013-08-05 02:15:00",84343,0.111,0.121,0.167,13.91,14.57,15.37,15.38,15.1,14.26,14.87,14.48,13.53,9.91
"2013-08-05 02:30:00",84344,0.111,0.121,0.167,13.88,14.52,15.31,15.33,15.09,14.25,14.84,14.46,13.53,9.84
"2013-08-05 02:45:00",84345,0.111,0.121,0.167,13.82,14.48,15.26,15.3,15.07,14.26,14.81,14.42,13.53,9.59
"2013-08-05 03:00:00",84346,0.111,0.121,0.167,13.75,14.45,15.23,15.26,15.05,14.27,14.77,14.38,13.53,9.26
"2013-08-05 03:15:00",84347,0.111,0.121,0.167,13.69,14.37,15.17,15.22,15.04,14.28,14.71,14.34,13.53,8.9
"2013-08-05 03:30:00",84348,0.11,0.121,0.167,13.59,14.32,15.14,15.19,15.01,14.3,14.65,14.28,13.53,8.5
"2013-08-05 03:45:00",84349,0.111,0.121,0.167,13.49,14.23,15.05,15.13,15,14.31,14.58,14.22,13.53,8.17
"2013-08-05 04:00:00",84350,0.11,0.121,0.167,13.39,14.18,14.98,15.09,14.97,14.31,14.51,14.15,13.53,7.882
"2013-08-05 04:15:00",84351,0.111,0.121,0.167,13.32,14.09,14.95,15.06,14.96,14.31,14.43,14.08,13.53,7.751
"2013-08-05 04:30:00",84352,0.111,0.121,0.167,13.25,14.03,14.88,15.05,14.94,14.32,14.36,14.01,13.53,7.686
"2013-08-05 04:45:00",84353,0.111,0.121,0.167,13.22,13.95,14.83,15,14.92,14.33,14.29,13.95,13.53,7.686
"2013-08-05 05:00:00",84354,0.111,0.121,0.167,13.15,13.91,14.77,14.97,14.91,14.33,14.24,13.9,13.53,7.706
"2013-08-05 05:15:00",84355,0.111,0.121,0.167,13.09,13.84,14.72,14.92,14.91,14.34,14.18,13.85,13.53,7.618
"2013-08-05 05:30:00",84356,0.111,0.121,0.167,13.05,13.82,14.68,14.87,14.89,14.35,14.14,13.8,13.53,7.444
"2013-08-05 05:45:00",84357,0.111,0.121,0.167,12.98,13.76,14.62,14.85,14.87,14.35,14.09,13.76,13.53,7.225
"2013-08-05 06:00:00",84358,0.111,0.121,0.167,12.88,13.71,14.59,14.81,14.83,14.34,14.03,13.71,13.53,6.963
"2013-08-05 06:15:00",84359,0.111,0.121,0.167,12.75,13.61,14.54,14.77,14.82,14.34,13.96,13.64,13.53,6.701
"2013-08-05 06:30:00",84360,0.111,0.121,0.167,12.64,13.55,14.47,14.75,14.79,14.34,13.88,13.57,13.53,6.482
"2013-08-05 06:45:00",84361,0.111,0.121,0.167,12.53,13.46,14.42,14.71,14.79,14.33,13.8,13.49,13.53,6.265
"2013-08-05 07:00:00",84362,0.111,0.121,0.167,12.44,13.37,14.37,14.66,14.78,14.32,13.72,13.4,13.53,6.113
"2013-08-05 07:15:00",84363,0.111,0.121,0.167,12.36,13.29,14.31,14.61,14.78,14.33,13.65,13.33,13.53,5.96
"2013-08-05 07:30:00",84364,0.111,0.121,0.167,12.3,13.21,14.24,14.59,14.75,14.33,13.58,13.25,13.53,5.874
"2013-08-05 07:45:00",84365,0.111,0.121,0.167,12.27,13.15,14.19,14.53,14.74,14.34,13.51,13.19,13.53,5.896
"2013-08-05 08:00:00",84366,0.111,0.121,0.167,12.27,13.09,14.14,14.5,14.7,14.35,13.46,13.13,13.53,6.177
"2013-08-05 08:15:00",84367,0.111,0.121,0.167,12.36,13.09,14.07,14.48,14.69,14.34,13.42,13.09,13.53,6.963
"2013-08-05 08:30:00",84368,0.111,0.121,0.167,12.56,13.09,14.04,14.42,14.67,14.36,13.42,13.08,13.53,8.44
"2013-08-05 08:45:00",84369,0.111,0.121,0.167,12.83,13.17,14,14.4,14.68,14.38,13.46,13.12,13.53,9.95
"2013-08-05 09:00:00",84370,0.111,0.121,0.167,13.12,13.3,13.98,14.33,14.64,14.38,13.54,13.21,13.53,11.22
"2013-08-05 09:15:00",84371,0.111,0.121,0.167,13.52,13.45,13.97,14.28,14.62,14.38,13.66,13.34,13.53,12.35
"2013-08-05 09:30:00",84372,0.111,0.121,0.166,14.02,13.65,13.98,14.24,14.61,14.38,13.79,13.53,13.53,13.33
"2013-08-05 09:45:00",84373,0.111,0.121,0.166,14.45,13.91,14.01,14.21,14.59,14.37,13.95,13.75,13.53,14.18
"2013-08-05 10:00:00",84374,0.111,0.121,0.166,14.98,14.2,14.07,14.22,14.56,14.37,14.16,14.03,13.53,14.88
"2013-08-05 10:15:00",84375,0.111,0.121,0.166,15.64,14.54,14.13,14.19,14.53,14.37,14.47,14.39,13.53,15.51
"2013-08-05 10:30:00",84376,0.111,0.121,0.166,16.34,14.91,14.22,14.18,14.54,14.36,14.89,14.8,13.53,16.04
"2013-08-05 10:45:00",84377,0.111,0.12,0.166,16.75,15.3,14.36,14.19,14.51,14.36,15.38,15.24,13.53,16.59
"2013-08-05 11:00:00",84378,0.111,0.12,0.166,17.03,15.64,14.5,14.22,14.5,14.36,15.85,15.59,13.54,17.14
"2013-08-05 11:15:00",84379,0.111,0.12,0.166,17.44,15.95,14.66,14.25,14.46,14.36,16.29,15.89,13.53,17.64
"2013-08-05 11:30:00",84380,0.111,0.12,0.166,17.85,16.25,14.81,14.26,14.45,14.36,16.73,16.27,13.53,18.15
"2013-08-05 11:45:00",84381,0.111,0.12,0.166,18.8,16.65,14.98,14.33,14.45,14.36,17.17,16.71,13.53,18.66
"2013-08-05 12:00:00",84382,0.11,0.12,0.166,19.7,17.17,15.21,14.41,14.45,14.36,17.59,17.17,13.53,19.1
"2013-08-05 12:15:00",84383,0.11,0.12,0.165,20.73,17.77,15.4,14.46,14.44,14.37,17.93,17.64,13.54,19.55
"2013-08-05 12:30:00",84384,0.11,0.12,0.165,21.7,18.43,15.65,14.53,14.42,14.38,18.3,18.08,13.54,20.08
"2013-08-05 12:45:00",84385,0.11,0.12,0.165,22.4,19.07,15.9,14.61,14.4,14.38,18.69,18.51,13.53,20.4
"2013-08-05 13:00:00",84386,0.11,0.12,0.165,22.61,19.56,16.2,14.71,14.4,14.39,19.04,18.89,13.53,20.56
"2013-08-05 13:15:00",84387,0.11,0.12,0.165,22.9,19.92,16.49,14.81,14.4,14.39,19.31,19.18,13.53,20.93
"2013-08-05 13:30:00",84388,0.11,0.12,0.165,23.19,20.28,16.78,14.94,14.4,14.39,19.5,19.38,13.53,21.34
"2013-08-05 13:45:00",84389,0.11,0.12,0.165,23.19,20.58,17.04,15.05,14.4,14.39,19.75,19.5,13.53,21.97
"2013-08-05 14:00:00",84390,0.11,0.12,0.165,23.31,20.81,17.31,15.18,14.41,14.39,20.04,19.53,13.54,22.64
"2013-08-05 14:15:00",84391,0.11,0.119,0.164,23.57,21.02,17.54,15.32,14.43,14.38,20.27,19.57,13.54,23.27
"2013-08-05 14:30:00",84392,0.11,0.119,0.164,23.86,21.26,17.75,15.45,14.43,14.38,20.44,19.58,13.54,24.13
"2013-08-05 14:45:00",84393,0.11,0.119,0.164,23.99,21.49,17.96,15.59,14.46,14.37,20.54,19.58,13.53,24.3
"2013-08-05 15:00:00",84394,0.11,0.119,0.164,23.91,21.65,18.15,15.71,14.48,14.37,20.6,19.56,13.53,24.16
"2013-08-05 15:15:00",84395,0.109,0.119,0.164,23.37,21.66,18.33,15.88,14.51,14.37,20.57,19.53,13.53,24.28
"2013-08-05 15:30:00",84396,0.109,0.119,0.164,22.79,21.52,18.49,16,14.51,14.38,20.5,19.49,13.53,24.04
"2013-08-05 15:45:00",84397,0.109,0.119,0.164,22.26,21.31,18.6,16.11,14.54,14.37,20.4,19.44,13.53,23.81
"2013-08-05 16:00:00",84398,0.109,0.119,0.164,21.86,21.1,18.66,16.23,14.58,14.37,20.29,19.37,13.53,23.72
"2013-08-05 16:15:00",84399,0.109,0.119,0.163,21.51,20.89,18.71,16.34,14.61,14.37,20.2,19.3,13.53,23.44
"2013-08-05 16:30:00",84400,0.109,0.119,0.163,21.15,20.7,18.73,16.42,14.63,14.37,20.1,19.23,13.53,22.95
"2013-08-05 16:45:00",84401,0.109,0.119,0.163,20.78,20.46,18.72,16.49,14.68,14.36,19.99,19.15,13.53,21.97
"2013-08-05 17:00:00",84402,0.109,0.119,0.163,20.44,20.24,18.71,16.56,14.71,14.37,19.85,19.05,13.53,20.8
"2013-08-05 17:15:00",84403,0.109,0.119,0.163,20.13,20.03,18.66,16.61,14.74,14.36,19.71,18.94,13.53,19.55
"2013-08-05 17:30:00",84404,0.109,0.119,0.163,19.79,19.81,18.61,16.67,14.8,14.35,19.55,18.82,13.53,18.46
"2013-08-05 17:45:00",84405,0.109,0.119,0.163,19.47,19.59,18.57,16.7,14.82,14.35,19.39,18.68,13.53,17.59
"2013-08-05 18:00:00",84406,0.109,0.118,0.163,19.16,19.39,18.5,16.71,14.87,14.36,19.22,18.54,13.53,16.81
"2013-08-05 18:15:00",84407,0.109,0.118,0.163,18.89,19.16,18.42,16.75,14.91,14.35,19.04,18.39,13.53,16.02
"2013-08-05 18:30:00",84408,0.109,0.118,0.163,18.62,18.96,18.35,16.76,14.93,14.36,18.88,18.24,13.53,15.46
"2013-08-05 18:45:00",84409,0.109,0.118,0.163,18.35,18.75,18.28,16.76,14.97,14.36,18.71,18.1,13.53,14.92
"2013-08-05 19:00:00",84410,0.109,0.118,0.163,18.12,18.56,18.18,16.74,15.02,14.35,18.55,17.95,13.53,14.37
"2013-08-05 19:15:00",84411,0.109,0.118,0.163,17.88,18.37,18.08,16.73,15.03,14.35,18.38,17.81,13.53,13.75
"2013-08-05 19:30:00",84412,0.108,0.118,0.163,17.63,18.18,18.01,16.72,15.06,14.35,18.22,17.66,13.53,13.12
"2013-08-05 19:45:00",84413,0.108,0.118,0.163,17.39,17.98,17.91,16.73,15.1,14.35,18.05,17.52,13.53,12.44
"2013-08-05 20:00:00",84414,0.108,0.118,0.163,17.15,17.77,17.8,16.72,15.13,14.35,17.89,17.36,13.53,11.79
"2013-08-05 20:15:00",84415,0.108,0.118,0.163,16.9,17.59,17.72,16.69,15.13,14.35,17.72,17.21,13.53,11.2
"2013-08-05 20:30:00",84416,0.108,0.118,0.163,16.68,17.4,17.61,16.65,15.14,14.36,17.55,17.05,13.53,10.65
"2013-08-05 20:45:00",84417,0.108,0.118,0.163,16.47,17.23,17.52,16.61,15.17,14.37,17.38,16.9,13.53,10.2
"2013-08-05 21:00:00",84418,0.108,0.118,0.163,16.28,17.05,17.43,16.56,15.19,14.36,17.22,16.75,13.53,9.71
"2013-08-05 21:15:00",84419,0.108,0.118,0.163,16.04,16.87,17.32,16.55,15.21,14.37,17.07,16.6,13.53,9.21
"2013-08-05 21:30:00",84420,0.108,0.118,0.163,15.8,16.69,17.22,16.51,15.23,14.37,16.9,16.44,13.53,8.83
"2013-08-05 21:45:00",84421,0.108,0.118,0.163,15.62,16.52,17.1,16.47,15.23,14.37,16.73,16.28,13.53,8.66
"2013-08-05 22:00:00",84422,0.108,0.118,0.163,15.48,16.37,16.99,16.44,15.24,14.37,16.58,16.13,13.53,8.5
"2013-08-05 22:15:00",84423,0.109,0.118,0.163,15.33,16.23,16.89,16.39,15.24,14.37,16.44,16,13.53,8.41
"2013-08-05 22:30:00",84424,0.109,0.118,0.163,15.23,16.08,16.78,16.34,15.25,14.37,16.31,15.87,13.53,8.55
"2013-08-05 22:45:00",84425,0.109,0.118,0.163,15.15,15.98,16.68,16.28,15.25,14.38,16.19,15.76,13.53,8.81
"2013-08-05 23:00:00",84426,0.109,0.118,0.163,15.13,15.89,16.58,16.23,15.25,14.38,16.09,15.67,13.53,9.3
"2013-08-05 23:15:00",84427,0.109,0.118,0.163,15.09,15.8,16.48,16.19,15.25,14.39,16.02,15.6,13.53,9.57
"2013-08-05 23:30:00",84428,0.109,0.118,0.163,15.02,15.74,16.4,16.13,15.24,14.39,15.95,15.53,13.53,9.79
"2013-08-05 23:45:00",84429,0.109,0.118,0.163,14.98,15.66,16.33,16.08,15.24,14.38,15.89,15.47,13.53,9.95
"2013-08-06 00:00:00",84430,0.109,0.118,0.163,14.92,15.6,16.26,16.03,15.24,14.39,15.83,15.42,13.53,10.04
"2013-08-06 00:15:00",84431,0.109,0.118,0.163,14.85,15.52,16.18,15.98,15.24,14.39,15.77,15.36,13.53,10.2
"2013-08-06 00:30:00",84432,0.109,0.118,0.163,14.82,15.47,16.11,15.94,15.24,14.39,15.71,15.31,13.53,10.36
"2013-08-06 00:45:00",84433,0.109,0.118,0.163,14.76,15.39,16.05,15.88,15.24,14.39,15.65,15.25,13.53,10.43
"2013-08-06 01:00:00",84434,0.109,0.118,0.163,14.7,15.3,16,15.84,15.24,14.39,15.6,15.2,13.53,10.38
"2013-08-06 01:15:00",84435,0.109,0.118,0.163,14.63,15.26,15.92,15.81,15.23,14.39,15.54,15.15,13.53,10.38
"2013-08-06 01:30:00",84436,0.109,0.118,0.163,14.57,15.18,15.88,15.72,15.23,14.39,15.49,15.1,13.53,10.34
"2013-08-06 01:45:00",84437,0.109,0.118,0.163,14.47,15.13,15.82,15.69,15.23,14.39,15.43,15.04,13.53,10.11
"2013-08-06 02:00:00",84438,0.109,0.118,0.163,14.34,15.05,15.76,15.64,15.22,14.39,15.37,14.99,13.53,9.77
"2013-08-06 02:15:00",84439,0.109,0.118,0.163,14.22,14.98,15.71,15.6,15.2,14.39,15.29,14.92,13.53,9.46
"2013-08-06 02:30:00",84440,0.109,0.118,0.163,14.14,14.88,15.64,15.56,15.19,14.39,15.21,14.84,13.53,9.17
"2013-08-06 02:45:00",84441,0.109,0.118,0.163,14.04,14.81,15.59,15.52,15.18,14.39,15.13,14.76,13.53,8.83
"2013-08-06 03:00:00",84442,0.109,0.118,0.163,13.92,14.71,15.53,15.47,15.16,14.4,15.05,14.68,13.53,8.52
"2013-08-06 03:15:00",84443,0.109,0.118,0.163,13.81,14.62,15.47,15.44,15.15,14.4,14.96,14.6,13.53,8.21
"2013-08-06 03:30:00",84444,0.109,0.118,0.163,13.72,14.54,15.4,15.41,15.15,14.4,14.87,14.52,13.53,8.02
"2013-08-06 03:45:00",84445,0.109,0.118,0.163,13.62,14.45,15.34,15.36,15.11,14.4,14.79,14.44,13.53,7.817
"2013-08-06 04:00:00",84446,0.109,0.118,0.163,13.53,14.36,15.29,15.33,15.11,14.41,14.7,14.36,13.53,7.598
"2013-08-06 04:15:00",84447,0.109,0.118,0.163,13.45,14.29,15.24,15.29,15.11,14.41,14.62,14.27,13.53,7.444
"2013-08-06 04:30:00",84448,0.109,0.118,0.163,13.37,14.21,15.17,15.24,15.08,14.42,14.54,14.2,13.53,7.268
"2013-08-06 04:45:00",84449,0.109,0.118,0.163,13.28,14.12,15.1,15.18,15.07,14.42,14.46,14.13,13.53,7.071
"2013-08-06 05:00:00",84450,0.109,0.118,0.163,13.15,14.03,15,15.15,15.06,14.44,14.38,14.05,13.53,6.875
"2013-08-06 05:15:00",84451,0.109,0.118,0.163,13.04,13.95,14.94,15.11,15.06,14.44,14.3,13.97,13.53,6.635
"2013-08-06 05:30:00",84452,0.109,0.118,0.163,12.92,13.85,14.87,15.06,15.06,14.44,14.21,13.88,13.53,6.396
"2013-08-06 05:45:00",84453,0.109,0.118,0.163,12.82,13.78,14.8,15.03,15.02,14.44,14.12,13.79,13.53,6.134
"2013-08-06 06:00:00",84454,0.109,0.118,0.163,12.69,13.68,14.73,14.98,15.01,14.44,14.03,13.71,13.53,5.917
