"TOA5","WTC02","CR1000","33264","CR1000.Std.19","CPU:WTCsensors_Ch2.CR1","39113","Table1"
"TIMESTAMP","RECORD","VW_Avg(1)","VW_Avg(2)","VW_Avg(3)","SoilTempProbe_Avg(1)","SoilTempProbe_Avg(2)","SoilTempProbe_Avg(3)","SoilTempProbe_Avg(4)","SoilTempProbe_Avg(5)","SoilTempProbe_Avg(6)","SoilTemp_Avg(1)","SoilTemp_Avg(2)","BattV_Min","PTemp"
"TS","RN","","","","Deg C","Deg C","Deg C","Deg C","Deg C","Deg C","Deg C","Deg C","Volts",""
"","","Avg","Avg","Avg","Avg","Avg","Avg","Avg","Avg","Avg","Avg","Avg","Min","Smp"
"2013-07-31 06:15:00",88480,0.11,0.117,0.184,14.79,14.86,14.69,14.61,14.57,14.15,15.34,15.24,13.26,16.39
"2013-07-31 06:30:00",88481,0.11,0.117,0.184,14.78,14.86,14.69,14.61,14.58,14.15,15.33,15.24,13.27,16.41
"2013-07-31 06:45:00",88482,0.11,0.117,0.184,14.77,14.85,14.69,14.61,14.57,14.16,15.33,15.23,13.27,16.44
"2013-07-31 07:00:00",88483,0.11,0.117,0.184,14.77,14.86,14.68,14.61,14.56,14.15,15.32,15.22,13.26,16.44
"2013-07-31 07:15:00",88484,0.11,0.117,0.184,14.76,14.85,14.68,14.59,14.57,14.17,15.32,15.22,13.26,16.46
"2013-07-31 07:30:00",88485,0.11,0.117,0.183,14.77,14.85,14.67,14.59,14.56,14.15,15.31,15.22,13.26,16.46
"2013-07-31 07:45:00",88486,0.11,0.117,0.184,14.8,14.85,14.66,14.58,14.57,14.16,15.31,15.21,13.26,16.54
"2013-07-31 08:00:00",88487,0.11,0.117,0.183,14.86,14.86,14.64,14.58,14.56,14.16,15.32,15.22,13.26,16.61
"2013-07-31 08:15:00",88488,0.11,0.117,0.183,14.92,14.88,14.65,14.59,14.55,14.16,15.33,15.23,13.26,16.69
"2013-07-31 08:30:00",88489,0.11,0.117,0.183,14.95,14.89,14.65,14.58,14.55,14.17,15.35,15.25,13.26,16.74
"2013-07-31 08:45:00",88490,0.109,0.117,0.183,15.05,14.93,14.64,14.58,14.56,14.17,15.38,15.27,13.26,16.96
"2013-07-31 09:00:00",88491,0.109,0.117,0.183,15.21,15,14.65,14.58,14.55,14.17,15.44,15.31,13.26,17.19
"2013-07-31 09:15:00",88492,0.109,0.117,0.183,15.32,15.07,14.67,14.58,14.54,14.17,15.52,15.37,13.25,17.44
"2013-07-31 09:30:00",88493,0.109,0.117,0.183,15.49,15.16,14.68,14.58,14.54,14.16,15.61,15.44,13.26,17.66
"2013-07-31 09:45:00",88494,0.109,0.117,0.183,15.72,15.28,14.7,14.58,14.54,14.16,15.72,15.53,13.25,17.99
"2013-07-31 10:00:00",88495,0.109,0.117,0.183,16.02,15.44,14.73,14.58,14.54,14.18,15.83,15.64,13.26,18.3
"2013-07-31 10:15:00",88496,0.109,0.117,0.183,16.19,15.58,14.76,14.58,14.54,14.16,15.97,15.79,13.26,18.51
"2013-07-31 10:30:00",88497,0.109,0.117,0.183,16.29,15.7,14.82,14.58,14.54,14.16,16.1,15.92,13.26,18.77
"2013-07-31 10:45:00",88498,0.109,0.117,0.183,16.44,15.84,14.87,14.58,14.53,14.17,16.23,16.03,13.26,19
"2013-07-31 11:00:00",88499,0.108,0.117,0.183,16.55,15.94,14.94,14.6,14.53,14.17,16.37,16.13,13.25,19.21
"2013-07-31 11:15:00",88500,0.109,0.117,0.183,16.64,16.05,15.01,14.61,14.54,14.17,16.49,16.22,13.25,19.39
"2013-07-31 11:30:00",88501,0.109,0.117,0.183,16.7,16.12,15.06,14.63,14.53,14.18,16.6,16.31,13.26,19.39
"2013-07-31 11:45:00",88502,0.109,0.117,0.183,16.67,16.18,15.12,14.65,14.54,14.17,16.69,16.38,13.26,19.28
"2013-07-31 12:00:00",88503,0.109,0.117,0.183,16.6,16.19,15.17,14.68,14.53,14.19,16.73,16.42,13.26,19.21
"2013-07-31 12:15:00",88504,0.108,0.117,0.183,16.63,16.19,15.26,14.7,14.54,14.19,16.74,16.43,13.26,19.34
"2013-07-31 12:30:00",88505,0.108,0.117,0.183,16.79,16.25,15.27,14.74,14.54,14.18,16.78,16.47,13.26,19.65
"2013-07-31 12:45:00",88506,0.108,0.117,0.183,16.92,16.33,15.32,14.76,14.54,14.18,16.88,16.54,13.26,19.76
"2013-07-31 13:00:00",88507,0.108,0.117,0.183,16.88,16.39,15.36,14.78,14.54,14.19,16.96,16.61,13.26,19.73
"2013-07-31 13:15:00",88508,0.108,0.116,0.183,16.85,16.4,15.4,14.81,14.55,14.19,17,16.65,13.26,19.7
"2013-07-31 13:30:00",88509,0.108,0.116,0.183,16.87,16.43,15.43,14.84,14.56,14.19,17.01,16.67,13.26,19.84
"2013-07-31 13:45:00",88510,0.108,0.116,0.183,16.97,16.46,15.47,14.86,14.57,14.18,17.05,16.7,13.25,20
"2013-07-31 14:00:00",88511,0.108,0.116,0.183,16.97,16.5,15.51,14.9,14.58,14.19,17.11,16.75,13.25,20.05
"2013-07-31 14:15:00",88512,0.108,0.116,0.183,16.91,16.53,15.52,14.94,14.57,14.19,17.13,16.78,13.25,19.89
"2013-07-31 14:30:00",88513,0.108,0.116,0.183,16.81,16.5,15.56,14.96,14.58,14.19,17.13,16.78,13.26,19.68
"2013-07-31 14:45:00",88514,0.108,0.116,0.183,16.71,16.46,15.58,15,14.59,14.18,17.1,16.76,13.26,19.49
"2013-07-31 15:00:00",88515,0.108,0.116,0.183,16.64,16.42,15.61,15.03,14.59,14.19,17.05,16.73,13.26,19.39
"2013-07-31 15:15:00",88516,0.108,0.116,0.182,16.58,16.38,15.62,15.05,14.6,14.2,17.01,16.7,13.25,19.28
"2013-07-31 15:30:00",88517,0.108,0.116,0.182,16.51,16.33,15.61,15.06,14.6,14.2,16.97,16.67,13.24,19.23
"2013-07-31 15:45:00",88518,0.108,0.116,0.182,16.48,16.3,15.62,15.08,14.63,14.19,16.93,16.64,13.24,19.15
"2013-07-31 16:00:00",88519,0.108,0.116,0.182,16.41,16.27,15.61,15.1,14.63,14.18,16.89,16.62,13.25,19.08
"2013-07-31 16:15:00",88520,0.108,0.116,0.182,16.36,16.23,15.61,15.12,14.64,14.2,16.86,16.59,13.25,18.95
"2013-07-31 16:30:00",88521,0.108,0.116,0.182,16.3,16.19,15.62,15.14,14.65,14.21,16.82,16.56,13.25,18.84
"2013-07-31 16:45:00",88522,0.108,0.116,0.182,16.23,16.16,15.61,15.14,14.67,14.21,16.77,16.53,13.24,18.74
"2013-07-31 17:00:00",88523,0.108,0.116,0.182,16.18,16.11,15.61,15.15,14.67,14.2,16.73,16.49,13.22,18.61
"2013-07-31 17:15:00",88524,0.108,0.116,0.182,16.11,16.06,15.58,15.16,14.67,14.2,16.69,16.45,13.22,18.46
"2013-07-31 17:30:00",88525,0.108,0.116,0.182,16.04,16.02,15.57,15.16,14.68,14.2,16.64,16.42,13.24,18.2
"2013-07-31 17:45:00",88526,0.108,0.116,0.182,15.94,15.95,15.55,15.15,14.69,14.2,16.59,16.37,13.25,17.79
"2013-07-31 18:00:00",88527,0.108,0.116,0.182,15.82,15.91,15.54,15.16,14.71,14.21,16.52,16.32,13.24,17.36
"2013-07-31 18:15:00",88528,0.108,0.116,0.182,15.71,15.84,15.52,15.16,14.7,14.2,16.45,16.26,13.23,16.86
"2013-07-31 18:30:00",88529,0.109,0.116,0.182,15.59,15.77,15.51,15.16,14.7,14.2,16.37,16.2,13.24,16.27
"2013-07-31 18:45:00",88530,0.108,0.116,0.182,15.46,15.66,15.48,15.16,14.7,14.21,16.28,16.12,13.25,15.6
"2013-07-31 19:00:00",88531,0.108,0.116,0.182,15.29,15.55,15.45,15.15,14.73,14.2,16.18,16.04,13.27,14.95
"2013-07-31 19:15:00",88532,0.108,0.116,0.182,15.14,15.43,15.41,15.14,14.73,14.21,16.06,15.94,13.25,14.42
"2013-07-31 19:30:00",88533,0.108,0.116,0.182,14.99,15.34,15.36,15.13,14.73,14.21,15.95,15.84,13.25,13.99
"2013-07-31 19:45:00",88534,0.109,0.116,0.182,14.86,15.23,15.34,15.14,14.74,14.21,15.83,15.74,13.25,13.61
"2013-07-31 20:00:00",88535,0.109,0.116,0.182,14.7,15.13,15.29,15.13,14.75,14.21,15.72,15.64,13.23,13.35
"2013-07-31 20:15:00",88536,0.109,0.116,0.182,14.59,15.03,15.23,15.11,14.76,14.18,15.61,15.55,13.24,13.09
"2013-07-31 20:30:00",88537,0.109,0.116,0.182,14.46,14.94,15.17,15.09,14.77,14.21,15.51,15.45,13.24,12.72
"2013-07-31 20:45:00",88538,0.109,0.116,0.182,14.34,14.84,15.1,15.07,14.78,14.21,15.4,15.36,13.22,12.53
"2013-07-31 21:00:00",88539,0.109,0.116,0.182,14.25,14.74,15.06,15.04,14.78,14.22,15.29,15.26,13.21,12.46
"2013-07-31 21:15:00",88540,0.109,0.116,0.182,14.17,14.66,14.99,15.03,14.78,14.21,15.2,15.18,13.22,12.37
"2013-07-31 21:30:00",88541,0.109,0.116,0.182,14.09,14.58,14.93,15,14.78,14.22,15.11,15.1,13.23,12.28
"2013-07-31 21:45:00",88542,0.109,0.116,0.182,14.02,14.51,14.88,14.97,14.78,14.21,15.03,15.02,13.24,12.26
"2013-07-31 22:00:00",88543,0.109,0.116,0.182,13.95,14.45,14.81,14.94,14.77,14.23,14.95,14.94,13.24,12.26
"2013-07-31 22:15:00",88544,0.109,0.116,0.182,13.91,14.37,14.78,14.9,14.77,14.22,14.88,14.88,13.24,12.33
"2013-07-31 22:30:00",88545,0.109,0.116,0.182,13.87,14.3,14.72,14.85,14.78,14.22,14.83,14.82,13.24,12.46
"2013-07-31 22:45:00",88546,0.109,0.116,0.182,13.85,14.25,14.68,14.82,14.78,14.22,14.78,14.78,13.25,12.63
"2013-07-31 23:00:00",88547,0.109,0.116,0.182,13.85,14.22,14.64,14.79,14.78,14.23,14.74,14.73,13.24,12.81
"2013-07-31 23:15:00",88548,0.109,0.116,0.182,13.84,14.21,14.6,14.77,14.77,14.22,14.7,14.7,13.24,12.98
"2013-07-31 23:30:00",88549,0.109,0.116,0.182,13.83,14.18,14.57,14.75,14.77,14.23,14.67,14.67,13.24,13.09
"2013-07-31 23:45:00",88550,0.109,0.116,0.182,13.81,14.15,14.52,14.72,14.76,14.23,14.64,14.64,13.24,13.14
"2013-08-01 00:00:00",88551,0.109,0.116,0.182,13.79,14.12,14.49,14.69,14.74,14.22,14.62,14.62,13.23,13.16
"2013-08-01 00:15:00",88552,0.109,0.116,0.182,13.78,14.11,14.45,14.66,14.74,14.22,14.59,14.59,13.23,13.19
"2013-08-01 00:30:00",88553,0.109,0.116,0.182,13.76,14.09,14.44,14.64,14.74,14.22,14.57,14.57,13.24,13.16
"2013-08-01 00:45:00",88554,0.109,0.116,0.182,13.73,14.05,14.41,14.63,14.73,14.23,14.53,14.54,13.24,13.12
"2013-08-01 01:00:00",88555,0.109,0.116,0.182,13.65,14.02,14.38,14.59,14.71,14.22,14.5,14.51,13.24,12.95
"2013-08-01 01:15:00",88556,0.109,0.116,0.182,13.58,13.99,14.36,14.58,14.7,14.23,14.46,14.47,13.24,12.67
"2013-08-01 01:30:00",88557,0.109,0.116,0.182,13.51,13.94,14.31,14.55,14.7,14.22,14.41,14.43,13.24,12.35
"2013-08-01 01:45:00",88558,0.109,0.116,0.182,13.41,13.87,14.3,14.54,14.69,14.23,14.35,14.38,13.25,11.93
"2013-08-01 02:00:00",88559,0.109,0.116,0.182,13.31,13.82,14.26,14.51,14.69,14.23,14.28,14.32,13.25,11.61
"2013-08-01 02:15:00",88560,0.109,0.116,0.182,13.23,13.73,14.22,14.48,14.69,14.24,14.2,14.25,13.25,11.31
"2013-08-01 02:30:00",88561,0.109,0.116,0.182,13.12,13.66,14.18,14.46,14.67,14.25,14.13,14.18,13.25,11.02
"2013-08-01 02:45:00",88562,0.109,0.116,0.182,13.02,13.59,14.11,14.45,14.67,14.23,14.05,14.1,13.22,10.77
"2013-08-01 03:00:00",88563,0.109,0.116,0.182,12.94,13.51,14.06,14.43,14.67,14.24,13.96,14.02,13.21,10.52
"2013-08-01 03:15:00",88564,0.109,0.116,0.182,12.84,13.44,14.05,14.41,14.65,14.24,13.88,13.95,13.2,10.27
"2013-08-01 03:30:00",88565,0.109,0.116,0.182,12.75,13.35,13.99,14.38,14.64,14.25,13.79,13.87,13.21,10
"2013-08-01 03:45:00",88566,0.109,0.116,0.182,12.63,13.28,13.94,14.35,14.64,14.25,13.71,13.79,13.23,9.73
"2013-08-01 04:00:00",88567,0.109,0.116,0.182,12.5,13.19,13.9,14.33,14.63,14.24,13.62,13.71,13.19,9.46
"2013-08-01 04:15:00",88568,0.109,0.116,0.182,12.39,13.12,13.84,14.31,14.62,14.26,13.53,13.63,13.19,9.15
"2013-08-01 04:30:00",88569,0.109,0.116,0.182,12.27,13.01,13.81,14.26,14.6,14.26,13.44,13.54,13.23,8.86
"2013-08-01 04:45:00",88570,0.109,0.116,0.182,12.17,12.9,13.75,14.23,14.6,14.26,13.34,13.46,13.28,8.68
"2013-08-01 05:00:00",88571,0.109,0.116,0.182,12.08,12.82,13.7,14.21,14.59,14.26,13.25,13.37,13.29,8.48
"2013-08-01 05:15:00",88572,0.109,0.116,0.182,11.98,12.73,13.65,14.18,14.57,14.25,13.16,13.29,13.3,8.37
"2013-08-01 05:30:00",88573,0.109,0.116,0.182,11.91,12.64,13.6,14.13,14.56,14.25,13.07,13.21,13.3,8.23
"2013-08-01 05:45:00",88574,0.109,0.116,0.182,11.81,12.58,13.54,14.1,14.54,14.25,12.99,13.13,13.3,8.08
"2013-08-01 06:00:00",88575,0.109,0.116,0.182,11.73,12.5,13.48,14.07,14.53,14.26,12.9,13.04,13.3,7.905
"2013-08-01 06:15:00",88576,0.109,0.116,0.182,11.63,12.42,13.42,14.03,14.52,14.26,12.82,12.96,13.3,7.706
"2013-08-01 06:30:00",88577,0.109,0.116,0.182,11.54,12.34,13.38,14,14.52,14.27,12.73,12.88,13.3,7.532
"2013-08-01 06:45:00",88578,0.109,0.116,0.182,11.45,12.26,13.32,13.97,14.5,14.27,12.65,12.8,13.29,7.356
"2013-08-01 07:00:00",88579,0.109,0.116,0.181,11.33,12.19,13.28,13.94,14.5,14.27,12.56,12.72,13.27,7.245
"2013-08-01 07:15:00",88580,0.109,0.116,0.182,11.26,12.11,13.2,13.89,14.47,14.26,12.48,12.64,13.28,7.225
"2013-08-01 07:30:00",88581,0.109,0.116,0.182,11.21,12.04,13.12,13.87,14.46,14.28,12.4,12.57,13.29,7.245
"2013-08-01 07:45:00",88582,0.109,0.116,0.182,11.18,11.98,13.06,13.81,14.44,14.27,12.33,12.5,13.29,7.356
"2013-08-01 08:00:00",88583,0.109,0.116,0.182,11.22,11.96,13.01,13.75,14.43,14.27,12.28,12.45,13.3,7.663
"2013-08-01 08:15:00",88584,0.109,0.116,0.182,11.31,11.96,12.96,13.72,14.41,14.29,12.26,12.42,13.3,8.13
"2013-08-01 08:30:00",88585,0.109,0.116,0.182,11.45,11.99,12.93,13.68,14.4,14.28,12.28,12.42,13.3,8.59
"2013-08-01 08:45:00",88586,0.109,0.116,0.182,11.6,12.03,12.88,13.65,14.39,14.28,12.32,12.45,13.29,9.17
"2013-08-01 09:00:00",88587,0.109,0.116,0.182,11.75,12.11,12.87,13.61,14.37,14.29,12.37,12.49,13.29,9.77
"2013-08-01 09:15:00",88588,0.109,0.116,0.182,11.96,12.19,12.85,13.58,14.37,14.29,12.44,12.55,13.31,10.54
"2013-08-01 09:30:00",88589,0.109,0.116,0.182,12.25,12.33,12.84,13.55,14.35,14.28,12.54,12.64,13.27,11.38
"2013-08-01 09:45:00",88590,0.109,0.116,0.181,12.61,12.51,12.85,13.5,14.32,14.28,12.69,12.77,13.28,12.26
"2013-08-01 10:00:00",88591,0.109,0.116,0.181,13,12.69,12.87,13.47,14.31,14.28,12.86,12.96,13.3,13.16
"2013-08-01 10:15:00",88592,0.109,0.116,0.181,13.46,12.97,12.89,13.47,14.3,14.3,13.08,13.27,13.29,14.11
"2013-08-01 10:30:00",88593,0.109,0.116,0.181,13.94,13.28,12.96,13.45,14.27,14.29,13.37,13.65,13.28,15.04
"2013-08-01 10:45:00",88594,0.109,0.116,0.181,14.64,13.65,13.03,13.45,14.26,14.27,13.83,14,13.29,15.95
"2013-08-01 11:00:00",88595,0.109,0.116,0.181,15.46,14.09,13.14,13.43,14.23,14.29,14.42,14.29,13.26,16.81
"2013-08-01 11:15:00",88596,0.108,0.116,0.181,16.26,14.63,13.28,13.45,14.22,14.29,15.03,14.54,13.25,17.62
"2013-08-01 11:30:00",88597,0.108,0.116,0.181,16.65,15.06,13.43,13.46,14.21,14.28,15.58,14.79,13.24,18.43
"2013-08-01 11:45:00",88598,0.108,0.116,0.181,16.91,15.4,13.6,13.51,14.2,14.29,16.12,15.06,13.24,19.23
"2013-08-01 12:00:00",88599,0.108,0.116,0.18,17.37,15.72,13.75,13.56,14.19,14.29,16.59,15.36,13.26,20.08
"2013-08-01 12:15:00",88600,0.108,0.116,0.181,18.06,16.15,13.93,13.6,14.16,14.29,16.98,15.67,13.29,20.8
"2013-08-01 12:30:00",88601,0.108,0.116,0.181,18.92,16.65,14.12,13.66,14.15,14.28,17.41,15.98,13.3,21.64
"2013-08-01 12:45:00",88602,0.107,0.116,0.18,19.74,17.21,14.36,13.73,14.16,14.29,17.84,16.28,13.29,22.64
"2013-08-01 13:00:00",88603,0.107,0.116,0.18,20.12,17.73,14.59,13.83,14.15,14.3,18.27,16.57,13.29,23.27
"2013-08-01 13:15:00",88604,0.107,0.116,0.18,20.01,18.03,14.82,13.92,14.13,14.27,18.62,16.8,13.25,23.64
"2013-08-01 13:30:00",88605,0.107,0.116,0.18,19.8,18.15,15.08,14,14.12,14.27,18.85,16.96,13.25,23.93
"2013-08-01 13:45:00",88606,0.107,0.115,0.18,19.71,18.2,15.32,14.1,14.14,14.26,19.09,17.06,13.24,24.54
"2013-08-01 14:00:00",88607,0.107,0.115,0.18,19.79,18.3,15.49,14.21,14.14,14.26,19.36,17.13,13.23,25.37
"2013-08-01 14:15:00",88608,0.107,0.115,0.18,19.8,18.37,15.65,14.31,14.14,14.28,19.58,17.18,13.23,26.5
"2013-08-01 14:30:00",88609,0.107,0.115,0.18,19.83,18.47,15.8,14.42,14.17,14.27,19.71,17.23,13.28,27.66
"2013-08-01 14:45:00",88610,0.107,0.115,0.18,19.92,18.55,15.91,14.53,14.17,14.27,19.73,17.25,13.28,28.76
"2013-08-01 15:00:00",88611,0.106,0.115,0.18,20.07,18.66,16.02,14.62,14.18,14.27,19.68,17.26,13.22,29.75
"2013-08-01 15:15:00",88612,0.106,0.115,0.179,19.88,18.71,16.13,14.68,14.18,14.27,19.58,17.26,13.21,30.6
"2013-08-01 15:30:00",88613,0.106,0.115,0.179,19.61,18.65,16.25,14.78,14.21,14.28,19.47,17.26,13.23,31.09
"2013-08-01 15:45:00",88614,0.106,0.115,0.179,19.35,18.57,16.33,14.89,14.22,14.25,19.35,17.26,13.28,30.12
"2013-08-01 16:00:00",88615,0.106,0.115,0.18,19.06,18.42,16.38,14.99,14.26,14.25,19.24,17.26,13.29,27.75
"2013-08-01 16:15:00",88616,0.106,0.115,0.179,18.78,18.27,16.44,15.07,14.28,14.24,19.11,17.25,13.29,25.79
"2013-08-01 16:30:00",88617,0.106,0.115,0.179,18.55,18.12,16.46,15.13,14.29,14.26,18.97,17.22,13.29,24.39
"2013-08-01 16:45:00",88618,0.106,0.115,0.179,18.32,17.97,16.47,15.2,14.33,14.25,18.82,17.18,13.29,23.27
"2013-08-01 17:00:00",88619,0.106,0.115,0.179,18.07,17.82,16.47,15.26,14.36,14.24,18.67,17.13,13.29,22.31
"2013-08-01 17:15:00",88620,0.106,0.115,0.179,17.86,17.68,16.45,15.31,14.37,14.25,18.51,17.07,13.26,21.29
"2013-08-01 17:30:00",88621,0.106,0.115,0.179,17.64,17.53,16.45,15.34,14.4,14.24,18.36,17,13.24,20.29
"2013-08-01 17:45:00",88622,0.107,0.115,0.179,17.4,17.36,16.41,15.38,14.42,14.24,18.19,16.92,13.26,19.28
"2013-08-01 18:00:00",88623,0.107,0.115,0.179,17.15,17.2,16.38,15.42,14.45,14.23,18.02,16.83,13.23,18.25
"2013-08-01 18:15:00",88624,0.107,0.115,0.179,16.89,17,16.33,15.44,14.49,14.23,17.85,16.73,13.21,17.31
"2013-08-01 18:30:00",88625,0.107,0.115,0.179,16.68,16.84,16.29,15.44,14.51,14.23,17.67,16.62,13.24,16.54
"2013-08-01 18:45:00",88626,0.107,0.115,0.179,16.47,16.69,16.24,15.46,14.54,14.23,17.49,16.52,13.29,15.92
"2013-08-01 19:00:00",88627,0.107,0.115,0.179,16.29,16.53,16.18,15.47,14.56,14.24,17.33,16.41,13.3,15.43
"2013-08-01 19:15:00",88628,0.107,0.115,0.179,16.12,16.39,16.09,15.47,14.59,14.23,17.17,16.3,13.3,14.95
"2013-08-01 19:30:00",88629,0.107,0.115,0.179,15.93,16.26,16.03,15.47,14.62,14.22,17.02,16.2,13.3,14.49
"2013-08-01 19:45:00",88630,0.107,0.115,0.179,15.73,16.11,15.97,15.46,14.64,14.22,16.86,16.1,13.3,13.87
"2013-08-01 20:00:00",88631,0.107,0.115,0.179,15.53,15.95,15.92,15.44,14.65,14.23,16.71,15.98,13.3,13.38
"2013-08-01 20:15:00",88632,0.107,0.115,0.179,15.36,15.82,15.86,15.42,14.66,14.24,16.55,15.87,13.28,12.95
"2013-08-01 20:30:00",88633,0.107,0.115,0.179,15.21,15.66,15.78,15.42,14.68,14.22,16.4,15.75,13.25,12.72
"2013-08-01 20:45:00",88634,0.107,0.115,0.179,15.08,15.52,15.71,15.4,14.7,14.22,16.25,15.65,13.25,12.53
"2013-08-01 21:00:00",88635,0.107,0.115,0.179,14.95,15.4,15.64,15.38,14.71,14.22,16.12,15.55,13.24,12.35
"2013-08-01 21:15:00",88636,0.107,0.115,0.179,14.8,15.28,15.56,15.35,14.72,14.21,15.99,15.45,13.23,12.21
"2013-08-01 21:30:00",88637,0.107,0.115,0.179,14.65,15.18,15.51,15.32,14.73,14.2,15.87,15.35,13.24,12.09
"2013-08-01 21:45:00",88638,0.107,0.115,0.179,14.54,15.07,15.42,15.29,14.75,14.22,15.75,15.26,13.25,11.93
"2013-08-01 22:00:00",88639,0.107,0.115,0.179,14.4,14.97,15.36,15.25,14.75,14.21,15.63,15.17,13.27,11.7
"2013-08-01 22:15:00",88640,0.107,0.115,0.179,14.28,14.86,15.29,15.23,14.77,14.21,15.52,15.08,13.3,11.54
"2013-08-01 22:30:00",88641,0.107,0.115,0.179,14.19,14.76,15.23,15.2,14.76,14.22,15.41,14.99,13.3,11.4
"2013-08-01 22:45:00",88642,0.107,0.115,0.179,14.08,14.66,15.14,15.16,14.77,14.19,15.3,14.9,13.3,11.29
"2013-08-01 23:00:00",88643,0.107,0.115,0.179,13.98,14.57,15.06,15.13,14.77,14.22,15.19,14.82,13.3,11.04
"2013-08-01 23:15:00",88644,0.107,0.115,0.179,13.84,14.47,14.99,15.1,14.78,14.21,15.08,14.73,13.31,10.74
"2013-08-01 23:30:00",88645,0.107,0.115,0.179,13.7,14.35,14.92,15.07,14.78,14.22,14.97,14.64,13.31,10.43
"2013-08-01 23:45:00",88646,0.107,0.115,0.179,13.55,14.22,14.85,15.03,14.78,14.22,14.85,14.54,13.31,10.16
"2013-08-02 00:00:00",88647,0.107,0.115,0.179,13.43,14.12,14.78,15,14.78,14.21,14.73,14.44,13.31,9.91
"2013-08-02 00:15:00",88648,0.107,0.115,0.179,13.32,14.01,14.72,14.95,14.79,14.22,14.62,14.35,13.31,9.64
"2013-08-02 00:30:00",88649,0.107,0.115,0.179,13.21,13.91,14.64,14.89,14.77,14.22,14.51,14.25,13.3,9.41
"2013-08-02 00:45:00",88650,0.107,0.115,0.179,13.09,13.8,14.59,14.82,14.77,14.22,14.4,14.16,13.3,9.21
"2013-08-02 01:00:00",88651,0.107,0.115,0.179,12.99,13.71,14.5,14.79,14.76,14.23,14.29,14.07,13.29,8.99
"2013-08-02 01:15:00",88652,0.107,0.115,0.179,12.87,13.61,14.45,14.76,14.77,14.23,14.18,13.98,13.27,8.79
"2013-08-02 01:30:00",88653,0.107,0.115,0.179,12.74,13.5,14.38,14.71,14.76,14.21,14.08,13.89,13.28,8.5
"2013-08-02 01:45:00",88654,0.107,0.115,0.179,12.62,13.41,14.3,14.67,14.76,14.24,13.97,13.79,13.27,8.33
"2013-08-02 02:00:00",88655,0.107,0.115,0.179,12.5,13.31,14.24,14.63,14.75,14.24,13.86,13.7,13.29,8.19
"2013-08-02 02:15:00",88656,0.107,0.115,0.179,12.39,13.21,14.14,14.59,14.74,14.24,13.76,13.61,13.28,8.08
"2013-08-02 02:30:00",88657,0.107,0.115,0.179,12.3,13.13,14.06,14.56,14.72,14.24,13.66,13.52,13.28,8.02
"2013-08-02 02:45:00",88658,0.108,0.115,0.179,12.2,13.04,14,14.52,14.74,14.26,13.57,13.44,13.28,7.839
"2013-08-02 03:00:00",88659,0.108,0.115,0.179,12.09,12.92,13.93,14.48,14.71,14.25,13.47,13.35,13.29,7.618
"2013-08-02 03:15:00",88660,0.108,0.115,0.179,11.99,12.83,13.87,14.43,14.7,14.25,13.38,13.27,13.29,7.532
"2013-08-02 03:30:00",88661,0.108,0.115,0.179,11.94,12.75,13.81,14.38,14.69,14.24,13.28,13.19,13.28,7.618
"2013-08-02 03:45:00",88662,0.108,0.115,0.179,11.89,12.69,13.75,14.35,14.68,14.25,13.2,13.11,13.28,7.817
"2013-08-02 04:00:00",88663,0.108,0.115,0.179,11.89,12.62,13.68,14.3,14.67,14.24,13.14,13.05,13.29,8.06
"2013-08-02 04:15:00",88664,0.108,0.115,0.179,11.87,12.58,13.63,14.26,14.66,14.26,13.08,13,13.29,8.3
"2013-08-02 04:30:00",88665,0.108,0.115,0.179,11.87,12.55,13.57,14.23,14.65,14.25,13.05,12.96,13.28,8.55
"2013-08-02 04:45:00",88666,0.108,0.115,0.179,11.87,12.54,13.53,14.16,14.63,14.26,13.01,12.93,13.28,8.75
"2013-08-02 05:00:00",88667,0.108,0.115,0.179,11.85,12.52,13.47,14.12,14.61,14.26,12.98,12.91,13.28,8.83
"2013-08-02 05:15:00",88668,0.108,0.115,0.179,11.84,12.49,13.43,14.08,14.6,14.29,12.95,12.88,13.27,8.86
"2013-08-02 05:30:00",88669,0.108,0.115,0.179,11.81,12.44,13.39,14.04,14.59,14.28,12.92,12.85,13.27,8.86
"2013-08-02 05:45:00",88670,0.108,0.115,0.179,11.78,12.43,13.35,14.02,14.56,14.26,12.88,12.82,13.27,8.81
"2013-08-02 06:00:00",88671,0.108,0.115,0.179,11.73,12.39,13.31,13.97,14.56,14.26,12.84,12.79,13.27,8.75
"2013-08-02 06:15:00",88672,0.108,0.115,0.179,11.68,12.34,13.28,13.93,14.54,14.27,12.8,12.75,13.27,8.66
"2013-08-02 06:30:00",88673,0.108,0.115,0.179,11.62,12.31,13.23,13.9,14.51,14.27,12.76,12.71,13.27,8.52
"2013-08-02 06:45:00",88674,0.108,0.115,0.179,11.57,12.25,13.2,13.87,14.5,14.28,12.7,12.67,13.27,8.35
"2013-08-02 07:00:00",88675,0.108,0.115,0.179,11.52,12.21,13.14,13.84,14.49,14.28,12.65,12.62,13.27,8.28
"2013-08-02 07:15:00",88676,0.108,0.115,0.179,11.49,12.16,13.08,13.79,14.47,14.27,12.61,12.58,13.27,8.33
"2013-08-02 07:30:00",88677,0.108,0.115,0.179,11.48,12.13,13.05,13.74,14.44,14.27,12.56,12.54,13.27,8.46
"2013-08-02 07:45:00",88678,0.108,0.115,0.179,11.5,12.11,13.01,13.71,14.42,14.26,12.54,12.51,13.27,8.68
"2013-08-02 08:00:00",88679,0.108,0.115,0.179,11.54,12.1,12.97,13.67,14.42,14.28,12.52,12.49,13.27,8.9
"2013-08-02 08:15:00",88680,0.108,0.115,0.179,11.59,12.11,12.94,13.65,14.39,14.27,12.52,12.48,13.28,9.21
"2013-08-02 08:30:00",88681,0.108,0.115,0.179,11.66,12.12,12.92,13.62,14.38,14.28,12.53,12.49,13.29,9.57
"2013-08-02 08:45:00",88682,0.108,0.115,0.179,11.77,12.17,12.9,13.59,14.37,14.28,12.56,12.5,13.29,9.95
"2013-08-02 09:00:00",88683,0.108,0.115,0.179,11.92,12.23,12.87,13.56,14.35,14.28,12.6,12.53,13.27,10.36
"2013-08-02 09:15:00",88684,0.108,0.115,0.179,12.13,12.32,12.86,13.54,14.33,14.29,12.68,12.59,13.27,10.88
"2013-08-02 09:30:00",88685,0.108,0.115,0.179,12.32,12.43,12.86,13.51,14.31,14.29,12.78,12.67,13.27,11.43
"2013-08-02 09:45:00",88686,0.108,0.115,0.179,12.57,12.55,12.86,13.47,14.3,14.27,12.91,12.76,13.28,12.02
"2013-08-02 10:00:00",88687,0.108,0.115,0.179,13,12.71,12.89,13.46,14.29,14.29,13.07,12.88,13.28,12.95
"2013-08-02 10:15:00",88688,0.108,0.115,0.179,13.61,13.01,12.92,13.47,14.26,14.28,13.28,13.06,13.27,13.99
"2013-08-02 10:30:00",88689,0.108,0.115,0.178,14.24,13.4,12.97,13.44,14.26,14.29,13.62,13.33,13.26,14.83
"2013-08-02 10:45:00",88690,0.107,0.115,0.178,14.61,13.75,13.04,13.44,14.23,14.29,14.04,13.62,13.26,15.34
"2013-08-02 11:00:00",88691,0.107,0.114,0.178,15.08,14.06,13.15,13.43,14.21,14.29,14.42,13.85,13.25,15.85
"2013-08-02 11:15:00",88692,0.107,0.114,0.178,15.33,14.35,13.29,13.45,14.2,14.28,14.77,14.05,13.21,16.24
"2013-08-02 11:30:00",88693,0.107,0.114,0.178,15.68,14.62,13.41,13.47,14.19,14.29,15.06,14.23,13.18,17.01
"2013-08-02 11:45:00",88694,0.107,0.115,0.178,16.12,14.9,13.54,13.48,14.19,14.29,15.44,14.46,13.17,17.84
"2013-08-02 12:00:00",88695,0.107,0.115,0.178,16.7,15.24,13.66,13.53,14.17,14.29,15.85,14.74,13.17,18.82
"2013-08-02 12:15:00",88696,0.107,0.114,0.178,17.63,15.7,13.79,13.58,14.16,14.29,16.24,15.05,13.22,19.97
"2013-08-02 12:30:00",88697,0.107,0.114,0.178,18.61,16.3,13.95,13.62,14.14,14.3,16.7,15.39,13.27,21.15
"2013-08-02 12:45:00",88698,0.106,0.114,0.178,19.49,16.89,14.16,13.66,14.13,14.29,17.19,15.73,13.3,22.31
"2013-08-02 13:00:00",88699,0.106,0.114,0.178,20,17.47,14.4,13.75,14.12,14.3,17.68,16.05,13.32,22.98
"2013-08-02 13:15:00",88700,0.106,0.114,0.178,19.9,17.82,14.65,13.84,14.12,14.3,18.1,16.33,13.32,23.27
"2013-08-02 13:30:00",88701,0.106,0.114,0.178,19.87,18,14.88,13.93,14.12,14.3,18.39,16.53,13.32,23.61
"2013-08-02 13:45:00",88702,0.106,0.114,0.178,20.02,18.15,15.12,14.02,14.11,14.29,18.71,16.68,13.31,24.04
"2013-08-02 14:00:00",88703,0.105,0.114,0.177,20.15,18.35,15.34,14.12,14.12,14.29,19.06,16.8,13.3,24.81
"2013-08-02 14:15:00",88704,0.105,0.114,0.177,20.36,18.56,15.52,14.23,14.12,14.29,19.34,16.9,13.25,25.83
"2013-08-02 14:30:00",88705,0.105,0.114,0.177,20.49,18.76,15.69,14.34,14.12,14.29,19.52,16.99,13.24,26.78
"2013-08-02 14:45:00",88706,0.105,0.114,0.177,20.5,18.88,15.85,14.44,14.14,14.28,19.59,17.06,13.24,26.31
"2013-08-02 15:00:00",88707,0.105,0.114,0.177,20.23,18.93,15.99,14.54,14.15,14.28,19.56,17.11,13.26,26.13
"2013-08-02 15:15:00",88708,0.105,0.114,0.177,20.07,18.88,16.12,14.62,14.17,14.29,19.47,17.13,13.25,26.81
"2013-08-02 15:30:00",88709,0.105,0.114,0.177,19.94,18.85,16.26,14.71,14.18,14.28,19.41,17.16,13.25,27.53
"2013-08-02 15:45:00",88710,0.105,0.114,0.177,19.81,18.81,16.35,14.81,14.19,14.29,19.35,17.22,13.26,27
"2013-08-02 16:00:00",88711,0.105,0.114,0.177,19.65,18.74,16.41,14.92,14.22,14.29,19.31,17.28,13.26,25.79
"2013-08-02 16:15:00",88712,0.105,0.114,0.177,19.39,18.65,16.47,15.03,14.24,14.27,19.25,17.32,13.26,24.87
"2013-08-02 16:30:00",88713,0.105,0.113,0.177,19.07,18.52,16.52,15.11,14.26,14.28,19.16,17.33,13.26,24.22
"2013-08-02 16:45:00",88714,0.105,0.113,0.177,18.83,18.34,16.55,15.17,14.28,14.27,19.04,17.31,13.26,23.67
"2013-08-02 17:00:00",88715,0.105,0.113,0.177,18.6,18.19,16.57,15.23,14.31,14.27,18.91,17.27,13.25,22.95
"2013-08-02 17:15:00",88716,0.105,0.113,0.177,18.35,18.05,16.56,15.29,14.34,14.25,18.77,17.23,13.21,22.19
"2013-08-02 17:30:00",88717,0.105,0.113,0.177,18.07,17.89,16.57,15.34,14.37,14.26,18.62,17.16,13.21,21.42
"2013-08-02 17:45:00",88718,0.105,0.113,0.177,17.82,17.71,16.55,15.39,14.38,14.26,18.46,17.09,13.19,20.74
"2013-08-02 18:00:00",88719,0.105,0.113,0.177,17.61,17.55,16.51,15.42,14.41,14.26,18.3,17,13.18,20.05
"2013-08-02 18:15:00",88720,0.105,0.113,0.177,17.41,17.38,16.47,15.46,14.43,14.25,18.14,16.91,13.17,19.44
"2013-08-02 18:30:00",88721,0.105,0.113,0.177,17.2,17.23,16.45,15.49,14.48,14.28,17.99,16.82,13.17,19
"2013-08-02 18:45:00",88722,0.105,0.113,0.177,17.02,17.07,16.39,15.5,14.51,14.23,17.84,16.73,13.18,18.79
"2013-08-02 19:00:00",88723,0.105,0.113,0.177,16.87,16.93,16.34,15.5,14.53,14.24,17.7,16.65,13.2,18.61
"2013-08-02 19:15:00",88724,0.106,0.113,0.177,16.72,16.81,16.3,15.51,14.56,14.24,17.58,16.58,13.21,18.25
"2013-08-02 19:30:00",88725,0.105,0.113,0.177,16.57,16.69,16.24,15.5,14.57,14.24,17.45,16.5,13.23,17.79
"2013-08-02 19:45:00",88726,0.105,0.113,0.177,16.41,16.58,16.18,15.51,14.61,14.25,17.33,16.42,13.25,17.34
"2013-08-02 20:00:00",88727,0.105,0.113,0.177,16.25,16.45,16.1,15.51,14.63,14.24,17.2,16.34,13.27,16.86
"2013-08-02 20:15:00",88728,0.105,0.113,0.177,16.09,16.33,16.06,15.5,14.66,14.23,17.07,16.25,13.28,16.41
"2013-08-02 20:30:00",88729,0.105,0.113,0.177,15.92,16.22,16,15.51,14.66,14.25,16.94,16.16,13.28,15.97
"2013-08-02 20:45:00",88730,0.105,0.113,0.177,15.76,16.09,15.94,15.48,14.69,14.24,16.81,16.07,13.28,15.51
"2013-08-02 21:00:00",88731,0.106,0.113,0.177,15.62,15.97,15.89,15.46,14.7,14.22,16.69,15.98,13.28,15.17
"2013-08-02 21:15:00",88732,0.106,0.113,0.177,15.52,15.86,15.83,15.45,14.7,14.23,16.57,15.89,13.27,15.02
"2013-08-02 21:30:00",88733,0.106,0.113,0.177,15.42,15.76,15.78,15.43,14.73,14.23,16.46,15.81,13.27,14.75
"2013-08-02 21:45:00",88734,0.106,0.113,0.177,15.29,15.64,15.72,15.4,14.74,14.23,16.35,15.74,13.27,14.35
"2013-08-02 22:00:00",88735,0.106,0.113,0.177,15.16,15.53,15.65,15.39,14.75,14.22,16.24,15.66,13.27,14.06
"2013-08-02 22:15:00",88736,0.106,0.113,0.177,15.05,15.43,15.6,15.36,14.77,14.23,16.13,15.57,13.27,13.87
"2013-08-02 22:30:00",88737,0.106,0.113,0.177,14.96,15.34,15.53,15.33,14.77,14.23,16.02,15.49,13.26,13.68
"2013-08-02 22:45:00",88738,0.106,0.113,0.177,14.84,15.25,15.48,15.31,14.78,14.24,15.92,15.41,13.2,13.49
"2013-08-02 23:00:00",88739,0.106,0.113,0.177,14.71,15.15,15.42,15.28,14.79,14.21,15.83,15.34,13.17,13.54
"2013-08-02 23:15:00",88740,0.106,0.113,0.177,14.64,15.09,15.36,15.24,14.79,14.22,15.73,15.26,13.17,13.59
"2013-08-02 23:30:00",88741,0.106,0.113,0.177,14.58,15.01,15.31,15.22,14.79,14.23,15.65,15.2,13.21,13.59
"2013-08-02 23:45:00",88742,0.106,0.113,0.177,14.5,14.94,15.25,15.2,14.79,14.23,15.57,15.14,13.21,13.54
"2013-08-03 00:00:00",88743,0.106,0.113,0.177,14.41,14.87,15.2,15.18,14.8,14.23,15.5,15.08,13.21,13.49
"2013-08-03 00:15:00",88744,0.106,0.113,0.177,14.37,14.79,15.11,15.15,14.8,14.22,15.42,15.02,13.2,13.42
"2013-08-03 00:30:00",88745,0.106,0.113,0.177,14.3,14.75,15.07,15.13,14.81,14.24,15.35,14.97,13.2,13.35
"2013-08-03 00:45:00",88746,0.106,0.113,0.177,14.23,14.69,15.02,15.09,14.8,14.23,15.29,14.92,13.19,13.26
"2013-08-03 01:00:00",88747,0.106,0.113,0.177,14.15,14.63,14.96,15.06,14.8,14.22,15.22,14.86,13.18,13.12
"2013-08-03 01:15:00",88748,0.106,0.113,0.177,14.08,14.56,14.9,15.03,14.8,14.21,15.15,14.81,13.2,12.91
"2013-08-03 01:30:00",88749,0.106,0.113,0.176,13.99,14.49,14.85,14.99,14.79,14.23,15.08,14.75,13.23,12.58
"2013-08-03 01:45:00",88750,0.106,0.113,0.176,13.89,14.41,14.79,14.96,14.8,14.24,15.01,14.69,13.26,12.21
"2013-08-03 02:00:00",88751,0.106,0.113,0.176,13.79,14.31,14.76,14.91,14.79,14.25,14.93,14.63,13.26,11.98
"2013-08-03 02:15:00",88752,0.106,0.113,0.176,13.7,14.22,14.71,14.85,14.79,14.23,14.84,14.56,13.26,11.63
"2013-08-03 02:30:00",88753,0.106,0.113,0.176,13.57,14.14,14.66,14.82,14.79,14.26,14.76,14.49,13.27,11.27
"2013-08-03 02:45:00",88754,0.106,0.113,0.176,13.47,14.05,14.61,14.78,14.79,14.23,14.67,14.41,13.27,10.97
"2013-08-03 03:00:00",88755,0.106,0.113,0.176,13.38,13.98,14.55,14.76,14.78,14.25,14.58,14.34,13.27,10.83
"2013-08-03 03:15:00",88756,0.106,0.113,0.176,13.31,13.9,14.5,14.73,14.77,14.25,14.5,14.27,13.27,10.9
"2013-08-03 03:30:00",88757,0.106,0.113,0.176,13.28,13.85,14.45,14.7,14.77,14.27,14.42,14.2,13.27,10.95
"2013-08-03 03:45:00",88758,0.106,0.113,0.176,13.24,13.78,14.41,14.68,14.76,14.25,14.36,14.15,13.27,10.95
"2013-08-03 04:00:00",88759,0.106,0.113,0.176,13.19,13.73,14.36,14.64,14.76,14.25,14.29,14.09,13.28,10.93
"2013-08-03 04:15:00",88760,0.106,0.113,0.176,13.11,13.67,14.31,14.61,14.74,14.27,14.23,14.04,13.28,10.83
"2013-08-03 04:30:00",88761,0.106,0.113,0.176,13.03,13.61,14.26,14.59,14.73,14.25,14.17,13.99,13.27,10.63
"2013-08-03 04:45:00",88762,0.106,0.113,0.176,12.96,13.56,14.21,14.56,14.72,14.27,14.1,13.93,13.27,10.49
"2013-08-03 05:00:00",88763,0.106,0.113,0.176,12.9,13.48,14.14,14.53,14.72,14.28,14.03,13.86,13.27,10.4
"2013-08-03 05:15:00",88764,0.106,0.113,0.176,12.84,13.43,14.08,14.49,14.71,14.28,13.96,13.81,13.27,10.31
"2013-08-03 05:30:00",88765,0.106,0.113,0.176,12.78,13.37,14.04,14.46,14.7,14.28,13.9,13.75,13.27,10.06
"2013-08-03 05:45:00",88766,0.106,0.113,0.176,12.72,13.31,14,14.43,14.7,14.27,13.83,13.69,13.27,9.91
"2013-08-03 06:00:00",88767,0.106,0.113,0.176,12.63,13.26,13.95,14.4,14.67,14.28,13.77,13.64,13.28,9.73
"2013-08-03 06:15:00",88768,0.106,0.113,0.176,12.53,13.19,13.89,14.38,14.67,14.28,13.7,13.58,13.28,9.57
"2013-08-03 06:30:00",88769,0.106,0.113,0.176,12.43,13.12,13.86,14.34,14.65,14.29,13.63,13.52,13.27,9.26
"2013-08-03 06:45:00",88770,0.106,0.113,0.176,12.32,13.05,13.8,14.3,14.65,14.27,13.56,13.45,13.26,8.9
"2013-08-03 07:00:00",88771,0.106,0.113,0.176,12.22,12.93,13.76,14.27,14.63,14.28,13.47,13.38,13.26,8.61
"2013-08-03 07:15:00",88772,0.106,0.113,0.176,12.11,12.85,13.71,14.23,14.62,14.28,13.39,13.31,13.26,8.23
"2013-08-03 07:30:00",88773,0.106,0.113,0.176,12.02,12.76,13.66,14.2,14.61,14.29,13.31,13.23,13.26,8.02
"2013-08-03 07:45:00",88774,0.106,0.113,0.176,11.96,12.69,13.63,14.17,14.59,14.27,13.22,13.15,13.26,8.1
"2013-08-03 08:00:00",88775,0.106,0.113,0.176,12.02,12.64,13.57,14.13,14.6,14.29,13.16,13.09,13.26,8.55
"2013-08-03 08:15:00",88776,0.106,0.113,0.176,12.18,12.64,13.52,14.1,14.58,14.29,13.13,13.06,13.26,9.46
"2013-08-03 08:30:00",88777,0.106,0.113,0.176,12.43,12.73,13.48,14.07,14.57,14.3,13.17,13.07,13.26,10.74
"2013-08-03 08:45:00",88778,0.106,0.113,0.176,12.74,12.85,13.46,14.02,14.55,14.3,13.25,13.13,13.26,11.91
"2013-08-03 09:00:00",88779,0.106,0.113,0.176,12.98,12.99,13.45,14,14.52,14.29,13.36,13.23,13.25,12.95
"2013-08-03 09:15:00",88780,0.106,0.113,0.176,13.23,13.16,13.44,13.97,14.52,14.3,13.48,13.33,13.21,13.97
"2013-08-03 09:30:00",88781,0.106,0.113,0.176,13.7,13.36,13.46,13.96,14.51,14.3,13.62,13.46,13.16,15.04
"2013-08-03 09:45:00",88782,0.105,0.113,0.176,14.23,13.64,13.48,13.93,14.5,14.3,13.81,13.63,13.15,15.9
"2013-08-03 10:00:00",88783,0.105,0.113,0.176,14.73,13.95,13.53,13.91,14.48,14.3,14.02,13.84,13.17,16.59
"2013-08-03 10:15:00",88784,0.105,0.113,0.176,15.15,14.26,13.6,13.9,14.46,14.31,14.28,14.09,13.17,17.24
"2013-08-03 10:30:00",88785,0.105,0.113,0.176,15.55,14.59,13.67,13.88,14.44,14.32,14.62,14.38,13.16,17.84
"2013-08-03 10:45:00",88786,0.105,0.113,0.175,16.11,14.93,13.78,13.91,14.43,14.3,15.09,14.67,13.14,18.4
"2013-08-03 11:00:00",88787,0.105,0.113,0.175,16.8,15.31,13.89,13.92,14.42,14.31,15.68,14.94,13.14,18.87
"2013-08-03 11:15:00",88788,0.105,0.113,0.175,17.52,15.77,14.03,13.95,14.4,14.31,16.29,15.19,13.15,19.34
"2013-08-03 11:30:00",88789,0.105,0.113,0.175,17.85,16.18,14.2,13.97,14.4,14.3,16.83,15.44,13.2,19.81
"2013-08-03 11:45:00",88790,0.104,0.113,0.175,18,16.46,14.38,14.01,14.39,14.31,17.35,15.72,13.22,20.4
"2013-08-03 12:00:00",88791,0.104,0.113,0.175,18.42,16.74,14.56,14.07,14.37,14.31,17.81,16.03,13.26,20.99
"2013-08-03 12:15:00",88792,0.104,0.112,0.175,19.09,17.13,14.72,14.12,14.36,14.31,18.17,16.36,13.31,21.59
"2013-08-03 12:30:00",88793,0.104,0.112,0.175,19.88,17.61,14.9,14.19,14.36,14.31,18.54,16.67,13.35,22.14
"2013-08-03 12:45:00",88794,0.104,0.112,0.175,20.53,18.1,15.12,14.27,14.36,14.3,18.92,16.97,13.37,22.7
"2013-08-03 13:00:00",88795,0.104,0.112,0.175,21,18.58,15.37,14.34,14.36,14.3,19.28,17.24,13.37,23.21
"2013-08-03 13:15:00",88796,0.104,0.112,0.174,20.86,18.88,15.58,14.42,14.36,14.31,19.58,17.46,13.38,23.55
"2013-08-03 13:30:00",88797,0.104,0.112,0.174,20.67,18.99,15.79,14.51,14.37,14.3,19.81,17.61,13.37,23.72
"2013-08-03 13:45:00",88798,0.104,0.112,0.174,20.67,19.05,15.97,14.6,14.37,14.32,20.06,17.7,13.37,24.1
"2013-08-03 14:00:00",88799,0.103,0.112,0.174,20.8,19.17,16.15,14.71,14.37,14.31,20.34,17.76,13.37,24.81
"2013-08-03 14:15:00",88800,0.103,0.112,0.174,20.76,19.27,16.32,14.81,14.38,14.33,20.56,17.8,13.37,25.49
"2013-08-03 14:30:00",88801,0.103,0.112,0.174,20.77,19.34,16.46,14.94,14.38,14.32,20.69,17.83,13.37,26.1
"2013-08-03 14:45:00",88802,0.103,0.112,0.174,20.99,19.41,16.59,15.06,14.4,14.33,20.69,17.85,13.37,26.62
"2013-08-03 15:00:00",88803,0.103,0.112,0.174,21.25,19.56,16.7,15.16,14.42,14.31,20.61,17.85,13.37,27.12
"2013-08-03 15:15:00",88804,0.103,0.112,0.174,21.03,19.64,16.81,15.26,14.43,14.31,20.5,17.86,13.37,27.59
"2013-08-03 15:30:00",88805,0.103,0.112,0.174,20.69,19.6,16.91,15.34,14.47,14.29,20.37,17.86,13.36,27.85
"2013-08-03 15:45:00",88806,0.103,0.112,0.173,20.35,19.49,17,15.43,14.49,14.3,20.24,17.86,13.36,26.47
"2013-08-03 16:00:00",88807,0.103,0.112,0.173,20.03,19.35,17.06,15.51,14.51,14.3,20.11,17.85,13.36,24.78
"2013-08-03 16:15:00",88808,0.103,0.112,0.173,19.67,19.18,17.1,15.58,14.54,14.3,19.96,17.83,13.36,23.5
"2013-08-03 16:30:00",88809,0.103,0.112,0.173,19.32,18.97,17.14,15.66,14.56,14.3,19.78,17.79,13.36,22.56
"2013-08-03 16:45:00",88810,0.103,0.111,0.173,19.02,18.78,17.15,15.72,14.59,14.3,19.6,17.72,13.36,21.78
"2013-08-03 17:00:00",88811,0.103,0.111,0.173,18.75,18.59,17.14,15.77,14.62,14.29,19.42,17.64,13.37,20.99
"2013-08-03 17:15:00",88812,0.103,0.111,0.173,18.47,18.36,17.1,15.82,14.66,14.3,19.23,17.56,13.37,20.13
"2013-08-03 17:30:00",88813,0.103,0.111,0.173,18.19,18.16,17.04,15.86,14.68,14.3,19.05,17.47,13.37,19.44
"2013-08-03 17:45:00",88814,0.103,0.111,0.173,17.93,17.99,17.03,15.9,14.72,14.29,18.86,17.37,13.36,18.82
"2013-08-03 18:00:00",88815,0.103,0.111,0.173,17.7,17.8,16.98,15.92,14.73,14.28,18.67,17.26,13.36,18.3
"2013-08-03 18:15:00",88816,0.103,0.111,0.173,17.48,17.62,16.93,15.93,14.77,14.28,18.49,17.16,13.36,17.84
"2013-08-03 18:30:00",88817,0.103,0.111,0.173,17.28,17.45,16.87,15.95,14.8,14.29,18.31,17.05,13.36,17.44
"2013-08-03 18:45:00",88818,0.103,0.111,0.174,17.06,17.29,16.79,15.94,14.83,14.29,18.14,16.94,13.36,17.06
"2013-08-03 19:00:00",88819,0.103,0.111,0.174,16.87,17.13,16.74,15.95,14.85,14.29,17.97,16.83,13.37,16.84
"2013-08-03 19:15:00",88820,0.103,0.111,0.173,16.72,16.96,16.67,15.94,14.88,14.29,17.82,16.73,13.37,16.61
"2013-08-03 19:30:00",88821,0.103,0.111,0.173,16.56,16.83,16.61,15.94,14.91,14.3,17.68,16.64,13.37,16.36
"2013-08-03 19:45:00",88822,0.103,0.111,0.173,16.42,16.71,16.54,15.94,14.93,14.3,17.53,16.55,13.37,16.22
"2013-08-03 20:00:00",88823,0.103,0.111,0.173,16.31,16.6,16.47,15.92,14.95,14.3,17.4,16.46,13.37,16.07
"2013-08-03 20:15:00",88824,0.103,0.111,0.173,16.17,16.48,16.4,15.91,14.97,14.3,17.28,16.38,13.37,15.82
"2013-08-03 20:30:00",88825,0.103,0.111,0.173,16.04,16.36,16.33,15.88,14.97,14.29,17.16,16.31,13.37,15.55
"2013-08-03 20:45:00",88826,0.104,0.111,0.173,15.88,16.25,16.28,15.85,14.99,14.28,17.05,16.23,13.36,15.24
"2013-08-03 21:00:00",88827,0.104,0.111,0.173,15.73,16.15,16.2,15.83,15,14.28,16.93,16.14,13.35,14.92
"2013-08-03 21:15:00",88828,0.104,0.111,0.173,15.61,16.03,16.11,15.8,15.02,14.29,16.81,16.06,13.35,14.71
"2013-08-03 21:30:00",88829,0.104,0.111,0.173,15.5,15.93,16.04,15.78,15.03,14.28,16.7,15.98,13.34,14.44
"2013-08-03 21:45:00",88830,0.104,0.111,0.173,15.38,15.83,15.98,15.74,15.04,14.31,16.58,15.9,13.35,14.16
"2013-08-03 22:00:00",88831,0.104,0.111,0.173,15.26,15.7,15.93,15.71,15.06,14.29,16.47,15.81,13.35,13.87
"2013-08-03 22:15:00",88832,0.104,0.111,0.173,15.13,15.58,15.87,15.69,15.05,14.28,16.35,15.73,13.3,13.56
"2013-08-03 22:30:00",88833,0.104,0.111,0.173,15,15.48,15.8,15.66,15.07,14.3,16.24,15.64,13.23,13.35
"2013-08-03 22:45:00",88834,0.104,0.111,0.173,14.91,15.38,15.75,15.65,15.07,14.31,16.13,15.56,13.22,13.26
"2013-08-03 23:00:00",88835,0.104,0.111,0.173,14.78,15.29,15.67,15.59,15.07,14.33,16.03,15.48,13.22,13.16
"2013-08-03 23:15:00",88836,0.104,0.111,0.173,14.68,15.19,15.61,15.56,15.08,14.29,15.92,15.4,13.23,13.07
"2013-08-03 23:30:00",88837,0.104,0.111,0.173,14.59,15.11,15.55,15.52,15.08,14.31,15.83,15.33,13.23,12.95
"2013-08-03 23:45:00",88838,0.104,0.111,0.173,14.54,15.04,15.49,15.48,15.07,14.3,15.75,15.26,13.21,13
"2013-08-04 00:00:00",88839,0.104,0.111,0.173,14.5,14.98,15.42,15.44,15.08,14.29,15.68,15.21,13.17,13.09
"2013-08-04 00:15:00",88840,0.104,0.111,0.173,14.46,14.94,15.37,15.42,15.08,14.3,15.61,15.15,13.2,13.23
"2013-08-04 00:30:00",88841,0.104,0.111,0.173,14.41,14.88,15.31,15.38,15.07,14.31,15.55,15.11,13.22,13.35
"2013-08-04 00:45:00",88842,0.104,0.111,0.173,14.4,14.82,15.27,15.35,15.07,14.31,15.49,15.07,13.25,13.42
"2013-08-04 01:00:00",88843,0.104,0.111,0.173,14.35,14.79,15.21,15.32,15.07,14.31,15.44,15.03,13.24,13.52
"2013-08-04 01:15:00",88844,0.104,0.111,0.173,14.32,14.75,15.15,15.28,15.07,14.32,15.39,14.99,13.25,13.61
"2013-08-04 01:30:00",88845,0.104,0.111,0.173,14.29,14.71,15.09,15.25,15.07,14.32,15.34,14.96,13.26,13.59
"2013-08-04 01:45:00",88846,0.104,0.111,0.173,14.24,14.68,15.06,15.22,15.07,14.31,15.3,14.92,13.26,13.49
"2013-08-04 02:00:00",88847,0.104,0.111,0.173,14.17,14.62,15.02,15.18,15.06,14.32,15.25,14.88,13.28,13.3
"2013-08-04 02:15:00",88848,0.104,0.111,0.173,14.11,14.55,14.96,15.17,15.05,14.3,15.2,14.84,13.26,13.21
"2013-08-04 02:30:00",88849,0.104,0.111,0.173,14.06,14.52,14.92,15.14,15.05,14.33,15.14,14.8,13.25,13.26
"2013-08-04 02:45:00",88850,0.104,0.111,0.173,14.05,14.48,14.88,15.09,15.05,14.32,15.09,14.76,13.26,13.56
"2013-08-04 03:00:00",88851,0.104,0.111,0.173,14.07,14.46,14.84,15.08,15.03,14.33,15.05,14.73,13.26,13.99
"2013-08-04 03:15:00",88852,0.104,0.111,0.173,14.11,14.45,14.8,15.05,15.04,14.33,15.03,14.71,13.26,14.37
"2013-08-04 03:30:00",88853,0.104,0.111,0.173,14.12,14.43,14.77,15.01,15.02,14.32,15.03,14.71,13.24,14.64
"2013-08-04 03:45:00",88854,0.104,0.111,0.173,14.12,14.44,14.74,14.98,15.01,14.32,15.02,14.71,13.25,14.83
"2013-08-04 04:00:00",88855,0.104,0.111,0.173,14.13,14.44,14.71,14.93,14.99,14.32,15.01,14.71,13.27,14.92
"2013-08-04 04:15:00",88856,0.104,0.111,0.173,14.13,14.43,14.69,14.9,14.98,14.34,15,14.71,13.28,14.95
"2013-08-04 04:30:00",88857,0.104,0.111,0.173,14.1,14.42,14.67,14.87,14.98,14.34,14.99,14.7,13.28,14.8
"2013-08-04 04:45:00",88858,0.104,0.111,0.173,14.06,14.4,14.65,14.82,14.96,14.35,14.97,14.69,13.28,14.54
"2013-08-04 05:00:00",88859,0.104,0.111,0.173,13.99,14.33,14.63,14.81,14.96,14.35,14.94,14.67,13.28,14.25
"2013-08-04 05:15:00",88860,0.104,0.111,0.173,13.93,14.29,14.6,14.78,14.95,14.35,14.9,14.64,13.28,13.97
"2013-08-04 05:30:00",88861,0.104,0.111,0.173,13.87,14.24,14.58,14.78,14.96,14.35,14.86,14.6,13.28,13.68
"2013-08-04 05:45:00",88862,0.104,0.111,0.173,13.82,14.2,14.56,14.74,14.94,14.35,14.81,14.57,13.29,13.26
"2013-08-04 06:00:00",88863,0.104,0.111,0.173,13.7,14.13,14.52,14.73,14.92,14.35,14.76,14.52,13.29,12.81
"2013-08-04 06:15:00",88864,0.104,0.111,0.173,13.6,14.07,14.5,14.7,14.91,14.35,14.69,14.47,13.28,12.46
"2013-08-04 06:30:00",88865,0.104,0.111,0.173,13.51,14.02,14.46,14.69,14.9,14.34,14.63,14.42,13.28,12.21
"2013-08-04 06:45:00",88866,0.104,0.111,0.173,13.45,13.94,14.42,14.67,14.88,14.35,14.56,14.36,13.29,12.07
"2013-08-04 07:00:00",88867,0.104,0.111,0.173,13.39,13.89,14.39,14.63,14.88,14.35,14.5,14.31,13.31,12.19
"2013-08-04 07:15:00",88868,0.104,0.111,0.173,13.41,13.84,14.35,14.61,14.88,14.35,14.44,14.26,13.3,12.44
"2013-08-04 07:30:00",88869,0.104,0.111,0.173,13.43,13.83,14.31,14.61,14.86,14.35,14.41,14.23,13.3,12.65
"2013-08-04 07:45:00",88870,0.104,0.111,0.173,13.45,13.83,14.29,14.57,14.85,14.36,14.39,14.21,13.29,12.81
"2013-08-04 08:00:00",88871,0.104,0.111,0.173,13.47,13.83,14.26,14.57,14.85,14.36,14.38,14.2,13.29,13.14
"2013-08-04 08:15:00",88872,0.104,0.111,0.173,13.62,13.85,14.22,14.54,14.82,14.36,14.38,14.19,13.3,13.68
"2013-08-04 08:30:00",88873,0.104,0.111,0.173,13.83,13.91,14.21,14.53,14.82,14.37,14.42,14.22,13.29,14.25
"2013-08-04 08:45:00",88874,0.104,0.111,0.173,13.99,14.01,14.19,14.51,14.8,14.35,14.49,14.28,13.26,14.75
"2013-08-04 09:00:00",88875,0.104,0.111,0.173,14.15,14.09,14.19,14.48,14.79,14.37,14.58,14.34,13.22,15.21
"2013-08-04 09:15:00",88876,0.104,0.111,0.173,14.38,14.2,14.2,14.46,14.79,14.37,14.69,14.42,13.2,15.82
"2013-08-04 09:30:00",88877,0.104,0.111,0.172,14.81,14.39,14.22,14.45,14.78,14.38,14.81,14.52,13.21,16.71
"2013-08-04 09:45:00",88878,0.103,0.111,0.172,15.34,14.66,14.25,14.44,14.77,14.38,14.97,14.67,13.26,17.69
"2013-08-04 10:00:00",88879,0.103,0.111,0.173,15.78,14.95,14.29,14.44,14.76,14.4,15.19,14.86,13.29,18.35
"2013-08-04 10:15:00",88880,0.103,0.111,0.172,16.21,15.22,14.36,14.42,14.73,14.38,15.45,15.1,13.29,19
"2013-08-04 10:30:00",88881,0.103,0.111,0.172,16.63,15.53,14.45,14.43,14.73,14.38,15.8,15.38,13.3,19.49
"2013-08-04 10:45:00",88882,0.103,0.111,0.172,17.11,15.88,14.55,14.44,14.73,14.39,16.24,15.66,13.31,20.05
"2013-08-04 11:00:00",88883,0.103,0.111,0.172,17.82,16.24,14.66,14.47,14.72,14.41,16.78,15.91,13.31,20.4
"2013-08-04 11:15:00",88884,0.103,0.111,0.172,18.53,16.67,14.79,14.48,14.7,14.39,17.39,16.16,13.31,20.74
"2013-08-04 11:30:00",88885,0.102,0.111,0.172,18.86,17.1,14.95,14.52,14.7,14.39,17.93,16.42,13.31,21.07
"2013-08-04 11:45:00",88886,0.102,0.111,0.172,19.01,17.4,15.14,14.56,14.7,14.39,18.46,16.72,13.33,21.45
"2013-08-04 12:00:00",88887,0.102,0.11,0.172,19.49,17.69,15.33,14.6,14.68,14.38,18.92,17.04,13.33,21.89
"2013-08-04 12:15:00",88888,0.102,0.11,0.172,20.26,18.09,15.5,14.66,14.68,14.39,19.28,17.37,13.33,22.45
"2013-08-04 12:30:00",88889,0.102,0.11,0.172,21.15,18.63,15.69,14.73,14.68,14.4,19.67,17.7,13.31,22.98
"2013-08-04 12:45:00",88890,0.102,0.11,0.172,22.02,19.21,15.89,14.8,14.67,14.39,20.08,18.02,13.29,23.52
"2013-08-04 13:00:00",88891,0.102,0.11,0.171,22.38,19.72,16.1,14.9,14.68,14.4,20.5,18.3,13.32,23.84
"2013-08-04 13:15:00",88892,0.102,0.11,0.171,22.14,20,16.36,15.03,14.69,14.4,20.83,18.51,13.31,23.93
"2013-08-04 13:30:00",88893,0.102,0.11,0.171,21.91,20.08,16.6,15.11,14.69,14.41,21.03,18.62,13.31,23.99
"2013-08-04 13:45:00",88894,0.101,0.11,0.171,21.96,20.15,16.78,15.23,14.7,14.39,21.21,18.68,13.3,24.33
"2013-08-04 14:00:00",88895,0.101,0.11,0.171,22.08,20.26,16.95,15.34,14.71,14.39,21.42,18.73,13.29,25.07
"2013-08-04 14:15:00",88896,0.101,0.11,0.171,22.32,20.41,17.11,15.45,14.72,14.38,21.61,18.78,13.29,25.92
"2013-08-04 14:30:00",88897,0.101,0.11,0.171,22.34,20.57,17.31,15.56,14.74,14.39,21.72,18.82,13.25,26.41
"2013-08-04 14:45:00",88898,0.101,0.11,0.171,22.32,20.64,17.44,15.66,14.75,14.4,21.71,18.83,13.25,26.04
"2013-08-04 15:00:00",88899,0.101,0.11,0.171,22.09,20.66,17.57,15.77,14.77,14.38,21.6,18.83,13.28,25.19
"2013-08-04 15:15:00",88900,0.101,0.109,0.171,21.74,20.58,17.68,15.88,14.79,14.39,21.45,18.81,13.3,24.78
"2013-08-04 15:30:00",88901,0.101,0.109,0.171,21.29,20.43,17.76,15.95,14.82,14.39,21.29,18.79,13.28,23.61
"2013-08-04 15:45:00",88902,0.101,0.109,0.171,20.9,20.24,17.82,16.07,14.86,14.39,21.1,18.75,13.28,22.56
"2013-08-04 16:00:00",88903,0.101,0.109,0.171,20.55,20.04,17.87,16.16,14.88,14.4,20.91,18.69,13.28,21.78
"2013-08-04 16:15:00",88904,0.101,0.109,0.171,20.2,19.8,17.89,16.24,14.91,14.4,20.71,18.62,13.28,21.18
"2013-08-04 16:30:00",88905,0.101,0.109,0.171,19.93,19.6,17.88,16.3,14.94,14.39,20.52,18.54,13.28,20.77
"2013-08-04 16:45:00",88906,0.101,0.109,0.171,19.68,19.4,17.85,16.36,14.96,14.38,20.33,18.46,13.29,20.45
"2013-08-04 17:00:00",88907,0.101,0.109,0.171,19.41,19.23,17.82,16.4,15,14.38,20.16,18.38,13.3,20.13
"2013-08-04 17:15:00",88908,0.101,0.109,0.171,19.09,19.04,17.79,16.45,15.03,14.39,19.97,18.29,13.29,19.6
"2013-08-04 17:30:00",88909,0.101,0.109,0.171,18.81,18.84,17.76,16.47,15.06,14.38,19.78,18.19,13.27,19.05
"2013-08-04 17:45:00",88910,0.101,0.109,0.171,18.52,18.63,17.69,16.5,15.09,14.39,19.58,18.08,13.24,18.46
"2013-08-04 18:00:00",88911,0.102,0.109,0.17,18.26,18.4,17.64,16.51,15.12,14.39,19.37,17.96,13.24,18.02
"2013-08-04 18:15:00",88912,0.101,0.109,0.17,18.01,18.21,17.57,16.52,15.14,14.39,19.17,17.84,13.28,17.66
"2013-08-04 18:30:00",88913,0.101,0.109,0.17,17.81,18.02,17.51,16.52,15.17,14.39,18.98,17.72,13.31,17.34
"2013-08-04 18:45:00",88914,0.101,0.109,0.17,17.61,17.84,17.42,16.52,15.19,14.39,18.8,17.6,13.34,17.11
"2013-08-04 19:00:00",88915,0.101,0.109,0.17,17.44,17.68,17.35,16.52,15.21,14.39,18.62,17.48,13.34,16.94
"2013-08-04 19:15:00",88916,0.101,0.109,0.17,17.27,17.53,17.29,16.51,15.25,14.4,18.46,17.38,13.35,16.74
"2013-08-04 19:30:00",88917,0.101,0.109,0.17,17.08,17.39,17.19,16.49,15.28,14.39,18.31,17.27,13.35,16.39
"2013-08-04 19:45:00",88918,0.102,0.109,0.17,16.87,17.24,17.07,16.48,15.29,14.39,18.15,17.17,13.36,15.95
"2013-08-04 20:00:00",88919,0.102,0.109,0.17,16.68,17.07,17,16.45,15.31,14.36,18,17.06,13.36,15.51
"2013-08-04 20:15:00",88920,0.102,0.109,0.17,16.49,16.9,16.92,16.43,15.32,14.39,17.84,16.95,13.35,15.02
"2013-08-04 20:30:00",88921,0.102,0.109,0.17,16.3,16.76,16.84,16.41,15.34,14.4,17.68,16.83,13.33,14.52
"2013-08-04 20:45:00",88922,0.102,0.109,0.17,16.12,16.61,16.75,16.37,15.35,14.38,17.52,16.72,13.28,14.06
"2013-08-04 21:00:00",88923,0.102,0.109,0.17,15.94,16.46,16.68,16.34,15.37,14.39,17.36,16.59,13.27,13.61
"2013-08-04 21:15:00",88924,0.102,0.109,0.17,15.74,16.32,16.61,16.31,15.38,14.4,17.2,16.48,13.25,13.12
"2013-08-04 21:30:00",88925,0.102,0.109,0.17,15.57,16.17,16.51,16.29,15.37,14.39,17.05,16.36,13.25,12.63
"2013-08-04 21:45:00",88926,0.102,0.109,0.17,15.41,16.03,16.44,16.24,15.39,14.39,16.89,16.23,13.27,12.3
"2013-08-04 22:00:00",88927,0.102,0.109,0.17,15.27,15.89,16.36,16.21,15.4,14.39,16.74,16.12,13.29,12.02
"2013-08-04 22:15:00",88928,0.102,0.109,0.17,15.12,15.75,16.26,16.16,15.41,14.41,16.6,16,13.3,11.75
"2013-08-04 22:30:00",88929,0.102,0.109,0.17,14.98,15.6,16.17,16.12,15.41,14.4,16.46,15.89,13.32,11.56
"2013-08-04 22:45:00",88930,0.102,0.109,0.17,14.86,15.49,16.06,16.08,15.42,14.4,16.33,15.78,13.33,11.52
"2013-08-04 23:00:00",88931,0.102,0.109,0.17,14.73,15.38,15.99,16.01,15.41,14.41,16.2,15.68,13.33,11.54
"2013-08-04 23:15:00",88932,0.102,0.109,0.17,14.63,15.28,15.91,15.96,15.41,14.4,16.08,15.59,13.33,11.49
"2013-08-04 23:30:00",88933,0.102,0.109,0.17,14.53,15.19,15.84,15.92,15.42,14.41,15.98,15.5,13.33,11.36
"2013-08-04 23:45:00",88934,0.102,0.109,0.17,14.43,15.1,15.76,15.87,15.41,14.42,15.87,15.41,13.33,11.36
"2013-08-05 00:00:00",88935,0.102,0.109,0.17,14.35,15,15.69,15.83,15.41,14.42,15.76,15.32,13.34,11.33
"2013-08-05 00:15:00",88936,0.102,0.109,0.17,14.29,14.93,15.62,15.78,15.41,14.4,15.67,15.25,13.34,11.43
"2013-08-05 00:30:00",88937,0.102,0.109,0.17,14.23,14.86,15.55,15.72,15.4,14.41,15.58,15.17,13.34,11.61
"2013-08-05 00:45:00",88938,0.102,0.109,0.17,14.21,14.79,15.49,15.68,15.41,14.42,15.51,15.11,13.33,11.82
"2013-08-05 01:00:00",88939,0.102,0.109,0.17,14.18,14.74,15.42,15.63,15.39,14.41,15.45,15.06,13.33,12.02
"2013-08-05 01:15:00",88940,0.102,0.109,0.17,14.16,14.7,15.36,15.59,15.39,14.44,15.39,15.02,13.33,12.19
"2013-08-05 01:30:00",88941,0.102,0.109,0.17,14.13,14.66,15.3,15.56,15.38,14.44,15.34,14.98,13.33,12.39
"2013-08-05 01:45:00",88942,0.102,0.109,0.17,14.12,14.63,15.26,15.52,15.38,14.44,15.29,14.94,13.33,12.63
"2013-08-05 02:00:00",88943,0.102,0.109,0.17,14.09,14.59,15.2,15.46,15.36,14.44,15.25,14.9,13.33,12.84
"2013-08-05 02:15:00",88944,0.102,0.109,0.17,14.07,14.56,15.12,15.43,15.36,14.46,15.21,14.87,13.33,13.02
"2013-08-05 02:30:00",88945,0.102,0.109,0.17,14.05,14.52,15.08,15.4,15.35,14.43,15.17,14.85,13.33,13.12
"2013-08-05 02:45:00",88946,0.102,0.109,0.17,14.01,14.51,15.05,15.37,15.34,14.45,15.13,14.82,13.33,12.93
"2013-08-05 03:00:00",88947,0.102,0.109,0.17,13.94,14.45,15,15.32,15.32,14.45,15.09,14.78,13.33,12.63
"2013-08-05 03:15:00",88948,0.102,0.109,0.17,13.86,14.4,14.95,15.28,15.31,14.44,15.03,14.74,13.33,12.35
"2013-08-05 03:30:00",88949,0.102,0.109,0.17,13.78,14.3,14.9,15.25,15.3,14.45,14.97,14.69,13.33,12
"2013-08-05 03:45:00",88950,0.102,0.109,0.17,13.67,14.23,14.86,15.21,15.27,14.44,14.9,14.63,13.33,11.7
"2013-08-05 04:00:00",88951,0.102,0.109,0.17,13.57,14.16,14.8,15.17,15.27,14.46,14.82,14.57,13.33,11.45
"2013-08-05 04:15:00",88952,0.102,0.109,0.17,13.5,14.09,14.78,15.15,15.25,14.45,14.76,14.51,13.34,11.33
"2013-08-05 04:30:00",88953,0.102,0.109,0.17,13.46,14.04,14.72,15.11,15.24,14.45,14.69,14.46,13.34,11.36
"2013-08-05 04:45:00",88954,0.102,0.109,0.17,13.41,13.99,14.68,15.09,15.23,14.47,14.62,14.4,13.34,11.43
"2013-08-05 05:00:00",88955,0.102,0.109,0.17,13.37,13.94,14.62,15.05,15.21,14.47,14.57,14.36,13.34,11.49
"2013-08-05 05:15:00",88956,0.102,0.109,0.17,13.34,13.9,14.59,15.01,15.2,14.47,14.52,14.31,13.34,11.45
"2013-08-05 05:30:00",88957,0.102,0.109,0.17,13.3,13.85,14.54,14.97,15.18,14.48,14.48,14.27,13.34,11.33
"2013-08-05 05:45:00",88958,0.103,0.109,0.17,13.24,13.8,14.5,14.92,15.17,14.45,14.42,14.24,13.34,11.08
"2013-08-05 06:00:00",88959,0.103,0.109,0.17,13.16,13.75,14.46,14.86,15.16,14.47,14.37,14.19,13.34,10.74
"2013-08-05 06:15:00",88960,0.103,0.109,0.17,13.06,13.68,14.41,14.83,15.16,14.48,14.3,14.13,13.34,10.36
"2013-08-05 06:30:00",88961,0.103,0.109,0.17,12.98,13.62,14.39,14.8,15.15,14.48,14.22,14.06,13.34,10.06
"2013-08-05 06:45:00",88962,0.103,0.109,0.17,12.89,13.55,14.33,14.77,15.12,14.48,14.14,14,13.34,9.77
"2013-08-05 07:00:00",88963,0.103,0.109,0.17,12.82,13.47,14.28,14.74,15.11,14.47,14.07,13.93,13.34,9.57
"2013-08-05 07:15:00",88964,0.103,0.109,0.17,12.74,13.41,14.24,14.7,15.1,14.49,14,13.87,13.34,9.41
"2013-08-05 07:30:00",88965,0.103,0.109,0.17,12.67,13.35,14.17,14.66,15.08,14.5,13.93,13.8,13.34,9.37
"2013-08-05 07:45:00",88966,0.103,0.109,0.17,12.65,13.29,14.11,14.63,15.06,14.49,13.86,13.74,13.34,9.46
"2013-08-05 08:00:00",88967,0.103,0.109,0.17,12.7,13.26,14.06,14.6,15.05,14.49,13.82,13.69,13.34,9.79
"2013-08-05 08:15:00",88968,0.102,0.109,0.17,12.83,13.27,14.01,14.58,15.05,14.5,13.81,13.67,13.35,10.47
"2013-08-05 08:30:00",88969,0.102,0.109,0.17,13.05,13.33,13.97,14.56,15.02,14.51,13.83,13.69,13.35,11.66
"2013-08-05 08:45:00",88970,0.102,0.109,0.17,13.29,13.43,13.94,14.51,14.99,14.5,13.89,13.74,13.34,12.84
"2013-08-05 09:00:00",88971,0.102,0.109,0.169,13.55,13.57,13.93,14.48,14.99,14.5,14,13.83,13.34,13.92
"2013-08-05 09:15:00",88972,0.102,0.109,0.169,13.88,13.73,13.93,14.46,14.97,14.51,14.12,13.94,13.34,14.95
"2013-08-05 09:30:00",88973,0.102,0.109,0.169,14.3,13.93,13.95,14.44,14.96,14.5,14.27,14.07,13.34,15.82
"2013-08-05 09:45:00",88974,0.102,0.109,0.169,14.77,14.19,13.98,14.41,14.96,14.52,14.43,14.24,13.35,16.56
"2013-08-05 10:00:00",88975,0.102,0.109,0.169,15.23,14.5,14.04,14.41,14.94,14.52,14.61,14.43,13.34,17.21
"2013-08-05 10:15:00",88976,0.102,0.109,0.169,15.55,14.77,14.1,14.39,14.92,14.52,14.84,14.67,13.34,17.77
"2013-08-05 10:30:00",88977,0.101,0.109,0.169,15.96,15.05,14.2,14.38,14.9,14.5,15.13,14.94,13.34,18.33
"2013-08-05 10:45:00",88978,0.101,0.109,0.169,16.51,15.37,14.31,14.39,14.88,14.53,15.58,15.21,13.33,18.87
"2013-08-05 11:00:00",88979,0.101,0.109,0.169,17.25,15.76,14.42,14.4,14.88,14.52,16.17,15.49,13.3,19.44
"2013-08-05 11:15:00",88980,0.101,0.109,0.169,17.93,16.22,14.55,14.42,14.86,14.52,16.78,15.75,13.27,20
"2013-08-05 11:30:00",88981,0.101,0.109,0.169,18.3,16.62,14.7,14.45,14.86,14.52,17.34,16.02,13.28,20.48
"2013-08-05 11:45:00",88982,0.101,0.108,0.168,18.53,16.92,14.87,14.5,14.84,14.52,17.88,16.34,13.28,21.02
"2013-08-05 12:00:00",88983,0.101,0.108,0.168,19.07,17.28,15.05,14.54,14.81,14.53,18.36,16.7,13.32,21.56
"2013-08-05 12:15:00",88984,0.101,0.108,0.168,19.97,17.74,15.25,14.59,14.8,14.52,18.75,17.06,13.32,22.11
"2013-08-05 12:30:00",88985,0.1,0.108,0.168,20.88,18.29,15.45,14.65,14.8,14.52,19.17,17.42,13.32,22.84
"2013-08-05 12:45:00",88986,0.1,0.108,0.168,21.76,18.92,15.65,14.71,14.79,14.53,19.61,17.76,13.34,23.52
"2013-08-05 13:00:00",88987,0.1,0.108,0.168,22.14,19.44,15.89,14.79,14.78,14.53,20.05,18.07,13.35,23.78
"2013-08-05 13:15:00",88988,0.1,0.108,0.168,21.97,19.73,16.13,14.9,14.78,14.52,20.39,18.29,13.35,23.87
"2013-08-05 13:30:00",88989,0.1,0.108,0.168,21.83,19.87,16.38,15.03,14.78,14.52,20.63,18.42,13.35,24.07
"2013-08-05 13:45:00",88990,0.1,0.108,0.168,21.84,19.97,16.6,15.13,14.79,14.52,20.9,18.5,13.35,24.6
"2013-08-05 14:00:00",88991,0.1,0.108,0.167,21.96,20.1,16.78,15.24,14.79,14.52,21.17,18.55,13.34,25.31
"2013-08-05 14:15:00",88992,0.1,0.108,0.167,21.98,20.19,16.94,15.36,14.81,14.53,21.38,18.59,13.31,26.28
"2013-08-05 14:30:00",88993,0.1,0.108,0.167,22.08,20.32,17.09,15.46,14.82,14.53,21.5,18.63,13.29,27.09
"2013-08-05 14:45:00",88994,0.1,0.108,0.167,22.35,20.46,17.28,15.57,14.85,14.53,21.5,18.66,13.29,27.66
"2013-08-05 15:00:00",88995,0.1,0.108,0.167,22.53,20.64,17.42,15.68,14.86,14.52,21.43,18.68,13.31,27.75
"2013-08-05 15:15:00",88996,0.099,0.108,0.167,22.27,20.71,17.55,15.79,14.88,14.52,21.32,18.69,13.31,28.01
"2013-08-05 15:30:00",88997,0.099,0.108,0.167,21.88,20.64,17.66,15.89,14.91,14.52,21.19,18.71,13.31,27.75
"2013-08-05 15:45:00",88998,0.099,0.108,0.167,21.48,20.51,17.75,15.98,14.92,14.51,21.06,18.72,13.31,26.34
"2013-08-05 16:00:00",88999,0.099,0.107,0.167,21.12,20.34,17.83,16.1,14.94,14.52,20.92,18.71,13.31,25.07
"2013-08-05 16:15:00",89000,0.099,0.107,0.167,20.77,20.16,17.87,16.19,14.96,14.51,20.77,18.69,13.3,24.13
"2013-08-05 16:30:00",89001,0.099,0.107,0.167,20.44,19.96,17.91,16.27,15,14.52,20.61,18.65,13.29,23.47
"2013-08-05 16:45:00",89002,0.099,0.107,0.167,20.14,19.74,17.92,16.32,15.02,14.53,20.45,18.6,13.29,22.81
"2013-08-05 17:00:00",89003,0.099,0.107,0.167,19.86,19.55,17.91,16.4,15.05,14.51,20.27,18.53,13.27,22.19
"2013-08-05 17:15:00",89004,0.099,0.107,0.167,19.57,19.36,17.89,16.45,15.09,14.52,20.09,18.45,13.26,21.48
"2013-08-05 17:30:00",89005,0.1,0.107,0.167,19.27,19.17,17.86,16.49,15.13,14.51,19.91,18.37,13.27,20.85
"2013-08-05 17:45:00",89006,0.1,0.107,0.167,18.99,18.97,17.81,16.52,15.14,14.51,19.73,18.27,13.27,20.26
"2013-08-05 18:00:00",89007,0.1,0.107,0.167,18.74,18.78,17.77,16.55,15.18,14.51,19.55,18.17,13.26,19.68
"2013-08-05 18:15:00",89008,0.1,0.107,0.167,18.51,18.6,17.71,16.57,15.21,14.5,19.36,18.06,13.28,19.13
"2013-08-05 18:30:00",89009,0.1,0.107,0.167,18.28,18.38,17.66,16.58,15.23,14.51,19.18,17.96,13.28,18.66
"2013-08-05 18:45:00",89010,0.1,0.107,0.167,18.05,18.19,17.59,16.6,15.25,14.51,19.01,17.85,13.29,18.28
"2013-08-05 19:00:00",89011,0.1,0.107,0.167,17.86,18.04,17.53,16.6,15.28,14.5,18.84,17.74,13.28,17.87
"2013-08-05 19:15:00",89012,0.1,0.107,0.167,17.67,17.87,17.45,16.59,15.31,14.5,18.68,17.63,13.28,17.26
"2013-08-05 19:30:00",89013,0.1,0.107,0.167,17.44,17.72,17.39,16.58,15.33,14.5,18.51,17.52,13.32,16.66
"2013-08-05 19:45:00",89014,0.1,0.107,0.167,17.25,17.54,17.32,16.57,15.36,14.51,18.34,17.4,13.32,16.04
"2013-08-05 20:00:00",89015,0.1,0.107,0.167,17,17.39,17.25,16.58,15.39,14.53,18.17,17.28,13.32,15.41
"2013-08-05 20:15:00",89016,0.1,0.107,0.167,16.77,17.21,17.13,16.54,15.4,14.5,18,17.16,13.31,14.78
"2013-08-05 20:30:00",89017,0.1,0.107,0.167,16.57,17.02,17.03,16.51,15.41,14.5,17.84,17.04,13.31,14.25
"2013-08-05 20:45:00",89018,0.1,0.107,0.167,16.39,16.86,16.96,16.5,15.44,14.51,17.67,16.91,13.32,13.85
"2013-08-05 21:00:00",89019,0.1,0.107,0.167,16.21,16.71,16.87,16.47,15.46,14.5,17.51,16.78,13.28,13.4
"2013-08-05 21:15:00",89020,0.1,0.107,0.167,16.01,16.57,16.79,16.46,15.49,14.51,17.35,16.66,13.25,12.81
"2013-08-05 21:30:00",89021,0.1,0.107,0.167,15.78,16.41,16.7,16.41,15.51,14.51,17.19,16.54,13.25,12.37
"2013-08-05 21:45:00",89022,0.1,0.107,0.167,15.62,16.25,16.62,16.36,15.52,14.49,17.03,16.41,13.23,12.23
"2013-08-05 22:00:00",89023,0.1,0.107,0.167,15.51,16.11,16.53,16.34,15.52,14.51,16.87,16.28,13.21,12.12
"2013-08-05 22:15:00",89024,0.1,0.107,0.167,15.38,15.99,16.45,16.3,15.53,14.52,16.74,16.17,13.22,12
"2013-08-05 22:30:00",89025,0.1,0.107,0.167,15.28,15.87,16.36,16.27,15.54,14.52,16.61,16.07,13.25,12.21
"2013-08-05 22:45:00",89026,0.1,0.107,0.167,15.23,15.79,16.28,16.22,15.55,14.52,16.49,15.97,13.25,12.56
"2013-08-05 23:00:00",89027,0.1,0.107,0.167,15.2,15.68,16.2,16.18,15.55,14.53,16.4,15.89,13.3,13
"2013-08-05 23:15:00",89028,0.1,0.107,0.167,15.18,15.62,16.1,16.12,15.55,14.52,16.32,15.83,13.29,13.35
"2013-08-05 23:30:00",89029,0.1,0.107,0.167,15.14,15.57,16.03,16.09,15.55,14.52,16.25,15.78,13.3,13.56
"2013-08-05 23:45:00",89030,0.1,0.107,0.167,15.09,15.51,15.98,16.03,15.55,14.52,16.19,15.73,13.3,13.71
"2013-08-06 00:00:00",89031,0.1,0.107,0.167,15.04,15.46,15.92,15.99,15.55,14.53,16.13,15.69,13.3,13.71
"2013-08-06 00:15:00",89032,0.1,0.107,0.167,14.98,15.41,15.88,15.94,15.55,14.52,16.07,15.65,13.29,13.75
"2013-08-06 00:30:00",89033,0.1,0.107,0.167,14.96,15.36,15.81,15.91,15.55,14.53,16.01,15.6,13.29,13.85
"2013-08-06 00:45:00",89034,0.1,0.107,0.167,14.9,15.31,15.77,15.87,15.55,14.52,15.95,15.56,13.3,13.87
"2013-08-06 01:00:00",89035,0.1,0.107,0.166,14.85,15.26,15.71,15.82,15.54,14.52,15.9,15.52,13.3,13.8
"2013-08-06 01:15:00",89036,0.1,0.107,0.166,14.77,15.2,15.66,15.79,15.54,14.53,15.85,15.48,13.29,13.73
"2013-08-06 01:30:00",89037,0.1,0.107,0.166,14.71,15.17,15.62,15.75,15.54,14.53,15.79,15.44,13.26,13.59
"2013-08-06 01:45:00",89038,0.101,0.107,0.166,14.64,15.11,15.57,15.68,15.52,14.54,15.74,15.4,13.25,13.21
"2013-08-06 02:00:00",89039,0.101,0.107,0.166,14.53,15.05,15.54,15.67,15.51,14.53,15.68,15.35,13.27,12.77
"2013-08-06 02:15:00",89040,0.101,0.107,0.166,14.42,14.97,15.47,15.64,15.52,14.53,15.6,15.29,13.26,12.49
"2013-08-06 02:30:00",89041,0.101,0.107,0.166,14.34,14.89,15.43,15.6,15.49,14.54,15.52,15.22,13.26,12.28
"2013-08-06 02:45:00",89042,0.101,0.107,0.166,14.25,14.81,15.38,15.56,15.48,14.54,15.44,15.16,13.25,11.96
"2013-08-06 03:00:00",89043,0.101,0.107,0.166,14.16,14.74,15.33,15.52,15.46,14.55,15.37,15.09,13.3,11.66
"2013-08-06 03:15:00",89044,0.101,0.107,0.166,14.06,14.67,15.27,15.49,15.44,14.55,15.29,15.03,13.31,11.33
"2013-08-06 03:30:00",89045,0.101,0.107,0.166,13.95,14.58,15.23,15.47,15.43,14.53,15.21,14.95,13.32,11.15
"2013-08-06 03:45:00",89046,0.101,0.107,0.167,13.88,14.51,15.16,15.43,15.41,14.53,15.12,14.88,13.32,10.97
"2013-08-06 04:00:00",89047,0.101,0.107,0.166,13.8,14.43,15.09,15.39,15.41,14.55,15.04,14.81,13.32,10.77
"2013-08-06 04:15:00",89048,0.101,0.107,0.167,13.73,14.35,15.05,15.36,15.39,14.56,14.96,14.74,13.31,10.61
"2013-08-06 04:30:00",89049,0.101,0.107,0.167,13.61,14.24,14.98,15.32,15.37,14.55,14.87,14.67,13.31,10.38
"2013-08-06 04:45:00",89050,0.101,0.107,0.167,13.53,14.19,14.92,15.29,15.37,14.58,14.8,14.6,13.29,10.18
"2013-08-06 05:00:00",89051,0.101,0.107,0.166,13.44,14.1,14.87,15.26,15.37,14.57,14.71,14.53,13.22,9.97
"2013-08-06 05:15:00",89052,0.101,0.107,0.167,13.34,14.03,14.8,15.23,15.35,14.56,14.63,14.46,13.16,9.73
"2013-08-06 05:30:00",89053,0.101,0.107,0.167,13.25,13.95,14.75,15.17,15.34,14.56,14.55,14.38,13.2,9.46
"2013-08-06 05:45:00",89054,0.101,0.107,0.167,13.15,13.86,14.71,15.13,15.32,14.59,14.46,14.31,13.27,9.24
"2013-08-06 06:00:00",89055,0.101,0.107,0.167,13.05,13.76,14.64,15.11,15.32,14.57,14.37,14.23,13.31,8.97
