"TOA5","WTC01","CR1000","33590","CR1000.Std.19","CPU:WTCsensors_Ch1.CR1","47130","Table1"
"TIMESTAMP","RECORD","VW_Avg(1)","VW_Avg(2)","VW_Avg(3)","SoilTempProbe_Avg(1)","SoilTempProbe_Avg(2)","SoilTempProbe_Avg(3)","SoilTempProbe_Avg(4)","SoilTempProbe_Avg(5)","SoilTempProbe_Avg(6)","SoilTemp_Avg(1)","SoilTemp_Avg(2)","BattV_Min","PTemp"
"TS","RN","","","","Deg C","Deg C","Deg C","Deg C","Deg C","Deg C","Deg C","Deg C","Volts",""
"","","Avg","Avg","Avg","Avg","Avg","Avg","Avg","Avg","Avg","Avg","Avg","Min","Smp"
"2013-07-31 06:15:00",18135,0.116,0.154,0.165,12.59,12.58,12.69,13.22,13.06,13.18,13.06,13,13.41,13.61
"2013-07-31 06:30:00",18136,0.116,0.154,0.165,12.58,12.56,12.69,13.22,13.05,13.17,13.05,12.99,13.42,13.61
"2013-07-31 06:45:00",18137,0.116,0.154,0.165,12.57,12.56,12.67,13.2,13.05,13.17,13.04,12.98,13.42,13.64
"2013-07-31 07:00:00",18138,0.116,0.154,0.164,12.55,12.56,12.65,13.19,13.04,13.17,13.03,12.98,13.42,13.64
"2013-07-31 07:15:00",18139,0.116,0.154,0.164,12.55,12.55,12.65,13.18,13.05,13.18,13.02,12.97,13.42,13.66
"2013-07-31 07:30:00",18140,0.116,0.154,0.164,12.55,12.55,12.64,13.17,13.05,13.17,13.01,12.96,13.42,13.71
"2013-07-31 07:45:00",18141,0.116,0.154,0.164,12.56,12.55,12.64,13.17,13.04,13.18,13,12.96,13.42,13.82
"2013-07-31 08:00:00",18142,0.116,0.154,0.164,12.59,12.55,12.63,13.17,13.05,13.18,13.01,12.96,13.42,13.92
"2013-07-31 08:15:00",18143,0.116,0.154,0.164,12.61,12.56,12.62,13.17,13.05,13.18,13.02,12.98,13.42,13.99
"2013-07-31 08:30:00",18144,0.116,0.154,0.164,12.64,12.57,12.62,13.17,13.04,13.19,13.05,13,13.42,14.11
"2013-07-31 08:45:00",18145,0.116,0.154,0.164,12.71,12.59,12.62,13.17,13.03,13.18,13.07,13.02,13.42,14.32
"2013-07-31 09:00:00",18146,0.116,0.154,0.164,12.83,12.64,12.63,13.17,13.04,13.2,13.12,13.06,13.42,14.66
"2013-07-31 09:15:00",18147,0.116,0.154,0.164,12.92,12.72,12.64,13.17,13.03,13.2,13.19,13.12,13.42,14.95
"2013-07-31 09:30:00",18148,0.115,0.154,0.164,13.05,12.76,12.64,13.17,13.03,13.22,13.26,13.19,13.42,15.19
"2013-07-31 09:45:00",18149,0.115,0.154,0.164,13.22,12.85,12.66,13.17,13.03,13.22,13.37,13.27,13.42,15.43
"2013-07-31 10:00:00",18150,0.115,0.154,0.164,13.41,12.94,12.7,13.17,13.03,13.22,13.5,13.39,13.41,15.73
"2013-07-31 10:15:00",18151,0.115,0.154,0.164,13.62,13.07,12.74,13.17,13.02,13.22,13.65,13.52,13.42,16.09
"2013-07-31 10:30:00",18152,0.115,0.154,0.164,13.71,13.21,12.78,13.17,13.02,13.22,13.79,13.64,13.42,16.44
"2013-07-31 10:45:00",18153,0.115,0.154,0.164,13.85,13.29,12.82,13.17,13.02,13.24,13.91,13.75,13.42,16.76
"2013-07-31 11:00:00",18154,0.115,0.154,0.164,13.98,13.39,12.88,13.17,13.02,13.24,14.05,13.87,13.42,17.06
"2013-07-31 11:15:00",18155,0.115,0.154,0.164,14.06,13.47,12.93,13.19,13.02,13.25,14.16,13.97,13.42,17.29
"2013-07-31 11:30:00",18156,0.115,0.154,0.164,14.12,13.55,12.98,13.21,13.02,13.24,14.26,14.06,13.42,17.31
"2013-07-31 11:45:00",18157,0.115,0.154,0.164,14.11,13.61,13.04,13.23,13.01,13.25,14.33,14.13,13.42,17.06
"2013-07-31 12:00:00",18158,0.115,0.154,0.164,14.04,13.64,13.07,13.25,13.02,13.25,14.35,14.15,13.42,16.84
"2013-07-31 12:15:00",18159,0.115,0.154,0.164,14.08,13.65,13.12,13.29,13.02,13.25,14.36,14.16,13.42,16.84
"2013-07-31 12:30:00",18160,0.115,0.154,0.164,14.24,13.7,13.16,13.3,13.01,13.25,14.4,14.21,13.42,17.16
"2013-07-31 12:45:00",18161,0.115,0.153,0.164,14.36,13.78,13.18,13.31,13.02,13.25,14.5,14.32,13.42,17.31
"2013-07-31 13:00:00",18162,0.115,0.153,0.164,14.33,13.84,13.23,13.34,13.01,13.25,14.58,14.39,13.42,17.31
"2013-07-31 13:15:00",18163,0.115,0.153,0.164,14.3,13.87,13.26,13.38,13.01,13.25,14.6,14.41,13.42,17.31
"2013-07-31 13:30:00",18164,0.115,0.153,0.164,14.33,13.88,13.29,13.42,13.02,13.25,14.61,14.43,13.41,17.46
"2013-07-31 13:45:00",18165,0.115,0.153,0.164,14.42,13.91,13.33,13.44,13.02,13.24,14.65,14.48,13.41,17.66
"2013-07-31 14:00:00",18166,0.115,0.153,0.164,14.45,13.97,13.38,13.46,13.03,13.25,14.71,14.53,13.41,17.66
"2013-07-31 14:15:00",18167,0.115,0.153,0.164,14.39,14,13.4,13.5,13.05,13.24,14.74,14.56,13.41,17.46
"2013-07-31 14:30:00",18168,0.115,0.153,0.164,14.31,13.98,13.43,13.53,13.05,13.24,14.73,14.55,13.41,17.09
"2013-07-31 14:45:00",18169,0.115,0.153,0.164,14.23,13.96,13.49,13.54,13.06,13.25,14.69,14.52,13.41,16.79
"2013-07-31 15:00:00",18170,0.115,0.153,0.164,14.2,13.93,13.51,13.55,13.07,13.25,14.64,14.49,13.42,16.64
"2013-07-31 15:15:00",18171,0.115,0.153,0.164,14.16,13.9,13.51,13.59,13.07,13.25,14.6,14.46,13.42,16.56
"2013-07-31 15:30:00",18172,0.115,0.153,0.164,14.13,13.89,13.52,13.61,13.07,13.25,14.57,14.44,13.42,16.51
"2013-07-31 15:45:00",18173,0.115,0.153,0.164,14.12,13.88,13.53,13.63,13.07,13.25,14.55,14.42,13.41,16.44
"2013-07-31 16:00:00",18174,0.115,0.153,0.164,14.11,13.88,13.54,13.64,13.08,13.25,14.52,14.41,13.41,16.34
"2013-07-31 16:15:00",18175,0.115,0.153,0.164,14.07,13.85,13.54,13.64,13.08,13.25,14.5,14.39,13.42,16.24
"2013-07-31 16:30:00",18176,0.115,0.153,0.164,14.02,13.83,13.54,13.64,13.1,13.24,14.47,14.37,13.41,16.07
"2013-07-31 16:45:00",18177,0.115,0.153,0.164,13.98,13.78,13.53,13.65,13.11,13.25,14.43,14.34,13.41,15.97
"2013-07-31 17:00:00",18178,0.115,0.153,0.164,13.93,13.77,13.52,13.67,13.12,13.25,14.4,14.31,13.41,15.82
"2013-07-31 17:15:00",18179,0.115,0.153,0.164,13.86,13.74,13.51,13.68,13.13,13.25,14.36,14.27,13.41,15.65
"2013-07-31 17:30:00",18180,0.115,0.153,0.164,13.81,13.71,13.5,13.69,13.15,13.25,14.31,14.23,13.41,15.34
"2013-07-31 17:45:00",18181,0.115,0.153,0.164,13.73,13.65,13.5,13.7,13.17,13.25,14.26,14.18,13.41,14.83
"2013-07-31 18:00:00",18182,0.115,0.153,0.164,13.61,13.61,13.48,13.7,13.17,13.25,14.19,14.12,13.41,14.3
"2013-07-31 18:15:00",18183,0.115,0.153,0.164,13.46,13.54,13.46,13.71,13.17,13.26,14.11,14.04,13.41,13.71
"2013-07-31 18:30:00",18184,0.115,0.153,0.164,13.31,13.45,13.43,13.71,13.17,13.26,14.02,13.95,13.41,13.07
"2013-07-31 18:45:00",18185,0.115,0.153,0.164,13.14,13.35,13.4,13.7,13.17,13.26,13.91,13.85,13.41,12.39
"2013-07-31 19:00:00",18186,0.115,0.153,0.164,12.96,13.25,13.36,13.7,13.19,13.27,13.79,13.73,13.41,11.79
"2013-07-31 19:15:00",18187,0.115,0.153,0.164,12.81,13.17,13.33,13.68,13.19,13.28,13.66,13.6,13.4,11.27
"2013-07-31 19:30:00",18188,0.115,0.153,0.164,12.66,13.02,13.29,13.67,13.21,13.27,13.54,13.48,13.4,10.83
"2013-07-31 19:45:00",18189,0.115,0.153,0.164,12.53,12.91,13.22,13.67,13.22,13.28,13.42,13.36,13.41,10.45
"2013-07-31 20:00:00",18190,0.115,0.153,0.164,12.43,12.82,13.18,13.67,13.23,13.27,13.31,13.24,13.41,10.16
"2013-07-31 20:15:00",18191,0.115,0.153,0.164,12.33,12.72,13.12,13.67,13.22,13.28,13.21,13.14,13.4,9.88
"2013-07-31 20:30:00",18192,0.115,0.153,0.164,12.16,12.62,13.08,13.64,13.21,13.28,13.1,13.03,13.4,9.57
"2013-07-31 20:45:00",18193,0.115,0.153,0.164,11.99,12.52,13.02,13.62,13.21,13.26,12.99,12.92,13.4,9.44
"2013-07-31 21:00:00",18194,0.115,0.153,0.164,11.92,12.42,12.96,13.59,13.2,13.26,12.88,12.81,13.4,9.39
"2013-07-31 21:15:00",18195,0.115,0.153,0.164,11.85,12.33,12.89,13.57,13.21,13.26,12.79,12.72,13.4,9.28
"2013-07-31 21:30:00",18196,0.115,0.153,0.164,11.79,12.27,12.83,13.54,13.21,13.26,12.71,12.64,13.39,9.24
"2013-07-31 21:45:00",18197,0.115,0.153,0.164,11.73,12.19,12.79,13.51,13.21,13.25,12.63,12.55,13.39,9.3
"2013-07-31 22:00:00",18198,0.115,0.153,0.164,11.67,12.09,12.71,13.48,13.2,13.26,12.55,12.48,13.39,9.44
"2013-07-31 22:15:00",18199,0.115,0.153,0.164,11.61,12.02,12.67,13.44,13.2,13.26,12.48,12.41,13.39,9.62
"2013-07-31 22:30:00",18200,0.115,0.153,0.164,11.59,11.95,12.61,13.42,13.21,13.28,12.42,12.35,13.39,9.77
"2013-07-31 22:45:00",18201,0.115,0.153,0.164,11.57,11.94,12.57,13.36,13.21,13.27,12.37,12.3,13.4,9.88
"2013-07-31 23:00:00",18202,0.115,0.153,0.164,11.56,11.9,12.52,13.34,13.22,13.28,12.33,12.26,13.4,10.04
"2013-07-31 23:15:00",18203,0.115,0.153,0.164,11.57,11.86,12.47,13.31,13.22,13.28,12.3,12.24,13.39,10.22
"2013-07-31 23:30:00",18204,0.115,0.153,0.164,11.54,11.85,12.44,13.28,13.22,13.29,12.28,12.21,13.39,10.31
"2013-07-31 23:45:00",18205,0.115,0.153,0.164,11.51,11.83,12.42,13.24,13.23,13.28,12.25,12.18,13.39,10.43
"2013-08-01 00:00:00",18206,0.115,0.153,0.164,11.48,11.79,12.37,13.21,13.22,13.29,12.21,12.15,13.39,10.45
"2013-08-01 00:15:00",18207,0.115,0.153,0.164,11.45,11.75,12.33,13.19,13.2,13.29,12.18,12.11,13.39,10.43
"2013-08-01 00:30:00",18208,0.115,0.153,0.164,11.42,11.74,12.33,13.17,13.2,13.29,12.15,12.08,13.39,10.36
"2013-08-01 00:45:00",18209,0.115,0.153,0.164,11.4,11.71,12.28,13.14,13.19,13.29,12.12,12.05,13.4,10.25
"2013-08-01 01:00:00",18210,0.115,0.153,0.163,11.37,11.66,12.24,13.1,13.19,13.29,12.08,12.02,13.4,10.04
"2013-08-01 01:15:00",18211,0.115,0.153,0.163,11.3,11.62,12.21,13.1,13.17,13.29,12.05,11.98,13.4,9.71
"2013-08-01 01:30:00",18212,0.115,0.153,0.163,11.2,11.59,12.18,13.08,13.15,13.29,11.99,11.93,13.4,9.32
"2013-08-01 01:45:00",18213,0.115,0.153,0.163,11.08,11.5,12.14,13.04,13.15,13.28,11.93,11.86,13.4,8.9
"2013-08-01 02:00:00",18214,0.115,0.153,0.163,10.94,11.44,12.1,13.01,13.14,13.29,11.85,11.78,13.4,8.52
"2013-08-01 02:15:00",18215,0.115,0.153,0.163,10.83,11.36,12.07,13,13.12,13.29,11.77,11.7,13.4,8.21
"2013-08-01 02:30:00",18216,0.115,0.153,0.163,10.71,11.29,12.02,12.97,13.1,13.29,11.69,11.61,13.39,7.882
"2013-08-01 02:45:00",18217,0.115,0.153,0.163,10.61,11.21,11.97,12.96,13.1,13.3,11.59,11.52,13.38,7.618
"2013-08-01 03:00:00",18218,0.115,0.153,0.163,10.52,11.13,11.94,12.93,13.1,13.3,11.5,11.43,13.39,7.356
"2013-08-01 03:15:00",18219,0.115,0.153,0.163,10.42,11.02,11.89,12.89,13.09,13.3,11.42,11.34,13.38,7.114
"2013-08-01 03:30:00",18220,0.115,0.153,0.163,10.33,10.94,11.84,12.85,13.07,13.31,11.34,11.25,13.38,6.809
"2013-08-01 03:45:00",18221,0.115,0.153,0.163,10.24,10.88,11.79,12.82,13.07,13.3,11.26,11.17,13.37,6.547
"2013-08-01 04:00:00",18222,0.115,0.153,0.163,10.15,10.8,11.72,12.78,13.06,13.3,11.2,11.08,13.38,6.33
"2013-08-01 04:15:00",18223,0.115,0.153,0.163,10.04,10.73,11.68,12.78,13.06,13.31,11.13,10.99,13.38,6.068
"2013-08-01 04:30:00",18224,0.115,0.153,0.163,9.93,10.65,11.62,12.74,13.04,13.31,11.05,10.88,13.37,5.788
"2013-08-01 04:45:00",18225,0.115,0.153,0.163,9.81,10.55,11.58,12.69,13.03,13.31,10.97,10.77,13.37,5.571
"2013-08-01 05:00:00",18226,0.115,0.153,0.163,9.68,10.46,11.52,12.65,13.03,13.31,10.89,10.67,13.37,5.377
"2013-08-01 05:15:00",18227,0.115,0.153,0.163,9.55,10.36,11.48,12.64,13.02,13.31,10.8,10.57,13.37,5.246
"2013-08-01 05:30:00",18228,0.115,0.153,0.163,9.45,10.27,11.4,12.61,13,13.31,10.71,10.47,13.37,5.117
"2013-08-01 05:45:00",18229,0.115,0.153,0.163,9.33,10.17,11.34,12.56,12.98,13.31,10.63,10.38,13.37,4.966
"2013-08-01 06:00:00",18230,0.115,0.153,0.163,9.23,10.07,11.27,12.54,12.96,13.31,10.55,10.29,13.37,4.816
"2013-08-01 06:15:00",18231,0.115,0.153,0.163,9.17,9.97,11.21,12.49,12.93,13.31,10.47,10.21,13.37,4.685
"2013-08-01 06:30:00",18232,0.115,0.153,0.163,9.09,9.9,11.13,12.45,12.93,13.31,10.39,10.12,13.37,4.579
"2013-08-01 06:45:00",18233,0.115,0.153,0.163,8.99,9.8,11.08,12.41,12.93,13.31,10.32,10.03,13.37,4.428
"2013-08-01 07:00:00",18234,0.115,0.153,0.163,8.88,9.72,11.01,12.37,12.93,13.31,10.24,9.93,13.38,4.299
"2013-08-01 07:15:00",18235,0.115,0.153,0.163,8.76,9.64,10.91,12.31,12.91,13.31,10.15,9.83,13.38,4.279
"2013-08-01 07:30:00",18236,0.115,0.153,0.163,8.69,9.56,10.86,12.28,12.88,13.31,10.07,9.74,13.38,4.279
"2013-08-01 07:45:00",18237,0.115,0.153,0.163,8.65,9.48,10.78,12.24,12.87,13.31,10,9.67,13.38,4.428
"2013-08-01 08:00:00",18238,0.115,0.153,0.163,8.68,9.44,10.73,12.19,12.84,13.31,9.96,9.63,13.37,4.643
"2013-08-01 08:15:00",18239,0.115,0.153,0.163,8.75,9.42,10.67,12.16,12.83,13.31,9.93,9.61,13.37,5.051
"2013-08-01 08:30:00",18240,0.115,0.153,0.163,8.87,9.45,10.62,12.11,12.83,13.32,9.94,9.62,13.37,5.571
"2013-08-01 08:45:00",18241,0.115,0.153,0.163,9.01,9.47,10.57,12.07,12.82,13.32,9.98,9.66,13.37,6.199
"2013-08-01 09:00:00",18242,0.115,0.153,0.163,9.19,9.54,10.53,12.04,12.79,13.32,10.05,9.72,13.38,6.94
"2013-08-01 09:15:00",18243,0.115,0.153,0.163,9.43,9.62,10.52,11.99,12.76,13.32,10.15,9.82,13.38,7.774
"2013-08-01 09:30:00",18244,0.115,0.153,0.163,9.78,9.76,10.51,11.96,12.74,13.34,10.3,9.96,13.37,8.66
"2013-08-01 09:45:00",18245,0.115,0.153,0.163,10.16,9.95,10.53,11.93,12.74,13.34,10.52,10.17,13.37,9.55
"2013-08-01 10:00:00",18246,0.115,0.153,0.163,10.55,10.19,10.55,11.9,12.71,13.33,10.79,10.42,13.37,10.47
"2013-08-01 10:15:00",18247,0.114,0.152,0.163,11.23,10.46,10.61,11.9,12.68,13.33,11.1,10.75,13.36,11.47
"2013-08-01 10:30:00",18248,0.114,0.153,0.163,11.87,10.83,10.7,11.89,12.66,13.32,11.45,11.12,13.34,12.44
"2013-08-01 10:45:00",18249,0.114,0.153,0.163,12.35,11.19,10.8,11.88,12.63,13.32,11.95,11.51,13.33,13.42
"2013-08-01 11:00:00",18250,0.114,0.153,0.163,12.76,11.52,10.93,11.87,12.62,13.32,12.54,11.92,13.32,14.35
"2013-08-01 11:15:00",18251,0.114,0.153,0.163,13.37,11.89,11.1,11.88,12.6,13.32,13.17,12.29,13.33,15.24
"2013-08-01 11:30:00",18252,0.114,0.153,0.163,13.9,12.33,11.26,11.92,12.58,13.32,13.75,12.6,13.34,16.04
"2013-08-01 11:45:00",18253,0.114,0.153,0.163,14.2,12.67,11.43,11.96,12.57,13.34,14.28,12.98,13.36,16.91
"2013-08-01 12:00:00",18254,0.114,0.152,0.163,14.75,13.03,11.62,12,12.56,13.34,14.78,13.44,13.36,17.89
"2013-08-01 12:15:00",18255,0.114,0.153,0.163,15.37,13.45,11.79,12.05,12.54,13.33,15.17,13.9,13.37,18.77
"2013-08-01 12:30:00",18256,0.113,0.152,0.163,16,13.88,12.01,12.11,12.53,13.33,15.59,14.38,13.37,19.47
"2013-08-01 12:45:00",18257,0.113,0.152,0.163,16.81,14.4,12.24,12.19,12.52,13.32,16.05,14.88,13.36,20.26
"2013-08-01 13:00:00",18258,0.113,0.152,0.163,17.78,14.99,12.5,12.27,12.51,13.32,16.5,15.38,13.36,20.96
"2013-08-01 13:15:00",18259,0.113,0.152,0.163,18.37,15.57,12.77,12.37,12.52,13.3,16.89,15.85,13.36,21.26
"2013-08-01 13:30:00",18260,0.113,0.152,0.163,18.7,16.02,13.07,12.48,12.52,13.31,17.1,16.25,13.34,21.53
"2013-08-01 13:45:00",18261,0.113,0.152,0.162,19.05,16.4,13.35,12.58,12.52,13.31,17.31,16.55,13.34,22.06
"2013-08-01 14:00:00",18262,0.113,0.152,0.162,19.42,16.76,13.65,12.7,12.52,13.32,17.53,16.71,13.34,22.73
"2013-08-01 14:15:00",18263,0.113,0.152,0.162,19.64,17.1,13.91,12.82,12.53,13.31,17.7,16.78,13.33,23.58
"2013-08-01 14:30:00",18264,0.113,0.152,0.162,19.83,17.37,14.16,12.97,12.55,13.32,17.89,16.8,13.35,24.3
"2013-08-01 14:45:00",18265,0.113,0.152,0.162,19.94,17.59,14.38,13.11,12.55,13.32,18.09,16.78,13.35,24.87
"2013-08-01 15:00:00",18266,0.113,0.152,0.162,19.88,17.73,14.6,13.26,12.55,13.32,18.26,16.73,13.36,25.67
"2013-08-01 15:15:00",18267,0.113,0.152,0.162,19.49,17.76,14.81,13.41,12.59,13.31,18.26,16.65,13.36,26.19
"2013-08-01 15:30:00",18268,0.113,0.152,0.162,19,17.68,14.98,13.55,12.62,13.31,18.15,16.56,13.36,26.31
"2013-08-01 15:45:00",18269,0.113,0.152,0.162,18.54,17.52,15.1,13.69,12.66,13.31,17.98,16.47,13.37,25.89
"2013-08-01 16:00:00",18270,0.113,0.152,0.162,18.1,17.32,15.17,13.79,12.69,13.31,17.78,16.37,13.37,25.19
"2013-08-01 16:15:00",18271,0.112,0.152,0.162,17.72,17.12,15.23,13.91,12.74,13.31,17.59,16.27,13.37,23.58
"2013-08-01 16:30:00",18272,0.112,0.152,0.162,17.36,16.86,15.24,14,12.75,13.31,17.4,16.17,13.38,22.17
"2013-08-01 16:45:00",18273,0.112,0.152,0.162,17,16.66,15.23,14.08,12.79,13.29,17.21,16.07,13.38,20.83
"2013-08-01 17:00:00",18274,0.112,0.152,0.162,16.71,16.46,15.2,14.15,12.82,13.28,17,15.94,13.37,19.65
"2013-08-01 17:15:00",18275,0.112,0.152,0.162,16.45,16.27,15.17,14.21,12.86,13.29,16.8,15.81,13.38,18.53
"2013-08-01 17:30:00",18276,0.112,0.152,0.162,16.19,16.07,15.15,14.28,12.89,13.29,16.59,15.68,13.38,17.41
"2013-08-01 17:45:00",18277,0.113,0.152,0.162,15.89,15.86,15.09,14.3,12.94,13.29,16.39,15.53,13.38,16.29
"2013-08-01 18:00:00",18278,0.113,0.152,0.162,15.59,15.66,15.02,14.35,12.96,13.3,16.17,15.37,13.39,15.21
"2013-08-01 18:15:00",18279,0.113,0.152,0.162,15.28,15.47,14.97,14.37,13.01,13.3,15.95,15.19,13.4,14.28
"2013-08-01 18:30:00",18280,0.113,0.152,0.162,15.01,15.28,14.87,14.39,13.05,13.31,15.72,15.01,13.39,13.47
"2013-08-01 18:45:00",18281,0.113,0.152,0.162,14.75,15.05,14.79,14.38,13.07,13.28,15.5,14.83,13.39,12.77
"2013-08-01 19:00:00",18282,0.113,0.152,0.162,14.51,14.84,14.7,14.39,13.12,13.27,15.3,14.66,13.39,12.23
"2013-08-01 19:15:00",18283,0.113,0.152,0.162,14.3,14.67,14.59,14.39,13.14,13.28,15.11,14.5,13.39,11.77
"2013-08-01 19:30:00",18284,0.113,0.152,0.162,14.11,14.51,14.5,14.39,13.16,13.28,14.92,14.35,13.39,11.29
"2013-08-01 19:45:00",18285,0.113,0.152,0.162,13.87,14.32,14.43,14.36,13.19,13.28,14.75,14.19,13.39,10.74
"2013-08-01 20:00:00",18286,0.113,0.152,0.162,13.61,14.14,14.34,14.34,13.21,13.29,14.55,14.01,13.39,10.25
"2013-08-01 20:15:00",18287,0.113,0.152,0.162,13.39,13.93,14.24,14.34,13.22,13.28,14.36,13.84,13.39,9.86
"2013-08-01 20:30:00",18288,0.113,0.152,0.162,13.23,13.76,14.15,14.32,13.24,13.27,14.18,13.68,13.4,9.57
"2013-08-01 20:45:00",18289,0.113,0.152,0.162,13.1,13.63,14.04,14.29,13.27,13.27,14.02,13.54,13.4,9.37
"2013-08-01 21:00:00",18290,0.113,0.152,0.162,12.97,13.5,13.95,14.24,13.29,13.27,13.88,13.42,13.4,9.19
"2013-08-01 21:15:00",18291,0.113,0.151,0.162,12.84,13.38,13.87,14.2,13.31,13.25,13.75,13.3,13.4,9.03
"2013-08-01 21:30:00",18292,0.113,0.151,0.162,12.71,13.25,13.77,14.17,13.31,13.26,13.62,13.19,13.4,8.88
"2013-08-01 21:45:00",18293,0.113,0.151,0.162,12.58,13.15,13.7,14.14,13.31,13.26,13.5,13.08,13.4,8.66
"2013-08-01 22:00:00",18294,0.113,0.151,0.162,12.44,13.01,13.61,14.08,13.33,13.26,13.38,12.98,13.4,8.44
"2013-08-01 22:15:00",18295,0.113,0.151,0.162,12.3,12.88,13.52,14.06,13.34,13.26,13.25,12.86,13.39,8.3
"2013-08-01 22:30:00",18296,0.113,0.151,0.162,12.17,12.77,13.41,14.02,13.34,13.26,13.13,12.75,13.4,8.15
"2013-08-01 22:45:00",18297,0.113,0.151,0.162,12.05,12.66,13.32,13.97,13.35,13.27,13.02,12.65,13.39,8.02
"2013-08-01 23:00:00",18298,0.113,0.151,0.162,11.92,12.55,13.25,13.95,13.36,13.27,12.91,12.55,13.39,7.774
"2013-08-01 23:15:00",18299,0.113,0.151,0.162,11.77,12.44,13.16,13.89,13.36,13.28,12.79,12.43,13.39,7.487
"2013-08-01 23:30:00",18300,0.113,0.151,0.162,11.61,12.31,13.1,13.85,13.37,13.28,12.66,12.31,13.39,7.225
"2013-08-01 23:45:00",18301,0.113,0.151,0.162,11.48,12.19,13.01,13.8,13.37,13.29,12.53,12.18,13.39,6.983
"2013-08-02 00:00:00",18302,0.113,0.151,0.162,11.33,12.04,12.93,13.75,13.37,13.29,12.41,12.06,13.39,6.744
"2013-08-02 00:15:00",18303,0.113,0.151,0.162,11.21,11.91,12.85,13.71,13.36,13.3,12.28,11.94,13.39,6.504
"2013-08-02 00:30:00",18304,0.113,0.151,0.162,11.08,11.8,12.75,13.66,13.35,13.3,12.17,11.83,13.39,6.287
"2013-08-02 00:45:00",18305,0.113,0.151,0.162,10.97,11.7,12.67,13.6,13.36,13.3,12.05,11.71,13.39,6.113
"2013-08-02 01:00:00",18306,0.113,0.151,0.162,10.84,11.59,12.61,13.58,13.36,13.31,11.94,11.59,13.38,5.939
"2013-08-02 01:15:00",18307,0.113,0.151,0.162,10.73,11.5,12.52,13.51,13.36,13.31,11.84,11.49,13.38,5.722
"2013-08-02 01:30:00",18308,0.113,0.151,0.162,10.57,11.4,12.45,13.49,13.34,13.31,11.75,11.38,13.38,5.463
"2013-08-02 01:45:00",18309,0.113,0.151,0.162,10.39,11.28,12.37,13.42,13.32,13.31,11.64,11.26,13.38,5.311
"2013-08-02 02:00:00",18310,0.113,0.151,0.162,10.25,11.15,12.27,13.36,13.31,13.31,11.52,11.13,13.38,5.14
"2013-08-02 02:15:00",18311,0.113,0.151,0.162,10.13,11.02,12.17,13.29,13.3,13.31,11.42,11.02,13.39,5.009
"2013-08-02 02:30:00",18312,0.113,0.151,0.162,10.06,10.92,12.1,13.24,13.28,13.31,11.31,10.92,13.39,4.923
"2013-08-02 02:45:00",18313,0.113,0.151,0.162,9.97,10.83,12.02,13.19,13.27,13.31,11.22,10.83,13.39,4.771
"2013-08-02 03:00:00",18314,0.113,0.151,0.162,9.9,10.74,11.93,13.13,13.25,13.31,11.13,10.75,13.39,4.643
"2013-08-02 03:15:00",18315,0.113,0.151,0.162,9.77,10.64,11.86,13.09,13.25,13.3,11.04,10.65,13.39,4.685
"2013-08-02 03:30:00",18316,0.113,0.151,0.162,9.66,10.55,11.78,13.03,13.23,13.31,10.95,10.55,13.39,4.859
"2013-08-02 03:45:00",18317,0.113,0.151,0.162,9.61,10.47,11.7,12.99,13.23,13.31,10.86,10.46,13.39,5.14
"2013-08-02 04:00:00",18318,0.113,0.151,0.162,9.6,10.39,11.64,12.92,13.22,13.31,10.79,10.39,13.39,5.463
"2013-08-02 04:15:00",18319,0.113,0.151,0.162,9.6,10.37,11.58,12.87,13.2,13.31,10.74,10.34,13.4,5.765
"2013-08-02 04:30:00",18320,0.113,0.151,0.162,9.63,10.33,11.5,12.81,13.17,13.31,10.7,10.31,13.39,6.091
"2013-08-02 04:45:00",18321,0.113,0.151,0.162,9.64,10.3,11.47,12.77,13.17,13.31,10.68,10.29,13.4,6.287
"2013-08-02 05:00:00",18322,0.113,0.151,0.162,9.62,10.28,11.4,12.72,13.17,13.31,10.65,10.27,13.39,6.351
"2013-08-02 05:15:00",18323,0.113,0.151,0.162,9.57,10.26,11.36,12.66,13.14,13.31,10.62,10.25,13.39,6.373
"2013-08-02 05:30:00",18324,0.113,0.151,0.162,9.51,10.21,11.31,12.63,13.11,13.31,10.58,10.21,13.39,6.33
"2013-08-02 05:45:00",18325,0.113,0.151,0.162,9.51,10.17,11.26,12.6,13.08,13.31,10.54,10.18,13.39,6.222
"2013-08-02 06:00:00",18326,0.113,0.151,0.162,9.5,10.14,11.24,12.55,13.06,13.31,10.51,10.15,13.39,6.113
"2013-08-02 06:15:00",18327,0.113,0.151,0.162,9.44,10.11,11.19,12.53,13.05,13.31,10.47,10.11,13.39,6.005
"2013-08-02 06:30:00",18328,0.113,0.151,0.162,9.38,10.04,11.14,12.48,13.04,13.31,10.43,10.06,13.39,5.808
"2013-08-02 06:45:00",18329,0.113,0.151,0.162,9.3,9.99,11.1,12.44,13.02,13.31,10.37,10,13.39,5.657
"2013-08-02 07:00:00",18330,0.113,0.151,0.162,9.28,9.93,11.06,12.41,13,13.31,10.32,9.95,13.39,5.657
"2013-08-02 07:15:00",18331,0.113,0.151,0.162,9.27,9.91,11.01,12.37,12.97,13.31,10.27,9.9,13.4,5.7
"2013-08-02 07:30:00",18332,0.113,0.151,0.162,9.26,9.86,10.95,12.32,12.94,13.31,10.23,9.86,13.4,5.851
"2013-08-02 07:45:00",18333,0.113,0.151,0.162,9.26,9.81,10.91,12.3,12.93,13.31,10.2,9.83,13.4,6.156
"2013-08-02 08:00:00",18334,0.113,0.151,0.162,9.31,9.81,10.88,12.26,12.93,13.32,10.19,9.83,13.4,6.461
"2013-08-02 08:15:00",18335,0.113,0.151,0.162,9.35,9.82,10.83,12.22,12.91,13.31,10.2,9.84,13.4,6.832
"2013-08-02 08:30:00",18336,0.113,0.151,0.162,9.42,9.83,10.79,12.19,12.87,13.31,10.21,9.86,13.4,7.245
"2013-08-02 08:45:00",18337,0.113,0.151,0.162,9.51,9.87,10.79,12.15,12.84,13.32,10.24,9.89,13.4,7.686
"2013-08-02 09:00:00",18338,0.113,0.151,0.162,9.66,9.92,10.77,12.11,12.83,13.33,10.3,9.95,13.4,8.15
"2013-08-02 09:15:00",18339,0.113,0.151,0.162,9.85,9.98,10.75,12.1,12.83,13.34,10.38,10.04,13.4,8.72
"2013-08-02 09:30:00",18340,0.113,0.151,0.162,10.04,10.12,10.75,12.07,12.81,13.34,10.49,10.15,13.39,9.32
"2013-08-02 09:45:00",18341,0.113,0.151,0.162,10.23,10.22,10.75,12.03,12.78,13.35,10.61,10.27,13.39,10
"2013-08-02 10:00:00",18342,0.113,0.151,0.162,10.62,10.36,10.79,12.03,12.77,13.34,10.77,10.42,13.39,10.93
"2013-08-02 10:15:00",18343,0.113,0.151,0.162,11.44,10.63,10.82,12.02,12.76,13.35,11.02,10.67,13.36,12.09
"2013-08-02 10:30:00",18344,0.113,0.151,0.162,12.09,11.02,10.88,12,12.74,13.35,11.4,11.03,13.32,12.81
"2013-08-02 10:45:00",18345,0.113,0.151,0.162,12.29,11.35,10.97,11.99,12.7,13.34,11.86,11.39,13.3,13.19
"2013-08-02 11:00:00",18346,0.113,0.151,0.162,12.52,11.57,11.1,11.98,12.67,13.33,12.25,11.68,13.31,13.68
"2013-08-02 11:15:00",18347,0.113,0.151,0.161,12.76,11.79,11.22,11.99,12.66,13.34,12.61,11.93,13.29,13.97
"2013-08-02 11:30:00",18348,0.113,0.151,0.161,13.11,12.03,11.34,12.02,12.65,13.33,12.91,12.15,13.33,14.64
"2013-08-02 11:45:00",18349,0.113,0.151,0.161,13.58,12.32,11.47,12.06,12.64,13.33,13.31,12.46,13.34,15.51
"2013-08-02 12:00:00",18350,0.112,0.151,0.161,14.23,12.67,11.61,12.1,12.62,13.33,13.77,12.88,13.36,16.54
"2013-08-02 12:15:00",18351,0.112,0.151,0.161,15.01,13.12,11.74,12.12,12.6,13.35,14.18,13.34,13.36,17.87
"2013-08-02 12:30:00",18352,0.112,0.151,0.161,15.75,13.59,11.92,12.17,12.59,13.35,14.67,13.85,13.37,18.92
"2013-08-02 12:45:00",18353,0.112,0.151,0.161,16.63,14.14,12.12,12.23,12.59,13.35,15.22,14.41,13.38,20.02
"2013-08-02 13:00:00",18354,0.112,0.151,0.161,17.64,14.77,12.38,12.29,12.58,13.36,15.76,14.95,13.38,20.77
"2013-08-02 13:15:00",18355,0.112,0.151,0.161,18.22,15.4,12.65,12.37,12.57,13.35,16.22,15.47,13.38,21.15
"2013-08-02 13:30:00",18356,0.112,0.151,0.161,18.59,15.85,12.94,12.47,12.57,13.34,16.53,15.9,13.37,21.53
"2013-08-02 13:45:00",18357,0.112,0.151,0.161,18.96,16.27,13.23,12.57,12.57,13.34,16.82,16.24,13.37,22
"2013-08-02 14:00:00",18358,0.112,0.151,0.161,19.4,16.66,13.54,12.67,12.57,13.33,17.13,16.46,13.37,22.7
"2013-08-02 14:15:00",18359,0.111,0.151,0.161,19.81,17.04,13.81,12.8,12.56,13.33,17.38,16.62,13.37,23.44
"2013-08-02 14:30:00",18360,0.111,0.151,0.161,20.08,17.4,14.07,12.93,12.58,13.32,17.63,16.73,13.37,24.13
"2013-08-02 14:45:00",18361,0.111,0.151,0.161,20.12,17.66,14.33,13.07,12.6,13.32,17.9,16.79,13.37,23.61
"2013-08-02 15:00:00",18362,0.111,0.151,0.161,19.64,17.74,14.53,13.2,12.61,13.32,18.03,16.79,13.37,23.1
"2013-08-02 15:15:00",18363,0.111,0.151,0.161,19.23,17.67,14.77,13.36,12.64,13.32,17.97,16.74,13.38,23.29
"2013-08-02 15:30:00",18364,0.111,0.151,0.161,18.87,17.58,14.94,13.52,12.65,13.32,17.88,16.69,13.37,23.72
"2013-08-02 15:45:00",18365,0.111,0.151,0.161,18.59,17.46,15.05,13.65,12.65,13.32,17.78,16.66,13.37,24.07
"2013-08-02 16:00:00",18366,0.111,0.15,0.161,18.31,17.35,15.13,13.77,12.72,13.32,17.68,16.62,13.37,23.7
"2013-08-02 16:15:00",18367,0.111,0.151,0.161,18.04,17.21,15.2,13.89,12.74,13.32,17.59,16.59,13.37,22.75
"2013-08-02 16:30:00",18368,0.111,0.15,0.161,17.75,17.03,15.22,13.98,12.78,13.32,17.48,16.54,13.37,22
"2013-08-02 16:45:00",18369,0.111,0.15,0.161,17.46,16.86,15.24,14.06,12.79,13.32,17.33,16.46,13.37,21.15
"2013-08-02 17:00:00",18370,0.111,0.15,0.161,17.16,16.71,15.25,14.14,12.84,13.33,17.17,16.36,13.37,20.42
"2013-08-02 17:15:00",18371,0.111,0.15,0.161,16.85,16.53,15.24,14.21,12.87,13.32,17,16.23,13.38,19.57
"2013-08-02 17:30:00",18372,0.111,0.15,0.161,16.56,16.36,15.2,14.27,12.9,13.32,16.82,16.1,13.38,18.74
"2013-08-02 17:45:00",18373,0.111,0.15,0.161,16.3,16.17,15.17,14.31,12.95,13.31,16.62,15.95,13.38,17.97
"2013-08-02 18:00:00",18374,0.111,0.15,0.161,16.03,15.95,15.15,14.35,12.96,13.32,16.43,15.8,13.38,17.26
"2013-08-02 18:15:00",18375,0.111,0.15,0.161,15.75,15.77,15.09,14.39,13.01,13.32,16.24,15.64,13.37,16.64
"2013-08-02 18:30:00",18376,0.111,0.15,0.161,15.54,15.59,15.03,14.41,13.06,13.32,16.06,15.49,13.37,16.24
"2013-08-02 18:45:00",18377,0.111,0.15,0.161,15.36,15.44,14.95,14.42,13.07,13.32,15.88,15.34,13.37,16.02
"2013-08-02 19:00:00",18378,0.111,0.15,0.161,15.2,15.31,14.87,14.44,13.11,13.31,15.73,15.22,13.38,15.75
"2013-08-02 19:15:00",18379,0.111,0.15,0.161,15.03,15.17,14.81,14.44,13.16,13.31,15.59,15.1,13.38,15.29
"2013-08-02 19:30:00",18380,0.111,0.15,0.161,14.82,14.99,14.72,14.44,13.16,13.31,15.44,14.98,13.38,14.73
"2013-08-02 19:45:00",18381,0.111,0.15,0.161,14.6,14.84,14.64,14.44,13.2,13.31,15.29,14.84,13.39,14.3
"2013-08-02 20:00:00",18382,0.111,0.15,0.161,14.43,14.7,14.57,14.42,13.23,13.3,15.14,14.71,13.39,13.9
"2013-08-02 20:15:00",18383,0.111,0.15,0.161,14.24,14.56,14.49,14.42,13.27,13.29,15,14.59,13.38,13.38
"2013-08-02 20:30:00",18384,0.111,0.15,0.161,14.07,14.41,14.42,14.39,13.27,13.28,14.86,14.46,13.38,12.84
"2013-08-02 20:45:00",18385,0.111,0.15,0.161,13.92,14.26,14.34,14.38,13.29,13.27,14.71,14.33,13.38,12.33
"2013-08-02 21:00:00",18386,0.111,0.15,0.161,13.79,14.14,14.27,14.35,13.32,13.28,14.57,14.2,13.38,11.96
"2013-08-02 21:15:00",18387,0.111,0.15,0.161,13.68,14,14.2,14.34,13.34,13.28,14.45,14.08,13.38,11.63
"2013-08-02 21:30:00",18388,0.111,0.15,0.161,13.58,13.89,14.12,14.33,13.36,13.29,14.33,13.98,13.38,11.31
"2013-08-02 21:45:00",18389,0.111,0.15,0.161,13.4,13.77,14.06,14.3,13.37,13.29,14.22,13.87,13.38,10.95
"2013-08-02 22:00:00",18390,0.111,0.15,0.161,13.24,13.66,13.98,14.27,13.37,13.29,14.09,13.75,13.38,10.61
"2013-08-02 22:15:00",18391,0.111,0.15,0.161,13.15,13.54,13.91,14.23,13.39,13.29,13.97,13.64,13.38,10.47
"2013-08-02 22:30:00",18392,0.111,0.15,0.161,13.04,13.46,13.84,14.21,13.4,13.29,13.87,13.54,13.38,10.31
"2013-08-02 22:45:00",18393,0.111,0.15,0.161,12.92,13.35,13.77,14.19,13.43,13.29,13.76,13.45,13.37,10.2
"2013-08-02 23:00:00",18394,0.111,0.15,0.16,12.81,13.26,13.71,14.15,13.43,13.3,13.66,13.35,13.38,10.25
"2013-08-02 23:15:00",18395,0.111,0.15,0.16,12.75,13.18,13.66,14.1,13.44,13.29,13.56,13.26,13.38,10.47
"2013-08-02 23:30:00",18396,0.111,0.15,0.16,12.66,13.1,13.57,14.09,13.44,13.29,13.48,13.18,13.38,10.65
"2013-08-02 23:45:00",18397,0.111,0.15,0.16,12.59,13,13.51,14.04,13.43,13.29,13.4,13.11,13.38,10.58
"2013-08-03 00:00:00",18398,0.111,0.15,0.16,12.49,12.92,13.4,14,13.43,13.29,13.31,13.04,13.38,10.58
"2013-08-03 00:15:00",18399,0.111,0.15,0.16,12.42,12.84,13.33,13.98,13.44,13.29,13.23,12.97,13.38,10.56
"2013-08-03 00:30:00",18400,0.111,0.15,0.16,12.32,12.78,13.29,13.94,13.43,13.3,13.15,12.89,13.38,10.54
"2013-08-03 00:45:00",18401,0.111,0.15,0.16,12.26,12.69,13.21,13.89,13.43,13.31,13.07,12.82,13.38,10.45
"2013-08-03 01:00:00",18402,0.111,0.15,0.16,12.13,12.61,13.18,13.87,13.43,13.3,12.99,12.75,13.38,10.27
"2013-08-03 01:15:00",18403,0.111,0.15,0.16,12.05,12.54,13.12,13.84,13.43,13.31,12.91,12.67,13.38,10.04
"2013-08-03 01:30:00",18404,0.111,0.15,0.16,11.94,12.47,13.06,13.78,13.44,13.32,12.83,12.59,13.38,9.73
"2013-08-03 01:45:00",18405,0.111,0.15,0.16,11.83,12.38,13,13.77,13.43,13.32,12.74,12.51,13.38,9.3
"2013-08-03 02:00:00",18406,0.111,0.15,0.16,11.73,12.28,12.93,13.73,13.42,13.31,12.64,12.42,13.38,9.03
"2013-08-03 02:15:00",18407,0.111,0.15,0.16,11.63,12.18,12.88,13.68,13.41,13.31,12.55,12.32,13.38,8.68
"2013-08-03 02:30:00",18408,0.111,0.15,0.161,11.49,12.07,12.82,13.64,13.4,13.31,12.46,12.23,13.38,8.3
"2013-08-03 02:45:00",18409,0.111,0.15,0.161,11.37,11.96,12.76,13.62,13.39,13.33,12.35,12.12,13.38,8.06
"2013-08-03 03:00:00",18410,0.111,0.15,0.161,11.28,11.87,12.69,13.58,13.39,13.33,12.25,12.02,13.37,7.927
"2013-08-03 03:15:00",18411,0.111,0.15,0.161,11.24,11.79,12.63,13.53,13.4,13.33,12.15,11.93,13.38,7.95
"2013-08-03 03:30:00",18412,0.111,0.149,0.16,11.18,11.71,12.55,13.5,13.38,13.32,12.08,11.86,13.37,7.993
"2013-08-03 03:45:00",18413,0.111,0.15,0.16,11.12,11.67,12.5,13.46,13.36,13.34,12.01,11.8,13.38,7.97
"2013-08-03 04:00:00",18414,0.111,0.15,0.16,11.06,11.59,12.44,13.4,13.35,13.33,11.94,11.73,13.38,7.905
"2013-08-03 04:15:00",18415,0.111,0.15,0.16,10.99,11.55,12.4,13.34,13.34,13.33,11.88,11.67,13.38,7.862
"2013-08-03 04:30:00",18416,0.111,0.15,0.16,10.89,11.48,12.33,13.3,13.32,13.33,11.82,11.61,13.38,7.641
"2013-08-03 04:45:00",18417,0.111,0.15,0.16,10.77,11.41,12.28,13.29,13.31,13.32,11.74,11.53,13.38,7.487
"2013-08-03 05:00:00",18418,0.111,0.15,0.16,10.74,11.35,12.2,13.23,13.3,13.32,11.66,11.46,13.38,7.356
"2013-08-03 05:15:00",18419,0.111,0.15,0.16,10.66,11.28,12.16,13.19,13.3,13.32,11.6,11.4,13.38,7.18
"2013-08-03 05:30:00",18420,0.111,0.15,0.16,10.59,11.22,12.1,13.16,13.3,13.31,11.53,11.34,13.38,6.963
"2013-08-03 05:45:00",18421,0.111,0.15,0.16,10.49,11.13,12.05,13.11,13.3,13.31,11.46,11.26,13.37,6.766
"2013-08-03 06:00:00",18422,0.111,0.15,0.16,10.4,11.04,11.99,13.07,13.26,13.31,11.39,11.19,13.37,6.57
"2013-08-03 06:15:00",18423,0.111,0.149,0.16,10.32,10.98,11.94,13.04,13.25,13.31,11.31,11.12,13.37,6.373
"2013-08-03 06:30:00",18424,0.111,0.15,0.16,10.23,10.91,11.89,13,13.23,13.33,11.24,11.04,13.36,6.068
"2013-08-03 06:45:00",18425,0.111,0.15,0.16,10.1,10.85,11.82,12.95,13.21,13.33,11.16,10.95,13.36,5.788
"2013-08-03 07:00:00",18426,0.111,0.15,0.16,10,10.76,11.79,12.91,13.2,13.33,11.06,10.86,13.36,5.485
"2013-08-03 07:15:00",18427,0.111,0.15,0.16,9.88,10.66,11.71,12.88,13.18,13.33,10.97,10.76,13.37,5.16
"2013-08-03 07:30:00",18428,0.111,0.15,0.16,9.77,10.57,11.67,12.84,13.16,13.35,10.88,10.66,13.37,4.945
"2013-08-03 07:45:00",18429,0.111,0.15,0.16,9.71,10.49,11.6,12.8,13.14,13.36,10.79,10.56,13.36,5.051
"2013-08-03 08:00:00",18430,0.111,0.15,0.16,9.73,10.41,11.55,12.75,13.14,13.36,10.72,10.5,13.36,5.485
"2013-08-03 08:15:00",18431,0.111,0.15,0.16,9.83,10.38,11.49,12.72,13.13,13.36,10.69,10.47,13.36,6.504
"2013-08-03 08:30:00",18432,0.111,0.15,0.16,10.06,10.43,11.45,12.68,13.12,13.36,10.72,10.5,13.37,8.02
"2013-08-03 08:45:00",18433,0.111,0.15,0.16,10.31,10.54,11.38,12.64,13.09,13.35,10.82,10.61,13.37,9.35
"2013-08-03 09:00:00",18434,0.111,0.149,0.16,10.52,10.63,11.37,12.6,13.1,13.37,10.94,10.73,13.37,10.43
"2013-08-03 09:15:00",18435,0.111,0.15,0.16,10.8,10.75,11.37,12.58,13.07,13.39,11.07,10.86,13.35,11.47
"2013-08-03 09:30:00",18436,0.111,0.15,0.16,11.24,10.92,11.38,12.55,13.05,13.38,11.22,11.03,13.3,12.6
"2013-08-03 09:45:00",18437,0.111,0.149,0.16,11.6,11.14,11.41,12.51,13.03,13.38,11.43,11.26,13.29,13.45
"2013-08-03 10:00:00",18438,0.111,0.149,0.16,11.96,11.38,11.45,12.51,13.03,13.37,11.7,11.52,13.29,14.21
"2013-08-03 10:15:00",18439,0.111,0.149,0.16,12.69,11.67,11.52,12.49,13,13.37,12.02,11.81,13.29,14.9
"2013-08-03 10:30:00",18440,0.111,0.149,0.16,13.21,12.04,11.6,12.48,12.98,13.37,12.4,12.15,13.29,15.58
"2013-08-03 10:45:00",18441,0.111,0.149,0.16,13.5,12.35,11.71,12.48,12.96,13.36,12.91,12.52,13.31,16.14
"2013-08-03 11:00:00",18442,0.111,0.149,0.16,13.75,12.6,11.83,12.49,12.96,13.36,13.51,12.9,13.31,16.56
"2013-08-03 11:15:00",18443,0.111,0.149,0.16,14.23,12.9,11.95,12.51,12.95,13.36,14.14,13.24,13.32,17.04
"2013-08-03 11:30:00",18444,0.11,0.149,0.16,14.77,13.28,12.11,12.55,12.92,13.36,14.72,13.52,13.33,17.54
"2013-08-03 11:45:00",18445,0.11,0.149,0.16,15.1,13.57,12.26,12.58,12.9,13.36,15.25,13.9,13.33,18.12
"2013-08-03 12:00:00",18446,0.11,0.149,0.16,15.65,13.9,12.44,12.61,12.87,13.35,15.75,14.37,13.33,18.79
"2013-08-03 12:15:00",18447,0.11,0.149,0.159,16.24,14.32,12.6,12.67,12.87,13.35,16.13,14.84,13.35,19.39
"2013-08-03 12:30:00",18448,0.11,0.149,0.159,16.76,14.74,12.81,12.72,12.87,13.36,16.51,15.29,13.35,19.78
"2013-08-03 12:45:00",18449,0.11,0.149,0.159,17.41,15.21,13.02,12.8,12.88,13.38,16.93,15.75,13.36,20.13
"2013-08-03 13:00:00",18450,0.11,0.149,0.159,18.28,15.69,13.24,12.88,12.87,13.38,17.32,16.18,13.36,20.64
"2013-08-03 13:15:00",18451,0.11,0.149,0.159,18.84,16.22,13.52,12.98,12.88,13.38,17.67,16.64,13.36,20.93
"2013-08-03 13:30:00",18452,0.11,0.149,0.159,19.19,16.64,13.79,13.08,12.88,13.39,17.87,17.03,13.36,21.02
"2013-08-03 13:45:00",18453,0.11,0.149,0.159,19.56,17.02,14.04,13.18,12.89,13.38,18.08,17.34,13.37,21.42
"2013-08-03 14:00:00",18454,0.11,0.149,0.159,19.95,17.39,14.3,13.3,12.9,13.39,18.31,17.53,13.36,21.81
"2013-08-03 14:15:00",18455,0.11,0.149,0.159,20.23,17.7,14.53,13.45,12.9,13.38,18.49,17.61,13.37,22.11
"2013-08-03 14:30:00",18456,0.11,0.149,0.159,20.42,17.97,14.79,13.58,12.9,13.38,18.67,17.63,13.37,22.33
"2013-08-03 14:45:00",18457,0.11,0.149,0.159,20.52,18.21,15.03,13.71,12.92,13.38,18.88,17.6,13.37,22.53
"2013-08-03 15:00:00",18458,0.109,0.149,0.159,20.48,18.36,15.24,13.83,12.93,13.38,19.03,17.54,13.37,22.84
"2013-08-03 15:15:00",18459,0.109,0.149,0.159,20.14,18.41,15.42,13.97,12.94,13.37,19.02,17.45,13.37,22.95
"2013-08-03 15:30:00",18460,0.109,0.149,0.159,19.63,18.31,15.58,14.1,12.97,13.38,18.89,17.35,13.37,23.01
"2013-08-03 15:45:00",18461,0.109,0.149,0.159,19.15,18.15,15.7,14.22,13.02,13.38,18.7,17.24,13.37,22.87
"2013-08-03 16:00:00",18462,0.109,0.149,0.159,18.76,17.92,15.79,14.34,13.04,13.37,18.5,17.12,13.37,22.11
"2013-08-03 16:15:00",18463,0.109,0.149,0.159,18.39,17.73,15.82,14.43,13.06,13.38,18.29,17.01,13.37,21.02
"2013-08-03 16:30:00",18464,0.109,0.149,0.159,18.02,17.54,15.84,14.53,13.1,13.38,18.09,16.88,13.37,20.13
"2013-08-03 16:45:00",18465,0.109,0.149,0.159,17.69,17.33,15.83,14.61,13.14,13.38,17.87,16.74,13.37,19.13
"2013-08-03 17:00:00",18466,0.109,0.149,0.159,17.35,17.11,15.81,14.68,13.18,13.35,17.64,16.59,13.37,18.25
"2013-08-03 17:15:00",18467,0.109,0.149,0.159,16.98,16.86,15.76,14.75,13.21,13.34,17.4,16.42,13.37,17.41
"2013-08-03 17:30:00",18468,0.109,0.149,0.159,16.68,16.64,15.73,14.78,13.23,13.34,17.18,16.25,13.37,16.74
"2013-08-03 17:45:00",18469,0.109,0.149,0.159,16.42,16.44,15.66,14.83,13.29,13.35,16.95,16.08,13.37,16.12
"2013-08-03 18:00:00",18470,0.109,0.149,0.159,16.16,16.24,15.59,14.84,13.31,13.35,16.73,15.91,13.37,15.6
"2013-08-03 18:15:00",18471,0.109,0.149,0.159,15.9,16.03,15.51,14.84,13.35,13.35,16.52,15.74,13.37,15.17
"2013-08-03 18:30:00",18472,0.109,0.148,0.159,15.67,15.83,15.44,14.85,13.39,13.35,16.31,15.58,13.37,14.78
"2013-08-03 18:45:00",18473,0.109,0.148,0.159,15.44,15.65,15.35,14.87,13.41,13.36,16.12,15.42,13.37,14.44
"2013-08-03 19:00:00",18474,0.109,0.148,0.159,15.25,15.5,15.27,14.87,13.45,13.36,15.93,15.27,13.37,14.25
"2013-08-03 19:15:00",18475,0.109,0.148,0.159,15.09,15.34,15.19,14.86,13.49,13.36,15.76,15.13,13.38,14.04
"2013-08-03 19:30:00",18476,0.109,0.148,0.159,14.91,15.2,15.1,14.85,13.5,13.36,15.6,15,13.38,13.71
"2013-08-03 19:45:00",18477,0.109,0.148,0.159,14.74,15.03,15.01,14.83,13.51,13.36,15.45,14.87,13.38,13.56
"2013-08-03 20:00:00",18478,0.109,0.148,0.159,14.57,14.89,14.91,14.81,13.54,13.36,15.31,14.75,13.38,13.4
"2013-08-03 20:15:00",18479,0.109,0.148,0.159,14.44,14.75,14.83,14.81,13.56,13.36,15.18,14.65,13.38,13.14
"2013-08-03 20:30:00",18480,0.109,0.148,0.159,14.28,14.62,14.75,14.8,13.59,13.36,15.04,14.54,13.38,12.88
"2013-08-03 20:45:00",18481,0.109,0.148,0.159,14.13,14.51,14.65,14.77,13.59,13.36,14.91,14.42,13.37,12.58
"2013-08-03 21:00:00",18482,0.109,0.148,0.159,14,14.38,14.56,14.73,13.61,13.36,14.78,14.3,13.37,12.3
"2013-08-03 21:15:00",18483,0.109,0.148,0.159,13.86,14.25,14.49,14.72,13.62,13.36,14.64,14.18,13.38,12.05
"2013-08-03 21:30:00",18484,0.109,0.148,0.159,13.71,14.13,14.42,14.69,13.65,13.37,14.51,14.07,13.38,11.68
"2013-08-03 21:45:00",18485,0.109,0.148,0.159,13.57,13.98,14.35,14.65,13.66,13.37,14.38,13.96,13.37,11.24
"2013-08-03 22:00:00",18486,0.109,0.148,0.159,13.42,13.86,14.27,14.61,13.67,13.38,14.26,13.84,13.37,10.86
"2013-08-03 22:15:00",18487,0.109,0.148,0.159,13.25,13.74,14.2,14.55,13.67,13.38,14.13,13.74,13.37,10.45
"2013-08-03 22:30:00",18488,0.109,0.148,0.159,13.12,13.62,14.11,14.54,13.67,13.38,14.01,13.62,13.36,10.18
"2013-08-03 22:45:00",18489,0.109,0.148,0.159,13,13.51,14.05,14.5,13.67,13.38,13.88,13.51,13.36,10
"2013-08-03 23:00:00",18490,0.109,0.148,0.159,12.89,13.42,13.96,14.45,13.68,13.38,13.77,13.41,13.36,9.86
"2013-08-03 23:15:00",18491,0.109,0.148,0.159,12.79,13.32,13.89,14.43,13.68,13.38,13.66,13.31,13.36,9.86
"2013-08-03 23:30:00",18492,0.109,0.148,0.159,12.68,13.22,13.82,14.38,13.68,13.38,13.56,13.22,13.36,9.84
"2013-08-03 23:45:00",18493,0.109,0.148,0.159,12.59,13.14,13.75,14.34,13.68,13.38,13.47,13.13,13.35,9.97
"2013-08-04 00:00:00",18494,0.109,0.148,0.159,12.54,13.03,13.68,14.31,13.68,13.38,13.38,13.05,13.36,10.09
"2013-08-04 00:15:00",18495,0.109,0.148,0.159,12.49,12.96,13.61,14.26,13.68,13.38,13.31,12.99,13.36,10.25
"2013-08-04 00:30:00",18496,0.109,0.148,0.159,12.43,12.9,13.54,14.21,13.68,13.39,13.24,12.93,13.36,10.38
"2013-08-04 00:45:00",18497,0.109,0.148,0.159,12.4,12.83,13.46,14.18,13.68,13.38,13.17,12.87,13.36,10.43
"2013-08-04 01:00:00",18498,0.109,0.148,0.159,12.34,12.79,13.4,14.13,13.68,13.39,13.12,12.82,13.35,10.49
"2013-08-04 01:15:00",18499,0.109,0.148,0.159,12.31,12.72,13.31,14.1,13.68,13.39,13.06,12.77,13.36,10.54
"2013-08-04 01:30:00",18500,0.109,0.148,0.159,12.25,12.64,13.28,14.05,13.67,13.39,13.01,12.73,13.36,10.49
"2013-08-04 01:45:00",18501,0.109,0.148,0.159,12.17,12.61,13.22,14.01,13.68,13.39,12.96,12.69,13.36,10.36
"2013-08-04 02:00:00",18502,0.109,0.148,0.159,12.07,12.54,13.19,13.98,13.68,13.39,12.9,12.64,13.36,10.22
"2013-08-04 02:15:00",18503,0.109,0.148,0.159,12.01,12.5,13.13,13.94,13.64,13.39,12.83,12.57,13.36,10.16
"2013-08-04 02:30:00",18504,0.109,0.148,0.159,11.95,12.43,13.08,13.9,13.63,13.39,12.77,12.52,13.35,10.2
"2013-08-04 02:45:00",18505,0.109,0.148,0.159,11.95,12.4,13.03,13.87,13.63,13.39,12.72,12.47,13.35,10.61
"2013-08-04 03:00:00",18506,0.109,0.148,0.159,11.97,12.37,12.98,13.84,13.62,13.39,12.68,12.45,13.35,11.22
"2013-08-04 03:15:00",18507,0.109,0.148,0.159,12.02,12.33,12.95,13.78,13.59,13.39,12.67,12.45,13.36,11.77
"2013-08-04 03:30:00",18508,0.109,0.148,0.159,12.05,12.33,12.9,13.76,13.57,13.39,12.67,12.46,13.36,12.14
"2013-08-04 03:45:00",18509,0.109,0.148,0.159,12.06,12.32,12.88,13.72,13.57,13.4,12.67,12.46,13.36,12.26
"2013-08-04 04:00:00",18510,0.109,0.148,0.159,12.05,12.32,12.85,13.68,13.57,13.4,12.66,12.47,13.37,12.33
"2013-08-04 04:15:00",18511,0.109,0.148,0.159,12.03,12.32,12.82,13.68,13.57,13.4,12.65,12.47,13.38,12.28
"2013-08-04 04:30:00",18512,0.109,0.148,0.159,12.01,12.32,12.78,13.64,13.55,13.41,12.64,12.46,13.38,12.05
"2013-08-04 04:45:00",18513,0.109,0.148,0.158,11.97,12.29,12.75,13.6,13.53,13.41,12.62,12.45,13.38,11.7
"2013-08-04 05:00:00",18514,0.109,0.148,0.159,11.91,12.25,12.71,13.57,13.52,13.42,12.58,12.42,13.38,11.36
"2013-08-04 05:15:00",18515,0.109,0.148,0.158,11.86,12.2,12.7,13.57,13.5,13.42,12.54,12.38,13.38,10.99
"2013-08-04 05:30:00",18516,0.109,0.148,0.159,11.83,12.18,12.69,13.55,13.49,13.43,12.5,12.34,13.38,10.65
"2013-08-04 05:45:00",18517,0.109,0.148,0.158,11.73,12.09,12.66,13.52,13.48,13.43,12.45,12.3,13.38,10.2
"2013-08-04 06:00:00",18518,0.109,0.148,0.158,11.62,12.02,12.61,13.49,13.48,13.43,12.39,12.23,13.37,9.77
"2013-08-04 06:15:00",18519,0.109,0.148,0.159,11.53,11.95,12.57,13.45,13.48,13.44,12.32,12.16,13.37,9.39
"2013-08-04 06:30:00",18520,0.109,0.148,0.158,11.44,11.9,12.54,13.42,13.45,13.44,12.25,12.09,13.36,9.1
"2013-08-04 06:45:00",18521,0.109,0.148,0.158,11.37,11.82,12.51,13.39,13.44,13.44,12.18,12.02,13.36,8.97
"2013-08-04 07:00:00",18522,0.109,0.148,0.158,11.34,11.76,12.45,13.35,13.43,13.44,12.11,11.96,13.37,9.01
"2013-08-04 07:15:00",18523,0.109,0.148,0.158,11.36,11.71,12.43,13.32,13.43,13.44,12.07,11.92,13.37,9.21
"2013-08-04 07:30:00",18524,0.109,0.148,0.158,11.37,11.7,12.38,13.29,13.43,13.44,12.04,11.89,13.36,9.39
"2013-08-04 07:45:00",18525,0.109,0.148,0.158,11.37,11.7,12.33,13.28,13.42,13.45,12.03,11.88,13.36,9.52
"2013-08-04 08:00:00",18526,0.109,0.148,0.158,11.39,11.7,12.33,13.24,13.4,13.45,12.02,11.88,13.36,9.82
"2013-08-04 08:15:00",18527,0.109,0.148,0.158,11.49,11.7,12.29,13.21,13.39,13.46,12.02,11.88,13.38,10.47
"2013-08-04 08:30:00",18528,0.109,0.148,0.158,11.64,11.73,12.27,13.2,13.37,13.46,12.07,11.92,13.37,11.33
"2013-08-04 08:45:00",18529,0.109,0.148,0.158,11.76,11.78,12.24,13.18,13.36,13.47,12.14,11.99,13.36,12.07
"2013-08-04 09:00:00",18530,0.109,0.147,0.158,11.89,11.85,12.23,13.14,13.37,13.47,12.24,12.08,13.36,12.72
"2013-08-04 09:15:00",18531,0.109,0.147,0.158,12.1,11.95,12.25,13.14,13.35,13.47,12.35,12.18,13.35,13.45
"2013-08-04 09:30:00",18532,0.109,0.147,0.158,12.45,12.08,12.26,13.12,13.32,13.45,12.48,12.32,13.35,14.44
"2013-08-04 09:45:00",18533,0.109,0.147,0.158,12.85,12.29,12.28,13.09,13.3,13.45,12.68,12.52,13.34,15.55
"2013-08-04 10:00:00",18534,0.109,0.147,0.158,13.27,12.53,12.33,13.07,13.29,13.46,12.96,12.77,13.34,16.34
"2013-08-04 10:15:00",18535,0.109,0.147,0.158,13.99,12.83,12.4,13.07,13.3,13.45,13.28,13.06,13.34,17.06
"2013-08-04 10:30:00",18536,0.109,0.147,0.158,14.47,13.21,12.49,13.07,13.29,13.46,13.67,13.39,13.34,17.56
"2013-08-04 10:45:00",18537,0.109,0.147,0.158,14.7,13.47,12.6,13.07,13.25,13.46,14.15,13.73,13.34,17.99
"2013-08-04 11:00:00",18538,0.109,0.147,0.158,15,13.72,12.71,13.1,13.25,13.48,14.69,14.08,13.34,18.4
"2013-08-04 11:15:00",18539,0.108,0.147,0.158,15.51,14.02,12.85,13.12,13.24,13.48,15.32,14.42,13.35,18.79
"2013-08-04 11:30:00",18540,0.108,0.147,0.158,15.97,14.38,13,13.18,13.24,13.48,15.9,14.71,13.35,19.08
"2013-08-04 11:45:00",18541,0.108,0.147,0.158,16.25,14.66,13.15,13.22,13.24,13.48,16.43,15.09,13.35,19.42
"2013-08-04 12:00:00",18542,0.108,0.147,0.158,16.8,15,13.31,13.26,13.24,13.48,16.9,15.55,13.36,19.94
"2013-08-04 12:15:00",18543,0.108,0.147,0.158,17.47,15.4,13.5,13.32,13.24,13.48,17.29,16.03,13.36,20.58
"2013-08-04 12:30:00",18544,0.108,0.147,0.158,18.1,15.82,13.7,13.39,13.24,13.48,17.7,16.5,13.36,20.99
"2013-08-04 12:45:00",18545,0.108,0.147,0.158,18.96,16.34,13.91,13.48,13.23,13.48,18.17,16.99,13.36,21.31
"2013-08-04 13:00:00",18546,0.108,0.147,0.158,19.96,16.94,14.14,13.57,13.23,13.48,18.64,17.48,13.36,21.59
"2013-08-04 13:15:00",18547,0.108,0.147,0.158,20.46,17.52,14.4,13.66,13.23,13.48,19.01,17.96,13.36,21.59
"2013-08-04 13:30:00",18548,0.108,0.147,0.157,20.58,17.9,14.68,13.75,13.23,13.48,19.19,18.32,13.36,21.64
"2013-08-04 13:45:00",18549,0.108,0.147,0.157,20.77,18.23,14.97,13.87,13.24,13.48,19.32,18.54,13.36,21.97
"2013-08-04 14:00:00",18550,0.108,0.147,0.157,21.12,18.51,15.24,13.99,13.24,13.48,19.49,18.67,13.36,22.67
"2013-08-04 14:15:00",18551,0.108,0.147,0.157,21.4,18.79,15.47,14.13,13.26,13.47,19.64,18.77,13.36,23.29
"2013-08-04 14:30:00",18552,0.108,0.147,0.157,21.57,19.07,15.71,14.26,13.27,13.47,19.8,18.81,13.36,23.52
"2013-08-04 14:45:00",18553,0.107,0.147,0.157,21.56,19.29,15.94,14.39,13.27,13.47,19.97,18.79,13.36,22.98
"2013-08-04 15:00:00",18554,0.107,0.147,0.157,21.2,19.37,16.16,14.51,13.3,13.47,20.01,18.71,13.36,22.11
"2013-08-04 15:15:00",18555,0.107,0.147,0.157,20.74,19.28,16.33,14.64,13.33,13.47,19.88,18.58,13.37,21.7
"2013-08-04 15:30:00",18556,0.107,0.147,0.157,20.25,19.08,16.46,14.78,13.35,13.47,19.69,18.43,13.36,20.66
"2013-08-04 15:45:00",18557,0.107,0.147,0.157,19.77,18.86,16.54,14.88,13.39,13.48,19.44,18.26,13.36,19.73
"2013-08-04 16:00:00",18558,0.107,0.147,0.157,19.29,18.62,16.59,14.99,13.43,13.48,19.19,18.08,13.37,18.97
"2013-08-04 16:15:00",18559,0.107,0.147,0.157,18.9,18.38,16.59,15.1,13.45,13.48,18.93,17.89,13.36,18.38
"2013-08-04 16:30:00",18560,0.108,0.147,0.157,18.58,18.16,16.57,15.19,13.49,13.48,18.69,17.72,13.36,17.97
"2013-08-04 16:45:00",18561,0.107,0.147,0.157,18.26,17.92,16.56,15.26,13.53,13.47,18.46,17.55,13.36,17.66
"2013-08-04 17:00:00",18562,0.108,0.147,0.157,17.98,17.72,16.51,15.31,13.54,13.46,18.25,17.4,13.36,17.31
"2013-08-04 17:15:00",18563,0.107,0.147,0.157,17.66,17.53,16.44,15.36,13.59,13.45,18.03,17.23,13.35,16.84
"2013-08-04 17:30:00",18564,0.108,0.147,0.157,17.35,17.31,16.4,15.4,13.64,13.45,17.8,17.04,13.35,16.27
"2013-08-04 17:45:00",18565,0.107,0.146,0.157,17.02,17.08,16.32,15.44,13.67,13.45,17.57,16.85,13.36,15.65
"2013-08-04 18:00:00",18566,0.107,0.146,0.157,16.72,16.85,16.25,15.47,13.72,13.45,17.34,16.66,13.36,15.21
"2013-08-04 18:15:00",18567,0.108,0.146,0.157,16.49,16.65,16.16,15.47,13.74,13.46,17.12,16.47,13.36,14.83
"2013-08-04 18:30:00",18568,0.108,0.146,0.157,16.27,16.45,16.08,15.47,13.77,13.46,16.91,16.3,13.35,14.52
"2013-08-04 18:45:00",18569,0.108,0.146,0.157,16.06,16.27,15.99,15.48,13.83,13.46,16.71,16.13,13.35,14.32
"2013-08-04 19:00:00",18570,0.108,0.146,0.157,15.87,16.1,15.87,15.47,13.84,13.46,16.53,15.97,13.36,14.13
"2013-08-04 19:15:00",18571,0.107,0.146,0.157,15.67,15.91,15.78,15.46,13.89,13.46,16.35,15.83,13.36,13.8
"2013-08-04 19:30:00",18572,0.108,0.146,0.157,15.44,15.75,15.67,15.44,13.94,13.46,16.18,15.68,13.35,13.3
"2013-08-04 19:45:00",18573,0.107,0.146,0.157,15.23,15.58,15.58,15.41,13.94,13.46,16.01,15.52,13.37,12.79
"2013-08-04 20:00:00",18574,0.107,0.146,0.157,15.01,15.43,15.48,15.38,13.96,13.47,15.83,15.36,13.37,12.3
"2013-08-04 20:15:00",18575,0.107,0.146,0.157,14.81,15.26,15.4,15.34,13.99,13.47,15.65,15.19,13.37,11.82
"2013-08-04 20:30:00",18576,0.107,0.146,0.157,14.56,15.09,15.3,15.3,14.03,13.47,15.47,15.03,13.36,11.27
"2013-08-04 20:45:00",18577,0.107,0.146,0.157,14.34,14.89,15.21,15.3,14.02,13.47,15.29,14.86,13.34,10.81
"2013-08-04 21:00:00",18578,0.108,0.146,0.157,14.15,14.72,15.1,15.26,14.03,13.48,15.11,14.69,13.33,10.43
"2013-08-04 21:15:00",18579,0.107,0.146,0.157,13.96,14.56,14.99,15.21,14.05,13.48,14.95,14.52,13.33,9.97
"2013-08-04 21:30:00",18580,0.107,0.146,0.157,13.76,14.39,14.89,15.17,14.06,13.48,14.77,14.36,13.32,9.52
"2013-08-04 21:45:00",18581,0.108,0.146,0.157,13.58,14.23,14.78,15.13,14.08,13.48,14.6,14.19,13.32,9.19
"2013-08-04 22:00:00",18582,0.107,0.146,0.157,13.4,14.04,14.67,15.07,14.1,13.48,14.44,14.04,13.31,8.9
"2013-08-04 22:15:00",18583,0.108,0.146,0.157,13.22,13.89,14.55,15.01,14.09,13.48,14.28,13.89,13.31,8.59
"2013-08-04 22:30:00",18584,0.108,0.146,0.157,13.05,13.74,14.45,14.97,14.08,13.48,14.13,13.74,13.29,8.41
"2013-08-04 22:45:00",18585,0.108,0.146,0.157,12.9,13.62,14.36,14.91,14.07,13.48,13.98,13.59,13.28,8.35
"2013-08-04 23:00:00",18586,0.108,0.146,0.157,12.81,13.49,14.26,14.86,14.08,13.49,13.85,13.47,13.26,8.33
"2013-08-04 23:15:00",18587,0.108,0.146,0.157,12.69,13.37,14.16,14.83,14.08,13.48,13.73,13.35,13.28,8.33
"2013-08-04 23:30:00",18588,0.108,0.146,0.157,12.57,13.26,14.08,14.76,14.08,13.49,13.61,13.25,13.28,8.26
"2013-08-04 23:45:00",18589,0.108,0.146,0.157,12.47,13.17,13.98,14.73,14.08,13.49,13.5,13.14,13.27,8.33
"2013-08-05 00:00:00",18590,0.108,0.146,0.157,12.38,13.05,13.91,14.67,14.07,13.49,13.39,13.04,13.28,8.37
"2013-08-05 00:15:00",18591,0.108,0.146,0.157,12.29,12.95,13.83,14.62,14.08,13.49,13.29,12.95,13.27,8.57
"2013-08-05 00:30:00",18592,0.108,0.146,0.157,12.25,12.87,13.75,14.56,14.07,13.49,13.21,12.87,13.27,8.77
"2013-08-05 00:45:00",18593,0.108,0.146,0.157,12.22,12.79,13.66,14.52,14.06,13.49,13.13,12.8,13.27,9.01
"2013-08-05 01:00:00",18594,0.108,0.146,0.157,12.17,12.76,13.59,14.45,14.06,13.49,13.07,12.75,13.27,9.21
"2013-08-05 01:15:00",18595,0.108,0.146,0.157,12.14,12.68,13.52,14.41,14.05,13.51,13.01,12.7,13.27,9.35
"2013-08-05 01:30:00",18596,0.108,0.146,0.157,12.11,12.62,13.43,14.34,14.03,13.51,12.96,12.67,13.28,9.57
"2013-08-05 01:45:00",18597,0.108,0.146,0.157,12.09,12.6,13.37,14.31,14.01,13.52,12.92,12.63,13.28,9.86
"2013-08-05 02:00:00",18598,0.108,0.146,0.157,12.09,12.57,13.29,14.26,14,13.52,12.88,12.61,13.29,10.04
"2013-08-05 02:15:00",18599,0.108,0.146,0.157,12.07,12.53,13.28,14.21,14,13.53,12.85,12.58,13.27,10.11
"2013-08-05 02:30:00",18600,0.108,0.146,0.157,12.06,12.52,13.21,14.17,14,13.53,12.82,12.56,13.29,10.06
"2013-08-05 02:45:00",18601,0.108,0.146,0.157,12.02,12.48,13.18,14.12,13.97,13.53,12.79,12.54,13.27,9.82
"2013-08-05 03:00:00",18602,0.108,0.146,0.157,11.94,12.42,13.13,14.07,13.97,13.53,12.74,12.5,13.27,9.48
"2013-08-05 03:15:00",18603,0.108,0.146,0.157,11.86,12.37,13.07,14.04,13.95,13.53,12.69,12.45,13.27,9.12
"2013-08-05 03:30:00",18604,0.108,0.146,0.157,11.76,12.3,13.04,13.99,13.92,13.54,12.62,12.39,13.27,8.75
"2013-08-05 03:45:00",18605,0.108,0.146,0.157,11.67,12.23,12.99,13.97,13.89,13.55,12.55,12.32,13.29,8.44
"2013-08-05 04:00:00",18606,0.108,0.145,0.157,11.58,12.15,12.93,13.94,13.87,13.56,12.47,12.25,13.29,8.17
"2013-08-05 04:15:00",18607,0.108,0.145,0.157,11.52,12.05,12.9,13.89,13.86,13.56,12.4,12.17,13.29,8.08
"2013-08-05 04:30:00",18608,0.108,0.145,0.157,11.47,12,12.83,13.86,13.83,13.56,12.33,12.11,13.29,8.04
"2013-08-05 04:45:00",18609,0.108,0.145,0.157,11.46,11.93,12.8,13.82,13.81,13.58,12.27,12.05,13.29,8.08
"2013-08-05 05:00:00",18610,0.108,0.145,0.157,11.41,11.9,12.74,13.77,13.78,13.58,12.22,12.01,13.29,8.13
"2013-08-05 05:15:00",18611,0.108,0.145,0.157,11.37,11.85,12.68,13.74,13.78,13.58,12.17,11.97,13.28,8.06
"2013-08-05 05:30:00",18612,0.108,0.145,0.157,11.34,11.8,12.63,13.71,13.77,13.58,12.13,11.93,13.28,7.905
"2013-08-05 05:45:00",18613,0.108,0.145,0.157,11.25,11.76,12.6,13.66,13.77,13.58,12.07,11.88,13.29,7.663
"2013-08-05 06:00:00",18614,0.108,0.145,0.157,11.13,11.68,12.54,13.62,13.74,13.59,12.01,11.82,13.3,7.356
"2013-08-05 06:15:00",18615,0.108,0.145,0.157,11,11.61,12.52,13.59,13.73,13.59,11.93,11.73,13.3,7.028
"2013-08-05 06:30:00",18616,0.108,0.145,0.157,10.88,11.54,12.45,13.55,13.71,13.57,11.85,11.64,13.29,6.744
"2013-08-05 06:45:00",18617,0.108,0.145,0.157,10.76,11.46,12.41,13.51,13.69,13.57,11.76,11.56,13.27,6.504
"2013-08-05 07:00:00",18618,0.108,0.145,0.157,10.66,11.36,12.35,13.5,13.65,13.57,11.67,11.47,13.26,6.373
"2013-08-05 07:15:00",18619,0.108,0.145,0.157,10.58,11.28,12.28,13.45,13.64,13.56,11.59,11.38,13.26,6.222
"2013-08-05 07:30:00",18620,0.108,0.145,0.157,10.5,11.21,12.21,13.39,13.62,13.56,11.51,11.3,13.26,6.156
"2013-08-05 07:45:00",18621,0.108,0.145,0.157,10.47,11.14,12.15,13.34,13.6,13.56,11.45,11.23,13.27,6.265
"2013-08-05 08:00:00",18622,0.108,0.145,0.157,10.47,11.1,12.1,13.3,13.6,13.57,11.4,11.18,13.27,6.656
"2013-08-05 08:15:00",18623,0.108,0.145,0.157,10.54,11.06,12.06,13.27,13.59,13.58,11.38,11.16,13.27,7.618
"2013-08-05 08:30:00",18624,0.108,0.145,0.157,10.76,11.1,12,13.22,13.56,13.59,11.39,11.18,13.27,9.26
"2013-08-05 08:45:00",18625,0.108,0.145,0.157,11.05,11.19,11.97,13.2,13.57,13.59,11.47,11.27,13.28,10.79
"2013-08-05 09:00:00",18626,0.108,0.145,0.156,11.27,11.3,11.95,13.15,13.54,13.6,11.58,11.39,13.29,12.12
"2013-08-05 09:15:00",18627,0.108,0.145,0.156,11.54,11.43,11.94,13.12,13.52,13.6,11.72,11.53,13.29,13.19
"2013-08-05 09:30:00",18628,0.108,0.145,0.156,11.91,11.59,11.96,13.08,13.49,13.59,11.87,11.7,13.29,14.01
"2013-08-05 09:45:00",18629,0.107,0.145,0.156,12.23,11.78,12,13.04,13.49,13.59,12.06,11.92,13.29,14.75
"2013-08-05 10:00:00",18630,0.107,0.145,0.156,12.6,12,12.03,13.05,13.48,13.6,12.31,12.17,13.3,15.29
"2013-08-05 10:15:00",18631,0.107,0.145,0.156,13.25,12.3,12.09,13.03,13.45,13.6,12.61,12.44,13.3,15.82
"2013-08-05 10:30:00",18632,0.107,0.145,0.156,13.77,12.64,12.17,13.02,13.43,13.6,12.96,12.74,13.3,16.32
"2013-08-05 10:45:00",18633,0.107,0.145,0.156,14,12.91,12.3,13.02,13.41,13.59,13.45,13.1,13.3,16.81
"2013-08-05 11:00:00",18634,0.107,0.145,0.156,14.27,13.18,12.41,13.04,13.42,13.59,14.06,13.47,13.3,17.36
"2013-08-05 11:15:00",18635,0.107,0.145,0.156,14.84,13.47,12.53,13.06,13.4,13.6,14.7,13.83,13.3,17.92
"2013-08-05 11:30:00",18636,0.107,0.145,0.156,15.38,13.83,12.67,13.07,13.36,13.6,15.31,14.14,13.31,18.48
"2013-08-05 11:45:00",18637,0.107,0.145,0.156,15.77,14.16,12.84,13.1,13.35,13.62,15.86,14.55,13.31,19.05
"2013-08-05 12:00:00",18638,0.107,0.145,0.156,16.38,14.52,13,13.15,13.34,13.63,16.37,15.06,13.3,19.65
"2013-08-05 12:15:00",18639,0.107,0.145,0.156,17.01,14.95,13.17,13.22,13.34,13.63,16.79,15.58,13.31,20.24
"2013-08-05 12:30:00",18640,0.107,0.145,0.156,17.7,15.43,13.38,13.26,13.34,13.62,17.24,16.09,13.31,20.85
"2013-08-05 12:45:00",18641,0.107,0.145,0.156,18.6,15.94,13.61,13.34,13.34,13.62,17.74,16.59,13.31,21.34
"2013-08-05 13:00:00",18642,0.107,0.145,0.156,19.59,16.57,13.86,13.44,13.33,13.62,18.2,17.11,13.31,21.48
"2013-08-05 13:15:00",18643,0.107,0.145,0.156,20.18,17.18,14.12,13.53,13.33,13.62,18.58,17.59,13.31,21.53
"2013-08-05 13:30:00",18644,0.107,0.145,0.156,20.56,17.64,14.41,13.64,13.32,13.62,18.8,17.99,13.31,21.62
"2013-08-05 13:45:00",18645,0.106,0.145,0.156,20.9,18.03,14.71,13.75,13.32,13.61,19.03,18.3,13.31,22.03
"2013-08-05 14:00:00",18646,0.106,0.145,0.155,21.28,18.42,15.01,13.87,13.33,13.61,19.26,18.49,13.31,22.61
"2013-08-05 14:15:00",18647,0.106,0.145,0.155,21.62,18.76,15.29,14,13.34,13.61,19.46,18.62,13.31,23.29
"2013-08-05 14:30:00",18648,0.106,0.145,0.155,21.87,19.1,15.54,14.14,13.35,13.61,19.64,18.7,13.35,24.1
"2013-08-05 14:45:00",18649,0.106,0.145,0.155,22.03,19.39,15.79,14.29,13.37,13.61,19.84,18.73,13.34,24.36
"2013-08-05 15:00:00",18650,0.106,0.145,0.155,21.97,19.57,16.06,14.42,13.4,13.6,19.99,18.71,13.34,24.19
"2013-08-05 15:15:00",18651,0.106,0.145,0.155,21.55,19.6,16.27,14.57,13.4,13.61,19.97,18.64,13.34,24.33
"2013-08-05 15:30:00",18652,0.106,0.145,0.155,21.02,19.5,16.44,14.72,13.42,13.61,19.83,18.54,13.33,24.07
"2013-08-05 15:45:00",18653,0.106,0.144,0.155,20.5,19.32,16.56,14.84,13.45,13.61,19.64,18.42,13.33,23.81
"2013-08-05 16:00:00",18654,0.106,0.145,0.155,20.09,19.08,16.65,14.95,13.5,13.61,19.44,18.29,13.33,22.95
"2013-08-05 16:15:00",18655,0.106,0.145,0.155,19.69,18.85,16.69,15.07,13.5,13.61,19.26,18.17,13.33,22.08
"2013-08-05 16:30:00",18656,0.106,0.145,0.155,19.31,18.63,16.71,15.18,13.54,13.61,19.08,18.03,13.32,21.42
"2013-08-05 16:45:00",18657,0.106,0.144,0.155,18.95,18.43,16.7,15.27,13.59,13.62,18.87,17.89,13.29,20.5
"2013-08-05 17:00:00",18658,0.106,0.144,0.155,18.6,18.21,16.7,15.34,13.61,13.62,18.66,17.74,13.29,19.6
"2013-08-05 17:15:00",18659,0.106,0.144,0.155,18.25,17.97,16.66,15.41,13.67,13.62,18.43,17.57,13.27,18.71
"2013-08-05 17:30:00",18660,0.106,0.144,0.155,17.94,17.76,16.59,15.47,13.68,13.61,18.2,17.39,13.3,17.97
"2013-08-05 17:45:00",18661,0.106,0.144,0.155,17.65,17.54,16.54,15.5,13.74,13.6,17.97,17.22,13.32,17.34
"2013-08-05 18:00:00",18662,0.106,0.144,0.155,17.34,17.33,16.48,15.52,13.76,13.58,17.76,17.04,13.34,16.76
"2013-08-05 18:15:00",18663,0.106,0.144,0.155,17.04,17.12,16.41,15.57,13.81,13.59,17.53,16.85,13.35,16.17
"2013-08-05 18:30:00",18664,0.106,0.144,0.155,16.76,16.88,16.32,15.59,13.84,13.59,17.32,16.68,13.35,15.73
"2013-08-05 18:45:00",18665,0.106,0.144,0.155,16.52,16.68,16.24,15.58,13.9,13.58,17.11,16.5,13.36,15.34
"2013-08-05 19:00:00",18666,0.106,0.144,0.155,16.32,16.5,16.14,15.6,13.94,13.58,16.91,16.33,13.36,14.83
"2013-08-05 19:15:00",18667,0.106,0.144,0.155,16.08,16.31,16.06,15.58,13.96,13.59,16.72,16.17,13.36,14.23
"2013-08-05 19:30:00",18668,0.106,0.144,0.155,15.84,16.14,15.97,15.58,14,13.59,16.52,16,13.36,13.56
"2013-08-05 19:45:00",18669,0.106,0.144,0.155,15.59,15.92,15.84,15.57,14.04,13.6,16.33,15.83,13.34,12.86
"2013-08-05 20:00:00",18670,0.106,0.144,0.155,15.37,15.74,15.74,15.53,14.04,13.59,16.14,15.66,13.34,12.21
"2013-08-05 20:15:00",18671,0.106,0.144,0.155,15.12,15.57,15.66,15.52,14.08,13.59,15.94,15.48,13.35,11.59
"2013-08-05 20:30:00",18672,0.106,0.144,0.155,14.88,15.39,15.53,15.49,14.11,13.6,15.75,15.3,13.33,11.06
"2013-08-05 20:45:00",18673,0.106,0.144,0.155,14.64,15.21,15.44,15.45,14.14,13.59,15.55,15.12,13.32,10.58
"2013-08-05 21:00:00",18674,0.106,0.144,0.155,14.42,15.01,15.34,15.4,14.14,13.59,15.37,14.94,13.32,10.09
"2013-08-05 21:15:00",18675,0.106,0.144,0.155,14.19,14.82,15.24,15.39,14.15,13.58,15.19,14.76,13.3,9.57
"2013-08-05 21:30:00",18676,0.106,0.144,0.155,13.95,14.63,15.13,15.35,14.16,13.58,15,14.58,13.33,9.17
"2013-08-05 21:45:00",18677,0.106,0.144,0.155,13.8,14.46,15.01,15.3,14.18,13.58,14.82,14.4,13.33,8.97
"2013-08-05 22:00:00",18678,0.106,0.144,0.155,13.68,14.3,14.9,15.26,14.21,13.58,14.65,14.25,13.35,8.79
"2013-08-05 22:15:00",18679,0.106,0.144,0.155,13.53,14.16,14.79,15.2,14.2,13.58,14.51,14.11,13.3,8.66
"2013-08-05 22:30:00",18680,0.106,0.144,0.155,13.37,13.99,14.68,15.15,14.21,13.58,14.37,13.97,13.29,8.88
"2013-08-05 22:45:00",18681,0.106,0.144,0.155,13.3,13.88,14.56,15.1,14.21,13.58,14.25,13.86,13.31,9.21
"2013-08-05 23:00:00",18682,0.106,0.144,0.155,13.29,13.79,14.46,15.04,14.22,13.58,14.15,13.77,13.31,9.73
"2013-08-05 23:15:00",18683,0.106,0.144,0.155,13.29,13.74,14.39,14.99,14.22,13.59,14.08,13.72,13.31,10
"2013-08-05 23:30:00",18684,0.106,0.144,0.155,13.25,13.68,14.32,14.94,14.23,13.59,14.01,13.67,13.31,10.2
"2013-08-05 23:45:00",18685,0.106,0.144,0.155,13.2,13.61,14.23,14.89,14.22,13.6,13.95,13.62,13.31,10.38
"2013-08-06 00:00:00",18686,0.106,0.144,0.155,13.16,13.57,14.18,14.84,14.22,13.6,13.89,13.57,13.32,10.4
"2013-08-06 00:15:00",18687,0.106,0.144,0.155,13.08,13.5,14.11,14.8,14.21,13.6,13.83,13.52,13.32,10.56
"2013-08-06 00:30:00",18688,0.106,0.144,0.155,13.05,13.45,14.05,14.76,14.21,13.61,13.77,13.47,13.32,10.7
"2013-08-06 00:45:00",18689,0.106,0.144,0.155,12.99,13.39,13.98,14.71,14.2,13.61,13.72,13.43,13.32,10.7
"2013-08-06 01:00:00",18690,0.106,0.143,0.155,12.94,13.35,13.94,14.67,14.2,13.61,13.67,13.39,13.33,10.63
"2013-08-06 01:15:00",18691,0.106,0.143,0.155,12.86,13.28,13.87,14.62,14.18,13.6,13.61,13.33,13.33,10.54
"2013-08-06 01:30:00",18692,0.106,0.143,0.155,12.8,13.24,13.84,14.56,14.16,13.61,13.55,13.28,13.33,10.45
"2013-08-06 01:45:00",18693,0.106,0.143,0.155,12.68,13.17,13.77,14.54,14.15,13.61,13.48,13.22,13.33,10.18
"2013-08-06 02:00:00",18694,0.106,0.143,0.155,12.54,13.07,13.75,14.5,14.16,13.59,13.4,13.14,13.33,9.82
"2013-08-06 02:15:00",18695,0.106,0.143,0.155,12.44,12.97,13.67,14.46,14.13,13.59,13.31,13.05,13.33,9.52
"2013-08-06 02:30:00",18696,0.106,0.143,0.155,12.35,12.89,13.63,14.44,14.11,13.61,13.22,12.96,13.33,9.26
"2013-08-06 02:45:00",18697,0.106,0.143,0.155,12.23,12.79,13.55,14.38,14.11,13.6,13.14,12.88,13.32,8.92
"2013-08-06 03:00:00",18698,0.106,0.143,0.155,12.08,12.71,13.49,14.33,14.1,13.61,13.05,12.79,13.32,8.61
"2013-08-06 03:15:00",18699,0.106,0.143,0.155,11.98,12.61,13.39,14.3,14.09,13.61,12.96,12.7,13.33,8.3
"2013-08-06 03:30:00",18700,0.106,0.143,0.155,11.88,12.52,13.33,14.26,14.07,13.61,12.87,12.61,13.32,8.1
"2013-08-06 03:45:00",18701,0.106,0.143,0.155,11.8,12.44,13.28,14.2,14.07,13.63,12.77,12.52,13.32,7.905
"2013-08-06 04:00:00",18702,0.106,0.143,0.155,11.69,12.35,13.21,14.17,14.06,13.64,12.68,12.43,13.32,7.686
"2013-08-06 04:15:00",18703,0.106,0.143,0.155,11.61,12.26,13.15,14.14,14.03,13.64,12.59,12.34,13.33,7.532
"2013-08-06 04:30:00",18704,0.106,0.143,0.155,11.53,12.19,13.09,14.08,14.02,13.64,12.51,12.25,13.32,7.333
"2013-08-06 04:45:00",18705,0.106,0.143,0.155,11.45,12.08,13.02,14.06,13.99,13.65,12.42,12.17,13.32,7.114
"2013-08-06 05:00:00",18706,0.106,0.143,0.155,11.34,11.99,12.96,14.01,13.98,13.65,12.34,12.09,13.32,6.897
"2013-08-06 05:15:00",18707,0.106,0.143,0.155,11.24,11.9,12.91,13.97,13.97,13.65,12.25,12,13.32,6.635
"2013-08-06 05:30:00",18708,0.106,0.143,0.155,11.12,11.81,12.84,13.94,13.97,13.65,12.16,11.91,13.32,6.396
"2013-08-06 05:45:00",18709,0.106,0.143,0.155,11.02,11.71,12.76,13.87,13.95,13.66,12.06,11.82,13.33,6.156
"2013-08-06 06:00:00",18710,0.106,0.143,0.155,10.89,11.64,12.7,13.84,13.94,13.67,11.97,11.71,13.33,5.939
