"TOA5","WTC09","CR1000","33285","CR1000.Std.19","CPU:WTCsensors_Ch9.CR1","38260","Table1"
"TIMESTAMP","RECORD","VW_Avg(1)","VW_Avg(2)","VW_Avg(3)","VW_Avg(4)","SoilTempProbe_Avg(1)","SoilTempProbe_Avg(2)","SoilTempProbe_Avg(3)","SoilTempProbe_Avg(4)","SoilTempProbe_Avg(5)","SoilTempProbe_Avg(6)","SoilTemp_Avg(1)","SoilTemp_Avg(2)","BattV_Min","PTemp"
"TS","RN","","","","","Deg C","Deg C","Deg C","Deg C","Deg C","Deg C","Deg C","Deg C","Volts",""
"","","Avg","Avg","Avg","Avg","Avg","Avg","Avg","Avg","Avg","Avg","Avg","Avg","Min","Smp"
"2013-07-31 06:15:00",83879,0.094,0.094,0.139,0.161,12.85,12.66,13.2,13.52,13.33,"NAN",13.29,13.05,13.59,14.61
"2013-07-31 06:30:00",83880,0.094,0.094,0.139,0.161,12.84,12.64,13.2,13.5,13.33,"NAN",13.28,13.05,13.59,14.61
"2013-07-31 06:45:00",83881,0.094,0.094,0.138,0.161,12.84,12.63,13.19,13.49,13.31,"NAN",13.27,13.04,13.59,14.64
"2013-07-31 07:00:00",83882,0.094,0.094,0.138,0.161,12.84,12.63,13.18,13.49,13.31,"NAN",13.27,13.03,13.59,14.66
"2013-07-31 07:15:00",83883,0.094,0.094,0.138,0.161,12.85,12.62,13.18,13.47,13.31,"NAN",13.26,13.03,13.59,14.68
"2013-07-31 07:30:00",83884,0.094,0.094,0.138,0.161,12.85,12.62,13.18,13.46,13.3,"NAN",13.26,13.03,13.59,14.75
"2013-07-31 07:45:00",83885,0.094,0.094,0.138,0.161,12.86,12.62,13.17,13.44,13.3,"NAN",13.26,13.03,13.59,14.83
"2013-07-31 08:00:00",83886,0.094,0.094,0.138,0.161,12.88,12.63,13.16,13.44,13.3,"NAN",13.27,13.04,13.59,14.95
"2013-07-31 08:15:00",83887,0.094,0.094,0.138,0.161,12.93,12.64,13.16,13.44,13.29,"NAN",13.29,13.05,13.59,15.04
"2013-07-31 08:30:00",83888,0.094,0.094,0.138,0.161,12.96,12.67,13.16,13.44,13.3,"NAN",13.31,13.07,13.59,15.17
"2013-07-31 08:45:00",83889,0.094,0.094,0.138,0.161,13.03,12.69,13.15,13.44,13.3,"NAN",13.35,13.09,13.59,15.43
"2013-07-31 09:00:00",83890,0.094,0.094,0.138,0.161,13.18,12.72,13.16,13.44,13.29,"NAN",13.41,13.14,13.59,15.73
"2013-07-31 09:15:00",83891,0.094,0.094,0.138,0.161,13.31,12.81,13.17,13.44,13.28,"NAN",13.5,13.2,13.59,16.02
"2013-07-31 09:30:00",83892,0.094,0.094,0.138,0.161,13.47,12.88,13.18,13.44,13.26,"NAN",13.59,13.28,13.59,16.32
"2013-07-31 09:45:00",83893,0.094,0.094,0.138,0.161,13.7,12.98,13.19,13.44,13.26,"NAN",13.7,13.38,13.59,16.66
"2013-07-31 10:00:00",83894,0.094,0.094,0.138,0.161,14,13.12,13.21,13.44,13.25,"NAN",13.82,13.52,13.59,16.98
"2013-07-31 10:15:00",83895,0.094,0.094,0.138,0.161,14.24,13.28,13.25,13.43,13.25,"NAN",13.97,13.71,13.59,17.31
"2013-07-31 10:30:00",83896,0.094,0.094,0.138,0.161,14.41,13.45,13.31,13.44,13.25,"NAN",14.12,13.88,13.59,17.64
"2013-07-31 10:45:00",83897,0.094,0.094,0.138,0.161,14.59,13.59,13.37,13.45,13.25,"NAN",14.27,14.03,13.59,17.99
"2013-07-31 11:00:00",83898,0.094,0.094,0.138,0.161,14.75,13.72,13.44,13.46,13.25,"NAN",14.44,14.17,13.59,18.25
"2013-07-31 11:15:00",83899,0.094,0.094,0.138,0.161,14.85,13.84,13.51,13.48,13.25,"NAN",14.57,14.29,13.59,18.48
"2013-07-31 11:30:00",83900,0.094,0.094,0.138,0.161,14.96,13.94,13.57,13.5,13.26,"NAN",14.69,14.4,13.59,18.61
"2013-07-31 11:45:00",83901,0.094,0.094,0.138,0.161,14.89,14,13.62,13.52,13.25,"NAN",14.76,14.47,13.59,18.48
"2013-07-31 12:00:00",83902,0.094,0.094,0.138,0.161,14.81,14.02,13.69,13.56,13.25,"NAN",14.77,14.49,13.59,18.35
"2013-07-31 12:15:00",83903,0.094,0.094,0.138,0.161,14.81,14.03,13.74,13.58,13.26,"NAN",14.77,14.49,13.59,18.4
"2013-07-31 12:30:00",83904,0.094,0.094,0.138,0.161,15.01,14.08,13.8,13.61,13.26,"NAN",14.85,14.53,13.59,18.71
"2013-07-31 12:45:00",83905,0.094,0.094,0.138,0.161,15.15,14.18,13.81,13.64,13.26,"NAN",14.97,14.63,13.59,18.89
"2013-07-31 13:00:00",83906,0.094,0.094,0.138,0.161,15.11,14.22,13.86,13.67,13.26,"NAN",15.03,14.69,13.59,18.82
"2013-07-31 13:15:00",83907,0.094,0.094,0.138,0.161,15.03,14.25,13.91,13.71,13.26,"NAN",15.04,14.71,13.59,18.74
"2013-07-31 13:30:00",83908,0.094,0.094,0.138,0.161,15.06,14.25,13.94,13.73,13.27,"NAN",15.05,14.71,13.59,18.82
"2013-07-31 13:45:00",83909,0.094,0.094,0.138,0.161,15.15,14.3,13.98,13.78,13.27,"NAN",15.1,14.75,13.59,19
"2013-07-31 14:00:00",83910,0.094,0.094,0.138,0.161,15.17,14.33,14.01,13.82,13.29,"NAN",15.16,14.79,13.59,19.05
"2013-07-31 14:15:00",83911,0.094,0.094,0.138,0.161,15.11,14.35,14.04,13.82,13.29,"NAN",15.17,14.82,13.59,18.89
"2013-07-31 14:30:00",83912,0.094,0.094,0.138,0.161,14.98,14.34,14.06,13.85,13.29,"NAN",15.13,14.8,13.59,18.58
"2013-07-31 14:45:00",83913,0.094,0.094,0.138,0.161,14.87,14.31,14.1,13.88,13.3,"NAN",15.08,14.76,13.59,18.33
"2013-07-31 15:00:00",83914,0.093,0.094,0.138,0.161,14.79,14.27,14.12,13.91,13.32,"NAN",15.02,14.71,13.59,18.15
"2013-07-31 15:15:00",83915,0.093,0.094,0.138,0.161,14.72,14.21,14.14,13.91,13.33,"NAN",14.98,14.67,13.59,17.99
"2013-07-31 15:30:00",83916,0.093,0.094,0.138,0.16,14.68,14.19,14.14,13.94,13.34,"NAN",14.94,14.63,13.59,17.89
"2013-07-31 15:45:00",83917,0.093,0.094,0.138,0.16,14.61,14.17,14.14,13.96,13.34,"NAN",14.91,14.6,13.59,17.77
"2013-07-31 16:00:00",83918,0.093,0.094,0.138,0.16,14.57,14.12,14.14,13.97,13.36,"NAN",14.88,14.57,13.59,17.64
"2013-07-31 16:15:00",83919,0.093,0.093,0.138,0.16,14.51,14.09,14.13,14,13.37,"NAN",14.84,14.54,13.59,17.49
"2013-07-31 16:30:00",83920,0.093,0.093,0.138,0.16,14.46,14.06,14.13,14.01,13.37,"NAN",14.8,14.51,13.59,17.36
"2013-07-31 16:45:00",83921,0.093,0.093,0.138,0.161,14.39,14.01,14.12,14.01,13.38,"NAN",14.75,14.47,13.59,17.21
"2013-07-31 17:00:00",83922,0.093,0.093,0.138,0.16,14.33,13.96,14.11,14.01,13.38,"NAN",14.7,14.42,13.59,17.09
"2013-07-31 17:15:00",83923,0.093,0.093,0.138,0.16,14.25,13.94,14.1,14.01,13.38,"NAN",14.65,14.37,13.59,16.91
"2013-07-31 17:30:00",83924,0.093,0.093,0.138,0.16,14.18,13.89,14.08,14.01,13.39,"NAN",14.6,14.33,13.59,16.59
"2013-07-31 17:45:00",83925,0.093,0.093,0.138,0.16,14.08,13.84,14.06,14.01,13.42,"NAN",14.54,14.28,13.59,16.17
"2013-07-31 18:00:00",83926,0.093,0.093,0.138,0.16,13.94,13.78,14.04,14.01,13.43,"NAN",14.45,14.21,13.59,15.65
"2013-07-31 18:15:00",83927,0.093,0.093,0.138,0.16,13.81,13.72,14.02,14.01,13.44,"NAN",14.36,14.12,13.59,15.07
"2013-07-31 18:30:00",83928,0.093,0.093,0.138,0.16,13.67,13.62,14.01,14.02,13.44,"NAN",14.26,14.03,13.59,14.49
"2013-07-31 18:45:00",83929,0.093,0.093,0.138,0.16,13.52,13.54,13.98,14.02,13.44,"NAN",14.15,13.93,13.59,13.85
"2013-07-31 19:00:00",83930,0.093,0.093,0.138,0.16,13.35,13.43,13.94,14.01,13.44,"NAN",14.04,13.81,13.59,13.21
"2013-07-31 19:15:00",83931,0.093,0.093,0.138,0.16,13.19,13.3,13.91,14.01,13.44,"NAN",13.92,13.69,13.59,12.7
"2013-07-31 19:30:00",83932,0.093,0.093,0.138,0.16,13.04,13.19,13.87,13.98,13.44,"NAN",13.8,13.57,13.59,12.23
"2013-07-31 19:45:00",83933,0.093,0.093,0.138,0.16,12.89,13.07,13.82,13.98,13.45,"NAN",13.69,13.46,13.59,11.86
"2013-07-31 20:00:00",83934,0.093,0.093,0.138,0.16,12.76,12.97,13.76,13.98,13.45,"NAN",13.58,13.34,13.59,11.59
"2013-07-31 20:15:00",83935,0.093,0.093,0.138,0.16,12.64,12.88,13.73,13.96,13.46,"NAN",13.48,13.23,13.59,11.33
"2013-07-31 20:30:00",83936,0.093,0.093,0.138,0.16,12.52,12.79,13.66,13.93,13.48,"NAN",13.38,13.13,13.59,10.99
"2013-07-31 20:45:00",83937,0.093,0.093,0.138,0.16,12.38,12.67,13.62,13.91,13.48,"NAN",13.26,13.01,13.59,10.81
"2013-07-31 21:00:00",83938,0.093,0.093,0.138,0.16,12.26,12.57,13.56,13.88,13.5,"NAN",13.16,12.9,13.59,10.72
"2013-07-31 21:15:00",83939,0.093,0.093,0.138,0.16,12.18,12.49,13.51,13.84,13.5,"NAN",13.07,12.81,13.59,10.61
"2013-07-31 21:30:00",83940,0.093,0.093,0.138,0.16,12.09,12.42,13.46,13.84,13.49,"NAN",12.99,12.73,13.59,10.54
"2013-07-31 21:45:00",83941,0.093,0.093,0.138,0.16,12.02,12.33,13.4,13.81,13.49,"NAN",12.91,12.65,13.59,10.54
"2013-07-31 22:00:00",83942,0.093,0.093,0.138,0.16,11.96,12.28,13.32,13.78,13.5,"NAN",12.85,12.58,13.59,10.56
"2013-07-31 22:15:00",83943,0.093,0.093,0.138,0.16,11.92,12.21,13.26,13.74,13.49,"NAN",12.79,12.51,13.59,10.67
"2013-07-31 22:30:00",83944,0.093,0.093,0.138,0.16,11.9,12.16,13.22,13.7,13.48,"NAN",12.74,12.45,13.59,10.79
"2013-07-31 22:45:00",83945,0.093,0.093,0.138,0.16,11.87,12.12,13.16,13.66,13.47,"NAN",12.7,12.4,13.59,10.9
"2013-07-31 23:00:00",83946,0.093,0.093,0.138,0.16,11.87,12.07,13.12,13.64,13.47,"NAN",12.66,12.38,13.59,11.06
"2013-07-31 23:15:00",83947,0.093,0.093,0.138,0.16,11.87,12.02,13.07,13.61,13.46,"NAN",12.64,12.35,13.59,11.22
"2013-07-31 23:30:00",83948,0.093,0.093,0.138,0.16,11.88,12,13.03,13.57,13.46,"NAN",12.62,12.34,13.59,11.36
"2013-07-31 23:45:00",83949,0.093,0.093,0.138,0.16,11.91,11.99,13,13.54,13.45,"NAN",12.61,12.33,13.59,11.43
"2013-08-01 00:00:00",83950,0.093,0.093,0.138,0.16,11.87,11.98,12.97,13.53,13.45,"NAN",12.58,12.32,13.59,11.4
"2013-08-01 00:15:00",83951,0.093,0.093,0.138,0.16,11.82,11.96,12.92,13.5,13.44,"NAN",12.54,12.3,13.59,11.4
"2013-08-01 00:30:00",83952,0.093,0.093,0.138,0.16,11.8,11.93,12.9,13.48,13.45,"NAN",12.51,12.27,13.58,11.36
"2013-08-01 00:45:00",83953,0.093,0.093,0.138,0.16,11.77,11.89,12.89,13.43,13.45,"NAN",12.47,12.24,13.59,11.29
"2013-08-01 01:00:00",83954,0.093,0.093,0.138,0.16,11.73,11.86,12.85,13.41,13.44,"NAN",12.43,12.21,13.59,11.11
"2013-08-01 01:15:00",83955,0.093,0.093,0.138,0.16,11.67,11.83,12.82,13.4,13.42,"NAN",12.39,12.17,13.59,10.83
"2013-08-01 01:30:00",83956,0.093,0.093,0.138,0.16,11.58,11.77,12.79,13.38,13.41,"NAN",12.34,12.11,13.59,10.54
"2013-08-01 01:45:00",83957,0.093,0.093,0.138,0.16,11.52,11.73,12.75,13.36,13.41,"NAN",12.27,12.05,13.59,10.2
"2013-08-01 02:00:00",83958,0.093,0.093,0.138,0.16,11.44,11.67,12.71,13.33,13.4,"NAN",12.19,11.99,13.59,9.86
"2013-08-01 02:15:00",83959,0.093,0.093,0.138,0.16,11.36,11.63,12.69,13.3,13.38,"NAN",12.11,11.93,13.59,9.59
"2013-08-01 02:30:00",83960,0.093,0.093,0.138,0.16,11.28,11.58,12.66,13.27,13.37,"NAN",12.02,11.87,13.59,9.28
"2013-08-01 02:45:00",83961,0.093,0.093,0.138,0.16,11.17,11.51,12.61,13.26,13.36,"NAN",11.93,11.79,13.59,8.94
"2013-08-01 03:00:00",83962,0.093,0.093,0.138,0.16,11.06,11.45,12.59,13.26,13.35,"NAN",11.83,11.7,13.59,8.68
"2013-08-01 03:15:00",83963,0.093,0.093,0.138,0.16,10.96,11.36,12.54,13.22,13.34,"NAN",11.73,11.62,13.59,8.41
"2013-08-01 03:30:00",83964,0.093,0.093,0.138,0.16,10.88,11.28,12.49,13.18,13.33,"NAN",11.64,11.53,13.59,8.19
"2013-08-01 03:45:00",83965,0.093,0.093,0.138,0.16,10.77,11.23,12.46,13.16,13.32,"NAN",11.54,11.45,13.59,7.905
"2013-08-01 04:00:00",83966,0.093,0.093,0.138,0.16,10.67,11.15,12.39,13.13,13.3,"NAN",11.44,11.35,13.59,7.618
"2013-08-01 04:15:00",83967,0.093,0.093,0.138,0.16,10.51,11.05,12.36,13.1,13.28,"NAN",11.34,11.26,13.59,7.333
"2013-08-01 04:30:00",83968,0.093,0.093,0.138,0.16,10.41,10.98,12.31,13.07,13.27,"NAN",11.24,11.17,13.59,7.114
"2013-08-01 04:45:00",83969,0.093,0.093,0.138,0.16,10.32,10.91,12.24,13.03,13.27,"NAN",11.14,11.08,13.59,6.875
"2013-08-01 05:00:00",83970,0.093,0.093,0.138,0.16,10.22,10.81,12.2,12.99,13.27,"NAN",11.05,10.98,13.59,6.678
"2013-08-01 05:15:00",83971,0.093,0.093,0.138,0.16,10.13,10.7,12.14,12.98,13.26,"NAN",10.95,10.89,13.59,6.524
"2013-08-01 05:30:00",83972,0.093,0.093,0.138,0.16,10.04,10.64,12.1,12.94,13.25,"NAN",10.86,10.8,13.59,6.416
"2013-08-01 05:45:00",83973,0.093,0.093,0.138,0.16,9.96,10.54,12.04,12.9,13.22,"NAN",10.77,10.72,13.59,6.242
"2013-08-01 06:00:00",83974,0.093,0.093,0.138,0.16,9.87,10.47,11.99,12.89,13.19,"NAN",10.68,10.64,13.59,6.091
"2013-08-01 06:15:00",83975,0.093,0.093,0.138,0.16,9.78,10.39,11.93,12.84,13.17,"NAN",10.59,10.54,13.59,5.896
"2013-08-01 06:30:00",83976,0.093,0.093,0.138,0.16,9.68,10.31,11.88,12.8,13.15,"NAN",10.49,10.46,13.59,5.765
"2013-08-01 06:45:00",83977,0.093,0.093,0.138,0.16,9.59,10.24,11.83,12.77,13.14,"NAN",10.39,10.37,13.59,5.614
"2013-08-01 07:00:00",83978,0.093,0.093,0.138,0.16,9.52,10.15,11.76,12.71,13.13,"NAN",10.3,10.28,13.59,5.506
"2013-08-01 07:15:00",83979,0.093,0.093,0.138,0.16,9.45,10.08,11.72,12.69,13.13,"NAN",10.2,10.2,13.59,5.42
"2013-08-01 07:30:00",83980,0.093,0.093,0.138,0.16,9.39,10.01,11.65,12.63,13.1,"NAN",10.13,10.12,13.59,5.397
"2013-08-01 07:45:00",83981,0.093,0.093,0.138,0.16,9.35,9.94,11.61,12.57,13.09,"NAN",10.06,10.05,13.59,5.463
"2013-08-01 08:00:00",83982,0.093,0.093,0.138,0.16,9.35,9.91,11.55,12.53,13.07,"NAN",10.02,10,13.59,5.657
"2013-08-01 08:15:00",83983,0.093,0.093,0.138,0.16,9.41,9.88,11.49,12.48,13.04,"NAN",10.01,9.97,13.59,6.048
"2013-08-01 08:30:00",83984,0.093,0.093,0.138,0.16,9.57,9.89,11.44,12.46,13.04,"NAN",10.04,9.99,13.59,6.547
"2013-08-01 08:45:00",83985,0.093,0.093,0.138,0.16,9.83,9.95,11.41,12.41,13.03,"NAN",10.13,10.07,13.59,7.137
"2013-08-01 09:00:00",83986,0.093,0.093,0.137,0.16,10.13,10.08,11.39,12.39,13.02,"NAN",10.27,10.2,13.59,7.729
"2013-08-01 09:15:00",83987,0.093,0.093,0.137,0.16,10.5,10.23,11.37,12.35,12.99,"NAN",10.43,10.37,13.59,8.39
"2013-08-01 09:30:00",83988,0.093,0.093,0.137,0.16,10.95,10.42,11.39,12.31,12.97,"NAN",10.61,10.59,13.59,9.19
"2013-08-01 09:45:00",83989,0.093,0.093,0.137,0.16,11.38,10.67,11.42,12.29,12.95,"NAN",10.82,10.85,13.59,10
"2013-08-01 10:00:00",83990,0.093,0.093,0.137,0.16,11.77,10.95,11.46,12.28,12.94,"NAN",11.03,11.13,13.59,10.86
"2013-08-01 10:15:00",83991,0.093,0.093,0.137,0.16,12.41,11.21,11.53,12.26,12.93,"NAN",11.26,11.5,13.59,11.84
"2013-08-01 10:30:00",83992,0.093,0.093,0.137,0.16,13.22,11.58,11.61,12.26,12.89,"NAN",11.53,11.96,13.59,12.81
"2013-08-01 10:45:00",83993,0.093,0.093,0.137,0.16,13.79,11.98,11.7,12.26,12.87,"NAN",11.94,12.44,13.59,13.82
"2013-08-01 11:00:00",83994,0.093,0.093,0.137,0.16,14.4,12.41,11.83,12.28,12.87,"NAN",12.56,12.86,13.59,14.8
"2013-08-01 11:15:00",83995,0.093,0.093,0.137,0.159,14.98,12.86,12,12.31,12.87,"NAN",13.27,13.38,13.59,15.75
"2013-08-01 11:30:00",83996,0.093,0.093,0.137,0.159,15.74,13.31,12.18,12.34,12.84,"NAN",13.93,14,13.59,16.66
"2013-08-01 11:45:00",83997,0.093,0.093,0.137,0.16,16.84,13.85,12.36,12.38,12.82,"NAN",14.49,14.66,13.59,17.54
"2013-08-01 12:00:00",83998,0.093,0.093,0.137,0.159,17.88,14.5,12.59,12.45,12.81,"NAN",15.08,15.31,13.59,18.4
"2013-08-01 12:15:00",83999,0.093,0.093,0.137,0.159,18.7,15.19,12.84,12.5,12.8,"NAN",15.53,15.93,13.59,19.26
"2013-08-01 12:30:00",84000,0.093,0.093,0.137,0.159,19.5,15.81,13.13,12.61,12.8,"NAN",15.97,16.5,13.59,20.24
"2013-08-01 12:45:00",84001,0.093,0.093,0.137,0.159,20.14,16.4,13.45,12.73,12.8,"NAN",16.49,16.94,13.59,21.02
"2013-08-01 13:00:00",84002,0.093,0.093,0.137,0.159,20.28,16.87,13.75,12.84,12.8,"NAN",17.04,17.16,13.59,21.64
"2013-08-01 13:15:00",84003,0.093,0.093,0.137,0.159,20.35,17.21,14.04,12.97,12.8,"NAN",17.46,17.22,13.59,22
"2013-08-01 13:30:00",84004,0.093,0.093,0.137,0.159,20.45,17.46,14.32,13.11,12.8,"NAN",17.63,17.24,13.59,22.36
"2013-08-01 13:45:00",84005,0.093,0.093,0.137,0.159,20.42,17.66,14.56,13.25,12.8,"NAN",17.83,17.24,13.59,22.78
"2013-08-01 14:00:00",84006,0.093,0.093,0.137,0.159,20.1,17.76,14.8,13.41,12.82,"NAN",18.12,17.21,13.59,23.29
"2013-08-01 14:15:00",84007,0.093,0.093,0.137,0.159,19.78,17.74,14.99,13.54,12.83,"NAN",18.48,17.16,13.59,23.96
"2013-08-01 14:30:00",84008,0.093,0.093,0.137,0.159,19.47,17.68,15.16,13.68,12.84,"NAN",18.8,17.09,13.59,24.69
"2013-08-01 14:45:00",84009,0.093,0.093,0.137,0.159,19.19,17.59,15.28,13.85,12.85,"NAN",18.94,17.01,13.59,25.64
"2013-08-01 15:00:00",84010,0.093,0.093,0.137,0.159,18.94,17.49,15.39,13.97,12.89,"NAN",18.86,16.93,13.59,26.93
"2013-08-01 15:15:00",84011,0.093,0.093,0.137,0.159,18.72,17.4,15.48,14.07,12.92,"NAN",18.68,16.85,13.59,28.23
"2013-08-01 15:30:00",84012,0.092,0.093,0.137,0.159,18.54,17.31,15.52,14.17,12.95,"NAN",18.47,16.77,13.59,29.08
"2013-08-01 15:45:00",84013,0.092,0.093,0.137,0.159,18.36,17.18,15.61,14.26,12.97,"NAN",18.27,16.71,13.59,29.65
"2013-08-01 16:00:00",84014,0.092,0.093,0.137,0.159,18.18,17.07,15.65,14.33,13,"NAN",18.07,16.65,13.59,29.85
"2013-08-01 16:15:00",84015,0.092,0.092,0.137,0.159,17.99,16.97,15.66,14.41,13.06,"NAN",17.88,16.59,13.59,29.58
"2013-08-01 16:30:00",84016,0.092,0.092,0.137,0.159,17.76,16.85,15.68,14.47,13.08,"NAN",17.7,16.52,13.59,28.79
"2013-08-01 16:45:00",84017,0.092,0.092,0.137,0.159,17.51,16.73,15.7,14.54,13.11,"NAN",17.51,16.45,13.59,27.47
"2013-08-01 17:00:00",84018,0.092,0.092,0.137,0.159,17.19,16.58,15.7,14.58,13.16,"NAN",17.3,16.34,13.59,25.52
"2013-08-01 17:15:00",84019,0.092,0.092,0.137,0.159,16.88,16.42,15.68,14.64,13.2,"NAN",17.1,16.22,13.59,23.38
"2013-08-01 17:30:00",84020,0.092,0.092,0.137,0.159,16.59,16.24,15.64,14.66,13.26,"NAN",16.88,16.07,13.59,21.45
"2013-08-01 17:45:00",84021,0.092,0.092,0.137,0.159,16.31,16.07,15.59,14.7,13.28,"NAN",16.66,15.91,13.59,19.68
"2013-08-01 18:00:00",84022,0.092,0.092,0.137,0.159,16.04,15.87,15.53,14.72,13.33,"NAN",16.44,15.75,13.58,18.17
"2013-08-01 18:15:00",84023,0.092,0.092,0.137,0.159,15.75,15.67,15.47,14.73,13.34,"NAN",16.21,15.57,13.59,16.84
"2013-08-01 18:30:00",84024,0.092,0.092,0.137,0.159,15.46,15.47,15.42,14.77,13.38,"NAN",15.99,15.4,13.59,15.8
"2013-08-01 18:45:00",84025,0.092,0.092,0.137,0.159,15.22,15.29,15.34,14.77,13.43,"NAN",15.77,15.22,13.59,14.88
"2013-08-01 19:00:00",84026,0.092,0.092,0.137,0.158,14.99,15.12,15.27,14.78,13.44,"NAN",15.57,15.05,13.59,14.18
"2013-08-01 19:15:00",84027,0.092,0.092,0.137,0.158,14.79,14.94,15.19,14.78,13.47,"NAN",15.39,14.9,13.59,13.64
"2013-08-01 19:30:00",84028,0.092,0.092,0.137,0.159,14.6,14.77,15.11,14.77,13.5,"NAN",15.21,14.75,13.59,13.07
"2013-08-01 19:45:00",84029,0.092,0.092,0.137,0.158,14.37,14.58,15,14.74,13.54,"NAN",15.03,14.6,13.59,12.42
"2013-08-01 20:00:00",84030,0.092,0.092,0.137,0.159,14.13,14.4,14.93,14.71,13.54,"NAN",14.85,14.44,13.59,11.86
"2013-08-01 20:15:00",84031,0.092,0.092,0.137,0.158,13.92,14.23,14.86,14.69,13.55,"NAN",14.66,14.27,13.59,11.4
"2013-08-01 20:30:00",84032,0.092,0.092,0.137,0.158,13.75,14.07,14.77,14.66,13.59,"NAN",14.48,14.11,13.59,11.08
"2013-08-01 20:45:00",84033,0.092,0.092,0.137,0.159,13.6,13.93,14.69,14.64,13.62,"NAN",14.33,13.97,13.59,10.86
"2013-08-01 21:00:00",84034,0.092,0.092,0.136,0.159,13.46,13.8,14.59,14.61,13.64,"NAN",14.18,13.84,13.59,10.67
"2013-08-01 21:15:00",84035,0.092,0.092,0.136,0.158,13.33,13.68,14.51,14.58,13.65,"NAN",14.05,13.71,13.59,10.52
"2013-08-01 21:30:00",84036,0.092,0.092,0.136,0.158,13.21,13.56,14.43,14.52,13.64,"NAN",13.93,13.6,13.59,10.38
"2013-08-01 21:45:00",84037,0.092,0.092,0.136,0.158,13.09,13.44,14.35,14.51,13.65,"NAN",13.81,13.49,13.59,10.2
"2013-08-01 22:00:00",84038,0.092,0.092,0.136,0.158,12.94,13.31,14.27,14.47,13.65,"NAN",13.69,13.39,13.59,9.93
"2013-08-01 22:15:00",84039,0.092,0.092,0.136,0.158,12.81,13.19,14.18,14.42,13.67,"NAN",13.57,13.28,13.59,9.75
"2013-08-01 22:30:00",84040,0.092,0.092,0.136,0.158,12.69,13.08,14.11,14.4,13.68,"NAN",13.46,13.17,13.59,9.62
"2013-08-01 22:45:00",84041,0.092,0.092,0.136,0.158,12.58,12.98,14.03,14.34,13.69,"NAN",13.35,13.08,13.59,9.5
"2013-08-01 23:00:00",84042,0.092,0.092,0.136,0.158,12.48,12.89,13.96,14.31,13.69,"NAN",13.25,12.98,13.59,9.32
"2013-08-01 23:15:00",84043,0.092,0.092,0.136,0.158,12.35,12.77,13.9,14.28,13.69,"NAN",13.13,12.88,13.59,9.03
"2013-08-01 23:30:00",84044,0.092,0.092,0.136,0.158,12.21,12.66,13.83,14.24,13.7,"NAN",13.01,12.79,13.59,8.75
"2013-08-01 23:45:00",84045,0.092,0.092,0.136,0.158,12.09,12.56,13.76,14.18,13.7,"NAN",12.88,12.7,13.59,8.44
"2013-08-02 00:00:00",84046,0.092,0.092,0.136,0.158,11.97,12.47,13.69,14.15,13.7,"NAN",12.75,12.59,13.59,8.13
"2013-08-02 00:15:00",84047,0.092,0.092,0.136,0.158,11.85,12.38,13.61,14.11,13.7,"NAN",12.61,12.49,13.59,7.839
"2013-08-02 00:30:00",84048,0.092,0.092,0.136,0.158,11.74,12.27,13.55,14.06,13.7,"NAN",12.48,12.39,13.59,7.598
"2013-08-02 00:45:00",84049,0.092,0.092,0.136,0.158,11.62,12.17,13.48,14.03,13.68,"NAN",12.35,12.29,13.59,7.378
"2013-08-02 01:00:00",84050,0.092,0.092,0.136,0.158,11.51,12.04,13.43,13.97,13.66,"NAN",12.22,12.19,13.59,7.18
"2013-08-02 01:15:00",84051,0.092,0.092,0.136,0.158,11.38,11.94,13.31,13.94,13.66,"NAN",12.1,12.09,13.59,6.963
"2013-08-02 01:30:00",84052,0.092,0.092,0.136,0.158,11.25,11.83,13.24,13.9,13.66,"NAN",11.98,11.99,13.59,6.721
"2013-08-02 01:45:00",84053,0.092,0.092,0.136,0.158,11.15,11.72,13.17,13.84,13.65,"NAN",11.86,11.89,13.59,6.524
"2013-08-02 02:00:00",84054,0.092,0.092,0.136,0.158,11.02,11.63,13.09,13.82,13.64,"NAN",11.74,11.78,13.59,6.396
"2013-08-02 02:15:00",84055,0.092,0.092,0.136,0.158,10.93,11.54,13.02,13.74,13.61,"NAN",11.63,11.68,13.59,6.287
"2013-08-02 02:30:00",84056,0.092,0.092,0.136,0.158,10.83,11.46,12.95,13.68,13.62,"NAN",11.52,11.59,13.59,6.199
"2013-08-02 02:45:00",84057,0.092,0.092,0.136,0.158,10.75,11.38,12.87,13.64,13.61,"NAN",11.43,11.5,13.59,6.068
"2013-08-02 03:00:00",84058,0.092,0.092,0.136,0.158,10.63,11.29,12.79,13.58,13.61,"NAN",11.33,11.42,13.59,5.896
"2013-08-02 03:15:00",84059,0.092,0.092,0.136,0.158,10.48,11.2,12.72,13.54,13.6,"NAN",11.22,11.32,13.59,5.831
"2013-08-02 03:30:00",84060,0.092,0.092,0.136,0.158,10.39,11.11,12.66,13.48,13.57,"NAN",11.12,11.23,13.59,5.874
"2013-08-02 03:45:00",84061,0.092,0.092,0.136,0.158,10.36,11.03,12.58,13.45,13.56,"NAN",11.04,11.15,13.59,6.091
"2013-08-02 04:00:00",84062,0.092,0.092,0.136,0.158,10.35,10.97,12.52,13.4,13.55,"NAN",10.98,11.08,13.59,6.373
"2013-08-02 04:15:00",84063,0.092,0.092,0.136,0.158,10.35,10.92,12.45,13.35,13.52,"NAN",10.94,11.04,13.59,6.656
"2013-08-02 04:30:00",84064,0.092,0.092,0.136,0.158,10.35,10.89,12.38,13.31,13.51,"NAN",10.93,11.01,13.59,6.918
"2013-08-02 04:45:00",84065,0.092,0.092,0.136,0.158,10.33,10.87,12.33,13.25,13.47,"NAN",10.9,10.98,13.59,7.137
"2013-08-02 05:00:00",84066,0.092,0.092,0.136,0.158,10.28,10.82,12.28,13.22,13.48,"NAN",10.87,10.95,13.59,7.202
"2013-08-02 05:15:00",84067,0.092,0.092,0.136,0.158,10.26,10.77,12.23,13.15,13.46,"NAN",10.83,10.92,13.59,7.225
"2013-08-02 05:30:00",84068,0.092,0.092,0.136,0.158,10.24,10.71,12.2,13.11,13.44,"NAN",10.79,10.89,13.59,7.225
"2013-08-02 05:45:00",84069,0.092,0.092,0.136,0.158,10.19,10.68,12.14,13.09,13.42,"NAN",10.75,10.85,13.59,7.18
"2013-08-02 06:00:00",84070,0.092,0.092,0.136,0.158,10.15,10.66,12.11,13.04,13.4,"NAN",10.71,10.82,13.59,7.114
"2013-08-02 06:15:00",84071,0.092,0.092,0.136,0.158,10.12,10.61,12.07,12.99,13.37,"NAN",10.66,10.78,13.59,6.983
"2013-08-02 06:30:00",84072,0.092,0.092,0.136,0.158,10.06,10.54,12.02,12.97,13.37,"NAN",10.6,10.74,13.59,6.832
"2013-08-02 06:45:00",84073,0.092,0.092,0.136,0.158,10,10.49,11.98,12.92,13.37,"NAN",10.55,10.7,13.59,6.744
"2013-08-02 07:00:00",84074,0.092,0.092,0.136,0.158,9.94,10.44,11.94,12.89,13.33,"NAN",10.48,10.65,13.59,6.701
"2013-08-02 07:15:00",84075,0.092,0.092,0.136,0.158,9.92,10.4,11.89,12.86,13.32,"NAN",10.43,10.6,13.59,6.701
"2013-08-02 07:30:00",84076,0.092,0.092,0.136,0.158,9.92,10.38,11.86,12.82,13.28,"NAN",10.39,10.56,13.59,6.809
"2013-08-02 07:45:00",84077,0.092,0.092,0.136,0.158,9.92,10.35,11.82,12.79,13.27,"NAN",10.38,10.53,13.59,7.071
"2013-08-02 08:00:00",84078,0.092,0.092,0.136,0.158,9.95,10.33,11.77,12.76,13.26,"NAN",10.37,10.52,13.59,7.333
"2013-08-02 08:15:00",84079,0.092,0.092,0.136,0.158,10,10.33,11.75,12.71,13.24,"NAN",10.39,10.53,13.59,7.641
"2013-08-02 08:30:00",84080,0.092,0.092,0.136,0.158,10.05,10.34,11.71,12.68,13.19,"NAN",10.41,10.54,13.59,8.04
"2013-08-02 08:45:00",84081,0.092,0.092,0.136,0.158,10.18,10.37,11.69,12.63,13.17,"NAN",10.45,10.56,13.59,8.46
"2013-08-02 09:00:00",84082,0.092,0.092,0.136,0.158,10.32,10.4,11.67,12.59,13.17,"NAN",10.53,10.61,13.59,8.94
"2013-08-02 09:15:00",84083,0.092,0.092,0.136,0.158,10.53,10.48,11.66,12.54,13.13,"NAN",10.64,10.69,13.59,9.48
"2013-08-02 09:30:00",84084,0.092,0.092,0.136,0.158,10.74,10.58,11.66,12.5,13.12,"NAN",10.77,10.8,13.59,10.06
"2013-08-02 09:45:00",84085,0.092,0.092,0.136,0.158,10.99,10.69,11.67,12.5,13.08,"NAN",10.91,10.92,13.59,10.72
"2013-08-02 10:00:00",84086,0.092,0.092,0.136,0.158,11.38,10.88,11.68,12.48,13.07,"NAN",11.09,11.07,13.59,11.73
"2013-08-02 10:15:00",84087,0.092,0.092,0.136,0.158,12.13,11.13,11.69,12.45,13.07,"NAN",11.34,11.35,13.59,12.81
"2013-08-02 10:30:00",84088,0.092,0.092,0.136,0.158,13.04,11.5,11.74,12.44,13.05,"NAN",11.68,11.8,13.59,13.54
"2013-08-02 10:45:00",84089,0.092,0.092,0.136,0.158,13.36,11.87,11.83,12.44,13.01,"NAN",12.03,12.24,13.59,13.99
"2013-08-02 11:00:00",84090,0.092,0.092,0.136,0.158,13.73,12.2,11.94,12.44,12.99,"NAN",12.4,12.54,13.59,14.52
"2013-08-02 11:15:00",84091,0.092,0.092,0.136,0.158,13.96,12.49,12.06,12.44,12.97,"NAN",12.74,12.81,13.59,14.88
"2013-08-02 11:30:00",84092,0.092,0.092,0.136,0.158,14.44,12.74,12.2,12.48,12.97,"NAN",13.08,13.08,13.59,15.6
"2013-08-02 11:45:00",84093,0.092,0.092,0.136,0.158,15.33,13.13,12.33,12.53,12.96,"NAN",13.55,13.48,13.59,16.44
"2013-08-02 12:00:00",84094,0.092,0.092,0.136,0.158,16.26,13.65,12.49,12.57,12.95,"NAN",14.1,13.96,13.59,17.36
"2013-08-02 12:15:00",84095,0.092,0.092,0.136,0.158,17.2,14.18,12.66,12.63,12.92,"NAN",14.57,14.46,13.59,18.61
"2013-08-02 12:30:00",84096,0.092,0.092,0.136,0.158,18.07,14.8,12.87,12.71,12.91,"NAN",15.08,14.99,13.59,19.81
"2013-08-02 12:45:00",84097,0.092,0.092,0.136,0.158,18.66,15.38,13.11,12.77,12.92,"NAN",15.67,15.48,13.59,20.91
"2013-08-02 13:00:00",84098,0.092,0.092,0.136,0.158,19.07,15.88,13.38,12.86,12.92,"NAN",16.27,15.81,13.59,21.59
"2013-08-02 13:15:00",84099,0.092,0.092,0.136,0.158,19.3,16.25,13.64,12.95,12.91,"NAN",16.73,16.01,13.59,22.03
"2013-08-02 13:30:00",84100,0.092,0.092,0.136,0.158,19.51,16.56,13.9,13.05,12.92,"NAN",16.98,16.16,13.59,22.53
"2013-08-02 13:45:00",84101,0.092,0.092,0.136,0.158,19.59,16.82,14.14,13.16,12.92,"NAN",17.28,16.26,13.59,23.01
"2013-08-02 14:00:00",84102,0.092,0.092,0.136,0.158,19.46,16.99,14.35,13.28,12.93,"NAN",17.67,16.33,13.59,23.55
"2013-08-02 14:15:00",84103,0.092,0.092,0.136,0.158,19.28,17.06,14.55,13.41,12.93,"NAN",18.09,16.36,13.59,24.25
"2013-08-02 14:30:00",84104,0.092,0.092,0.136,0.158,19.06,17.08,14.72,13.53,12.94,"NAN",18.47,16.36,13.59,24.81
"2013-08-02 14:45:00",84105,0.092,0.092,0.136,0.157,18.81,17.05,14.87,13.64,12.94,"NAN",18.67,16.34,13.59,24.57
"2013-08-02 15:00:00",84106,0.092,0.092,0.136,0.157,18.53,17.02,15,13.78,12.94,"NAN",18.61,16.3,13.59,24.48
"2013-08-02 15:15:00",84107,0.091,0.092,0.136,0.157,18.37,16.94,15.11,13.89,12.97,"NAN",18.46,16.25,13.59,25.16
"2013-08-02 15:30:00",84108,0.091,0.091,0.136,0.157,18.26,16.86,15.17,13.99,12.99,"NAN",18.32,16.24,13.59,25.95
"2013-08-02 15:45:00",84109,0.091,0.091,0.136,0.157,18.18,16.83,15.25,14.08,13.03,"NAN",18.2,16.24,13.59,27.03
"2013-08-02 16:00:00",84110,0.091,0.091,0.136,0.157,18.09,16.78,15.29,14.16,13.06,"NAN",18.1,16.25,13.59,27.5
"2013-08-02 16:15:00",84111,0.091,0.091,0.136,0.157,17.96,16.74,15.34,14.23,13.07,"NAN",17.99,16.27,13.59,27.37
"2013-08-02 16:30:00",84112,0.091,0.091,0.136,0.157,17.76,16.68,15.39,14.3,13.1,"NAN",17.86,16.27,13.59,27.15
"2013-08-02 16:45:00",84113,0.091,0.091,0.136,0.157,17.54,16.59,15.41,14.35,13.13,"NAN",17.7,16.24,13.59,26.22
"2013-08-02 17:00:00",84114,0.091,0.091,0.136,0.157,17.27,16.47,15.42,14.41,13.18,"NAN",17.53,16.18,13.59,24.72
"2013-08-02 17:15:00",84115,0.091,0.091,0.136,0.157,16.99,16.35,15.42,14.45,13.21,"NAN",17.34,16.1,13.59,23.15
"2013-08-02 17:30:00",84116,0.091,0.091,0.136,0.157,16.72,16.21,15.43,14.51,13.26,"NAN",17.13,15.98,13.59,21.75
"2013-08-02 17:45:00",84117,0.091,0.091,0.136,0.157,16.46,16.06,15.41,14.54,13.28,"NAN",16.91,15.85,13.59,20.53
"2013-08-02 18:00:00",84118,0.091,0.091,0.136,0.157,16.21,15.89,15.38,14.59,13.32,"NAN",16.7,15.72,13.59,19.49
"2013-08-02 18:15:00",84119,0.091,0.091,0.136,0.157,16,15.71,15.34,14.61,13.35,"NAN",16.5,15.58,13.58,18.66
"2013-08-02 18:30:00",84120,0.091,0.091,0.136,0.157,15.78,15.56,15.32,14.63,13.37,"NAN",16.3,15.44,13.59,18.05
"2013-08-02 18:45:00",84121,0.091,0.091,0.136,0.157,15.58,15.42,15.26,14.65,13.4,"NAN",16.12,15.32,13.59,17.66
"2013-08-02 19:00:00",84122,0.091,0.091,0.136,0.157,15.42,15.28,15.21,14.67,13.44,"NAN",15.97,15.2,13.59,17.31
"2013-08-02 19:15:00",84123,0.091,0.091,0.136,0.157,15.27,15.15,15.16,14.67,13.46,"NAN",15.82,15.1,13.59,16.79
"2013-08-02 19:30:00",84124,0.091,0.091,0.136,0.157,15.09,15.03,15.1,14.68,13.47,"NAN",15.67,14.99,13.59,16.22
"2013-08-02 19:45:00",84125,0.091,0.091,0.136,0.157,14.89,14.88,15.03,14.68,13.5,"NAN",15.52,14.88,13.59,15.75
"2013-08-02 20:00:00",84126,0.091,0.091,0.136,0.157,14.74,14.76,14.98,14.67,13.54,"NAN",15.36,14.76,13.59,15.34
"2013-08-02 20:15:00",84127,0.091,0.091,0.135,0.157,14.59,14.6,14.91,14.65,13.57,"NAN",15.22,14.64,13.59,14.85
"2013-08-02 20:30:00",84128,0.091,0.091,0.136,0.157,14.42,14.47,14.85,14.64,13.56,"NAN",15.08,14.53,13.59,14.35
"2013-08-02 20:45:00",84129,0.091,0.091,0.135,0.157,14.27,14.34,14.78,14.62,13.58,"NAN",14.94,14.42,13.59,13.85
"2013-08-02 21:00:00",84130,0.091,0.091,0.135,0.157,14.13,14.23,14.72,14.59,13.59,"NAN",14.8,14.31,13.59,13.45
"2013-08-02 21:15:00",84131,0.091,0.091,0.135,0.157,14.01,14.12,14.67,14.58,13.63,"NAN",14.67,14.2,13.59,13.19
"2013-08-02 21:30:00",84132,0.091,0.091,0.135,0.157,13.89,14,14.58,14.56,13.63,"NAN",14.56,14.1,13.59,12.91
"2013-08-02 21:45:00",84133,0.091,0.091,0.135,0.157,13.74,13.9,14.53,14.55,13.64,"NAN",14.45,14.01,13.59,12.53
"2013-08-02 22:00:00",84134,0.091,0.091,0.135,0.157,13.61,13.81,14.45,14.51,13.65,"NAN",14.32,13.9,13.59,12.16
"2013-08-02 22:15:00",84135,0.091,0.091,0.135,0.157,13.49,13.68,14.4,14.47,13.64,"NAN",14.2,13.8,13.59,12.05
"2013-08-02 22:30:00",84136,0.091,0.091,0.135,0.157,13.38,13.59,14.33,14.44,13.65,"NAN",14.09,13.7,13.59,11.84
"2013-08-02 22:45:00",84137,0.091,0.091,0.135,0.157,13.26,13.5,14.28,14.41,13.67,"NAN",13.98,13.61,13.59,11.63
"2013-08-02 23:00:00",84138,0.091,0.091,0.135,0.157,13.15,13.41,14.21,14.4,13.68,"NAN",13.87,13.51,13.59,11.56
"2013-08-02 23:15:00",84139,0.091,0.091,0.135,0.157,13.07,13.28,14.15,14.36,13.69,"NAN",13.78,13.42,13.59,11.66
"2013-08-02 23:30:00",84140,0.091,0.091,0.135,0.157,13.01,13.19,14.08,14.31,13.69,"NAN",13.69,13.35,13.59,11.75
"2013-08-02 23:45:00",84141,0.091,0.091,0.135,0.157,12.92,13.14,14.03,14.31,13.69,"NAN",13.62,13.28,13.59,11.73
"2013-08-03 00:00:00",84142,0.091,0.091,0.135,0.157,12.85,13.07,13.97,14.27,13.69,"NAN",13.54,13.21,13.59,11.7
"2013-08-03 00:15:00",84143,0.091,0.091,0.135,0.157,12.77,12.99,13.92,14.24,13.69,"NAN",13.46,13.14,13.59,11.68
"2013-08-03 00:30:00",84144,0.091,0.091,0.135,0.157,12.7,12.93,13.85,14.21,13.69,"NAN",13.39,13.08,13.59,11.61
"2013-08-03 00:45:00",84145,0.091,0.091,0.135,0.157,12.63,12.85,13.81,14.18,13.69,"NAN",13.32,13.02,13.59,11.54
"2013-08-03 01:00:00",84146,0.091,0.091,0.135,0.157,12.54,12.8,13.75,14.15,13.69,"NAN",13.25,12.96,13.59,11.4
"2013-08-03 01:15:00",84147,0.091,0.091,0.135,0.157,12.47,12.7,13.71,14.1,13.69,"NAN",13.18,12.89,13.59,11.2
"2013-08-03 01:30:00",84148,0.091,0.091,0.135,0.157,12.37,12.64,13.66,14.07,13.69,"NAN",13.09,12.82,13.59,10.86
"2013-08-03 01:45:00",84149,0.091,0.091,0.135,0.157,12.21,12.55,13.61,14.04,13.68,"NAN",13,12.74,13.59,10.47
"2013-08-03 02:00:00",84150,0.091,0.091,0.135,0.157,12.1,12.46,13.56,14.02,13.68,"NAN",12.9,12.66,13.59,10.18
"2013-08-03 02:15:00",84151,0.091,0.091,0.135,0.157,12,12.39,13.51,13.98,13.67,"NAN",12.81,12.57,13.59,9.84
"2013-08-03 02:30:00",84152,0.091,0.091,0.135,0.157,11.86,12.3,13.45,13.94,13.65,"NAN",12.71,12.48,13.59,9.46
"2013-08-03 02:45:00",84153,0.091,0.091,0.135,0.157,11.75,12.2,13.4,13.92,13.65,"NAN",12.6,12.38,13.59,9.17
"2013-08-03 03:00:00",84154,0.091,0.091,0.135,0.157,11.65,12.1,13.32,13.88,13.65,"NAN",12.5,12.28,13.59,9.03
"2013-08-03 03:15:00",84155,0.091,0.091,0.135,0.157,11.6,12,13.24,13.84,13.65,"NAN",12.41,12.19,13.59,9.03
"2013-08-03 03:30:00",84156,0.091,0.091,0.135,0.157,11.54,11.92,13.2,13.83,13.63,"NAN",12.34,12.12,13.59,9.08
"2013-08-03 03:45:00",84157,0.091,0.091,0.135,0.157,11.51,11.86,13.13,13.77,13.64,"NAN",12.27,12.06,13.59,9.12
"2013-08-03 04:00:00",84158,0.091,0.091,0.135,0.157,11.44,11.81,13.08,13.71,13.63,"NAN",12.21,12,13.59,9.12
"2013-08-03 04:15:00",84159,0.091,0.091,0.135,0.157,11.39,11.74,13.02,13.68,13.64,"NAN",12.15,11.95,13.59,9.06
"2013-08-03 04:30:00",84160,0.091,0.091,0.135,0.157,11.3,11.7,12.98,13.62,13.61,"NAN",12.09,11.89,13.59,8.86
"2013-08-03 04:45:00",84161,0.091,0.091,0.135,0.157,11.21,11.63,12.92,13.59,13.6,"NAN",12.02,11.82,13.59,8.68
"2013-08-03 05:00:00",84162,0.091,0.091,0.135,0.157,11.15,11.58,12.86,13.56,13.59,"NAN",11.95,11.75,13.59,8.55
"2013-08-03 05:15:00",84163,0.091,0.091,0.135,0.157,11.09,11.51,12.8,13.52,13.57,"NAN",11.88,11.69,13.59,8.44
"2013-08-03 05:30:00",84164,0.091,0.091,0.135,0.157,11.01,11.47,12.77,13.47,13.55,"NAN",11.81,11.63,13.59,8.23
"2013-08-03 05:45:00",84165,0.091,0.091,0.135,0.157,10.93,11.39,12.7,13.46,13.54,"NAN",11.74,11.56,13.59,8.08
"2013-08-03 06:00:00",84166,0.091,0.091,0.135,0.157,10.85,11.33,12.67,13.41,13.52,"NAN",11.67,11.49,13.59,7.882
"2013-08-03 06:15:00",84167,0.091,0.091,0.135,0.157,10.77,11.27,12.6,13.37,13.51,"NAN",11.59,11.42,13.59,7.663
"2013-08-03 06:30:00",84168,0.091,0.091,0.135,0.157,10.67,11.19,12.56,13.34,13.49,"NAN",11.51,11.35,13.59,7.399
"2013-08-03 06:45:00",84169,0.091,0.091,0.135,0.157,10.52,11.12,12.5,13.31,13.47,"NAN",11.42,11.27,13.59,7.094
"2013-08-03 07:00:00",84170,0.091,0.091,0.135,0.157,10.4,11.03,12.45,13.26,13.47,"NAN",11.33,11.18,13.59,6.787
"2013-08-03 07:15:00",84171,0.091,0.091,0.135,0.157,10.29,10.95,12.39,13.23,13.46,"NAN",11.23,11.09,13.59,6.482
"2013-08-03 07:30:00",84172,0.091,0.091,0.135,0.157,10.19,10.86,12.32,13.2,13.46,"NAN",11.14,11,13.59,6.265
"2013-08-03 07:45:00",84173,0.091,0.091,0.135,0.157,10.12,10.77,12.29,13.14,13.43,"NAN",11.05,10.91,13.59,6.265
"2013-08-03 08:00:00",84174,0.091,0.091,0.135,0.157,10.12,10.69,12.23,13.1,13.42,"NAN",10.99,10.84,13.59,6.57
"2013-08-03 08:15:00",84175,0.091,0.091,0.135,0.157,10.22,10.67,12.17,13.08,13.39,"NAN",10.98,10.81,13.59,7.421
"2013-08-03 08:30:00",84176,0.091,0.091,0.135,0.157,10.51,10.69,12.12,13.04,13.38,"NAN",11.05,10.84,13.59,8.83
"2013-08-03 08:45:00",84177,0.091,0.091,0.135,0.157,10.92,10.83,12.08,13.01,13.38,"NAN",11.19,10.94,13.59,10.11
"2013-08-03 09:00:00",84178,0.091,0.091,0.135,0.157,11.27,11,12.06,12.97,13.36,"NAN",11.38,11.09,13.59,11.15
"2013-08-03 09:15:00",84179,0.091,0.091,0.135,0.157,11.6,11.16,12.05,12.92,13.33,"NAN",11.56,11.27,13.59,12.23
"2013-08-03 09:30:00",84180,0.091,0.091,0.135,0.157,12.09,11.38,12.07,12.91,13.31,"NAN",11.76,11.48,13.59,13.35
"2013-08-03 09:45:00",84181,0.091,0.091,0.135,0.157,12.71,11.64,12.12,12.87,13.3,"NAN",12,11.78,13.59,14.16
"2013-08-03 10:00:00",84182,0.091,0.091,0.135,0.156,13.26,11.98,12.18,12.86,13.3,"NAN",12.22,12.09,13.59,14.95
"2013-08-03 10:15:00",84183,0.091,0.091,0.135,0.157,13.83,12.33,12.26,12.86,13.28,"NAN",12.44,12.45,13.59,15.65
"2013-08-03 10:30:00",84184,0.091,0.091,0.135,0.156,14.47,12.69,12.37,12.87,13.25,"NAN",12.72,12.9,13.59,16.34
"2013-08-03 10:45:00",84185,0.091,0.091,0.135,0.156,14.94,13.08,12.48,12.87,13.24,"NAN",13.13,13.34,13.59,16.91
"2013-08-03 11:00:00",84186,0.09,0.091,0.135,0.156,15.5,13.47,12.62,12.87,13.22,"NAN",13.71,13.7,13.59,17.36
"2013-08-03 11:15:00",84187,0.09,0.091,0.135,0.156,16.03,13.86,12.78,12.92,13.18,"NAN",14.36,14.09,13.59,17.82
"2013-08-03 11:30:00",84188,0.09,0.091,0.135,0.156,16.49,14.21,12.97,12.98,13.15,"NAN",14.98,14.56,13.59,18.35
"2013-08-03 11:45:00",84189,0.09,0.091,0.135,0.156,17.35,14.64,13.14,13.01,13.14,"NAN",15.5,15.08,13.59,18.92
"2013-08-03 12:00:00",84190,0.09,0.09,0.135,0.156,18.24,15.21,13.36,13.09,13.14,"NAN",16.05,15.6,13.59,19.49
"2013-08-03 12:15:00",84191,0.09,0.09,0.135,0.156,18.91,15.75,13.59,13.14,13.14,"NAN",16.46,16.07,13.59,20.13
"2013-08-03 12:30:00",84192,0.09,0.09,0.135,0.156,19.47,16.24,13.81,13.23,13.14,"NAN",16.83,16.5,13.59,20.74
"2013-08-03 12:45:00",84193,0.09,0.09,0.134,0.156,19.82,16.66,14.05,13.32,13.13,"NAN",17.26,16.86,13.59,21.1
"2013-08-03 13:00:00",84194,0.09,0.09,0.134,0.156,20.04,17.02,14.3,13.41,13.13,"NAN",17.68,17.07,13.59,21.64
"2013-08-03 13:15:00",84195,0.09,0.09,0.134,0.156,20.2,17.34,14.53,13.53,13.13,"NAN",18.06,17.18,13.59,22.03
"2013-08-03 13:30:00",84196,0.09,0.09,0.134,0.156,20.35,17.59,14.77,13.65,13.13,"NAN",18.23,17.24,13.59,22.25
"2013-08-03 13:45:00",84197,0.09,0.09,0.134,0.156,20.39,17.79,14.98,13.79,13.15,"NAN",18.47,17.27,13.59,22.59
"2013-08-03 14:00:00",84198,0.09,0.09,0.134,0.156,20.14,17.91,15.2,13.93,13.16,"NAN",18.8,17.26,13.59,22.84
"2013-08-03 14:15:00",84199,0.09,0.09,0.134,0.156,19.88,17.91,15.38,14.04,13.18,"NAN",19.15,17.23,13.59,23.15
"2013-08-03 14:30:00",84200,0.09,0.09,0.134,0.156,19.67,17.88,15.53,14.16,13.19,"NAN",19.47,17.16,13.59,23.47
"2013-08-03 14:45:00",84201,0.09,0.09,0.134,0.156,19.41,17.81,15.68,14.27,13.23,"NAN",19.62,17.09,13.59,23.84
"2013-08-03 15:00:00",84202,0.09,0.09,0.134,0.155,19.22,17.75,15.76,14.37,13.27,"NAN",19.53,17.01,13.59,24.51
"2013-08-03 15:15:00",84203,0.09,0.09,0.134,0.155,18.99,17.69,15.84,14.46,13.3,"NAN",19.35,16.95,13.59,25.01
"2013-08-03 15:30:00",84204,0.09,0.09,0.134,0.155,18.79,17.61,15.89,14.56,13.31,"NAN",19.14,16.9,13.59,25.49
"2013-08-03 15:45:00",84205,0.09,0.09,0.134,0.155,18.62,17.52,15.95,14.64,13.34,"NAN",18.93,16.84,13.59,25.79
"2013-08-03 16:00:00",84206,0.09,0.09,0.134,0.155,18.46,17.43,15.97,14.72,13.38,"NAN",18.74,16.79,13.59,25.92
"2013-08-03 16:15:00",84207,0.09,0.09,0.134,0.155,18.27,17.33,16,14.79,13.41,"NAN",18.55,16.75,13.59,25.83
"2013-08-03 16:30:00",84208,0.09,0.09,0.134,0.155,18.03,17.18,16.03,14.88,13.42,"NAN",18.35,16.69,13.59,25.28
"2013-08-03 16:45:00",84209,0.09,0.09,0.134,0.155,17.76,17.02,16.03,14.94,13.46,"NAN",18.14,16.61,13.59,23.99
"2013-08-03 17:00:00",84210,0.09,0.09,0.134,0.155,17.47,16.89,16.03,15.01,13.51,"NAN",17.91,16.5,13.59,22.45
"2013-08-03 17:15:00",84211,0.09,0.09,0.134,0.155,17.15,16.72,16,15.04,13.53,"NAN",17.68,16.37,13.59,20.93
"2013-08-03 17:30:00",84212,0.09,0.09,0.134,0.155,16.86,16.54,15.97,15.08,13.58,"NAN",17.45,16.23,13.59,19.65
"2013-08-03 17:45:00",84213,0.09,0.09,0.134,0.155,16.59,16.35,15.92,15.1,13.61,"NAN",17.21,16.08,13.59,18.66
"2013-08-03 18:00:00",84214,0.09,0.09,0.134,0.155,16.34,16.19,15.9,15.12,13.62,"NAN",16.98,15.92,13.59,17.84
"2013-08-03 18:15:00",84215,0.09,0.09,0.134,0.155,16.13,16.02,15.83,15.15,13.67,"NAN",16.76,15.76,13.59,17.19
"2013-08-03 18:30:00",84216,0.09,0.09,0.134,0.155,15.9,15.83,15.78,15.16,13.7,"NAN",16.56,15.61,13.59,16.61
"2013-08-03 18:45:00",84217,0.09,0.09,0.134,0.155,15.68,15.66,15.72,15.16,13.71,"NAN",16.36,15.47,13.59,16.14
"2013-08-03 19:00:00",84218,0.09,0.09,0.134,0.155,15.48,15.51,15.66,15.16,13.75,"NAN",16.18,15.33,13.59,15.82
"2013-08-03 19:15:00",84219,0.09,0.09,0.134,0.155,15.31,15.37,15.57,15.16,13.78,"NAN",16.01,15.2,13.59,15.55
"2013-08-03 19:30:00",84220,0.09,0.09,0.134,0.155,15.14,15.23,15.48,15.14,13.82,"NAN",15.85,15.08,13.59,15.17
"2013-08-03 19:45:00",84221,0.09,0.09,0.134,0.155,14.98,15.11,15.42,15.13,13.83,"NAN",15.69,14.96,13.59,14.95
"2013-08-03 20:00:00",84222,0.09,0.09,0.134,0.155,14.85,14.96,15.34,15.11,13.84,"NAN",15.55,14.86,13.59,14.78
"2013-08-03 20:15:00",84223,0.09,0.089,0.134,0.155,14.72,14.84,15.27,15.09,13.87,"NAN",15.42,14.76,13.59,14.54
"2013-08-03 20:30:00",84224,0.089,0.089,0.134,0.155,14.58,14.73,15.19,15.08,13.89,"NAN",15.29,14.66,13.59,14.25
"2013-08-03 20:45:00",84225,0.089,0.089,0.134,0.155,14.43,14.57,15.12,15.05,13.91,"NAN",15.16,14.55,13.59,13.9
"2013-08-03 21:00:00",84226,0.089,0.089,0.134,0.155,14.28,14.44,15.04,15.01,13.92,"NAN",15.03,14.45,13.59,13.61
"2013-08-03 21:15:00",84227,0.089,0.089,0.134,0.155,14.14,14.34,14.97,14.98,13.92,"NAN",14.9,14.34,13.59,13.3
"2013-08-03 21:30:00",84228,0.089,0.089,0.134,0.155,14.01,14.22,14.89,14.97,13.92,"NAN",14.77,14.23,13.59,13
"2013-08-03 21:45:00",84229,0.089,0.089,0.134,0.155,13.85,14.09,14.83,14.93,13.93,"NAN",14.64,14.13,13.59,12.6
"2013-08-03 22:00:00",84230,0.089,0.089,0.134,0.155,13.71,13.98,14.75,14.86,13.95,"NAN",14.52,14.02,13.59,12.23
"2013-08-03 22:15:00",84231,0.089,0.089,0.134,0.155,13.58,13.88,14.68,14.8,13.96,"NAN",14.39,13.92,13.59,11.86
"2013-08-03 22:30:00",84232,0.089,0.089,0.134,0.155,13.46,13.78,14.61,14.78,13.97,"NAN",14.26,13.81,13.59,11.59
"2013-08-03 22:45:00",84233,0.089,0.089,0.134,0.155,13.35,13.67,14.53,14.75,13.97,"NAN",14.15,13.71,13.59,11.4
"2013-08-03 23:00:00",84234,0.089,0.089,0.134,0.155,13.25,13.57,14.47,14.7,13.98,"NAN",14.04,13.62,13.59,11.27
"2013-08-03 23:15:00",84235,0.089,0.089,0.134,0.155,13.17,13.49,14.41,14.67,13.98,"NAN",13.94,13.52,13.59,11.22
"2013-08-03 23:30:00",84236,0.089,0.089,0.134,0.155,13.07,13.4,14.34,14.64,13.98,"NAN",13.85,13.44,13.59,11.15
"2013-08-03 23:45:00",84237,0.089,0.089,0.134,0.155,13.01,13.28,14.28,14.59,13.98,"NAN",13.76,13.36,13.59,11.2
"2013-08-04 00:00:00",84238,0.089,0.089,0.134,0.155,12.92,13.19,14.21,14.55,13.98,"NAN",13.68,13.29,13.59,11.29
"2013-08-04 00:15:00",84239,0.089,0.089,0.134,0.155,12.9,13.14,14.16,14.52,13.98,"NAN",13.61,13.23,13.59,11.4
"2013-08-04 00:30:00",84240,0.089,0.089,0.134,0.155,12.83,13.07,14.08,14.47,13.98,"NAN",13.56,13.18,13.59,11.49
"2013-08-04 00:45:00",84241,0.089,0.089,0.134,0.155,12.78,13.02,14.03,14.42,13.98,"NAN",13.5,13.13,13.59,11.54
"2013-08-04 01:00:00",84242,0.089,0.089,0.134,0.155,12.75,12.96,13.97,14.4,13.98,"NAN",13.45,13.09,13.59,11.61
"2013-08-04 01:15:00",84243,0.089,0.089,0.134,0.155,12.7,12.92,13.94,14.36,13.97,"NAN",13.39,13.04,13.59,11.68
"2013-08-04 01:30:00",84244,0.089,0.089,0.134,0.155,12.64,12.86,13.87,14.31,13.96,"NAN",13.35,13,13.59,11.63
"2013-08-04 01:45:00",84245,0.089,0.089,0.134,0.155,12.6,12.83,13.83,14.3,13.95,"NAN",13.3,12.97,13.59,11.52
"2013-08-04 02:00:00",84246,0.089,0.089,0.133,0.155,12.51,12.76,13.79,14.26,13.93,"NAN",13.24,12.92,13.59,11.36
"2013-08-04 02:15:00",84247,0.089,0.089,0.133,0.155,12.47,12.68,13.74,14.22,13.93,"NAN",13.17,12.86,13.59,11.29
"2013-08-04 02:30:00",84248,0.089,0.089,0.133,0.155,12.4,12.65,13.71,14.2,13.92,"NAN",13.11,12.81,13.59,11.31
"2013-08-04 02:45:00",84249,0.089,0.089,0.133,0.155,12.39,12.59,13.65,14.17,13.9,"NAN",13.07,12.77,13.59,11.52
"2013-08-04 03:00:00",84250,0.089,0.089,0.133,0.155,12.4,12.54,13.62,14.13,13.89,"NAN",13.04,12.74,13.59,11.96
"2013-08-04 03:15:00",84251,0.089,0.089,0.133,0.155,12.43,12.55,13.58,14.09,13.89,"NAN",13.04,12.73,13.59,12.46
"2013-08-04 03:30:00",84252,0.089,0.089,0.133,0.155,12.48,12.54,13.53,14.07,13.88,"NAN",13.04,12.74,13.59,12.88
"2013-08-04 03:45:00",84253,0.089,0.089,0.133,0.155,12.49,12.54,13.51,14.04,13.87,"NAN",13.05,12.75,13.59,13.07
"2013-08-04 04:00:00",84254,0.089,0.089,0.133,0.155,12.49,12.54,13.5,14,13.86,"NAN",13.05,12.76,13.59,13.19
"2013-08-04 04:15:00",84255,0.089,0.089,0.133,0.155,12.48,12.53,13.47,13.98,13.84,"NAN",13.04,12.76,13.59,13.19
"2013-08-04 04:30:00",84256,0.089,0.089,0.133,0.155,12.45,12.51,13.44,13.96,13.83,"NAN",13.02,12.76,13.59,13
"2013-08-04 04:45:00",84257,0.089,0.089,0.133,0.155,12.39,12.48,13.41,13.93,13.82,"NAN",12.99,12.74,13.59,12.7
"2013-08-04 05:00:00",84258,0.089,0.089,0.133,0.155,12.32,12.44,13.38,13.89,13.81,"NAN",12.94,12.7,13.59,12.37
"2013-08-04 05:15:00",84259,0.089,0.089,0.133,0.155,12.23,12.42,13.34,13.85,13.78,"NAN",12.89,12.67,13.59,12.07
"2013-08-04 05:30:00",84260,0.089,0.089,0.133,0.155,12.16,12.36,13.31,13.83,13.79,"NAN",12.84,12.62,13.59,11.75
"2013-08-04 05:45:00",84261,0.089,0.089,0.133,0.155,12.09,12.31,13.27,13.83,13.78,"NAN",12.79,12.57,13.59,11.33
"2013-08-04 06:00:00",84262,0.089,0.089,0.133,0.155,11.98,12.26,13.26,13.82,13.76,"NAN",12.71,12.51,13.59,10.86
"2013-08-04 06:15:00",84263,0.089,0.089,0.133,0.155,11.89,12.2,13.23,13.79,13.75,"NAN",12.63,12.44,13.59,10.47
"2013-08-04 06:30:00",84264,0.089,0.089,0.133,0.155,11.8,12.12,13.19,13.76,13.74,"NAN",12.55,12.37,13.59,10.16
"2013-08-04 06:45:00",84265,0.089,0.089,0.133,0.155,11.74,12.04,13.14,13.72,13.72,"NAN",12.48,12.3,13.59,9.95
"2013-08-04 07:00:00",84266,0.089,0.089,0.133,0.155,11.68,11.96,13.09,13.69,13.7,"NAN",12.41,12.23,13.59,10
"2013-08-04 07:15:00",84267,0.089,0.089,0.133,0.155,11.68,11.92,13.05,13.65,13.7,"NAN",12.37,12.18,13.59,10.2
"2013-08-04 07:30:00",84268,0.089,0.089,0.133,0.155,11.68,11.88,13.01,13.63,13.69,"NAN",12.35,12.15,13.59,10.43
"2013-08-04 07:45:00",84269,0.089,0.089,0.133,0.155,11.69,11.86,12.98,13.62,13.67,"NAN",12.34,12.13,13.59,10.63
"2013-08-04 08:00:00",84270,0.089,0.089,0.133,0.155,11.72,11.84,12.95,13.59,13.65,"NAN",12.33,12.12,13.59,10.88
"2013-08-04 08:15:00",84271,0.089,0.089,0.133,0.155,11.8,11.84,12.92,13.55,13.65,"NAN",12.34,12.12,13.59,11.45
"2013-08-04 08:30:00",84272,0.089,0.089,0.133,0.155,12,11.88,12.88,13.53,13.64,"NAN",12.4,12.17,13.59,12.26
"2013-08-04 08:45:00",84273,0.089,0.089,0.133,0.155,12.21,11.99,12.87,13.52,13.64,"NAN",12.51,12.25,13.59,12.93
"2013-08-04 09:00:00",84274,0.089,0.089,0.133,0.155,12.4,12.11,12.87,13.49,13.64,"NAN",12.62,12.35,13.59,13.56
"2013-08-04 09:15:00",84275,0.089,0.089,0.133,0.155,12.64,12.21,12.87,13.45,13.62,"NAN",12.75,12.45,13.59,14.28
"2013-08-04 09:30:00",84276,0.089,0.089,0.133,0.155,13.07,12.36,12.9,13.44,13.59,"NAN",12.9,12.6,13.59,15.26
"2013-08-04 09:45:00",84277,0.089,0.089,0.133,0.154,13.64,12.59,12.92,13.44,13.59,"NAN",13.11,12.84,13.59,16.27
"2013-08-04 10:00:00",84278,0.089,0.089,0.133,0.154,14.2,12.91,12.97,13.44,13.58,"NAN",13.36,13.13,13.59,16.98
"2013-08-04 10:15:00",84279,0.089,0.089,0.133,0.154,14.77,13.23,13.04,13.43,13.58,"NAN",13.62,13.46,13.59,17.66
"2013-08-04 10:30:00",84280,0.089,0.089,0.133,0.154,15.42,13.61,13.14,13.43,13.56,"NAN",13.91,13.89,13.59,18.2
"2013-08-04 10:45:00",84281,0.089,0.089,0.133,0.154,15.87,13.95,13.24,13.43,13.53,"NAN",14.29,14.32,13.59,18.71
"2013-08-04 11:00:00",84282,0.089,0.089,0.133,0.154,16.5,14.32,13.41,13.44,13.53,"NAN",14.86,14.66,13.59,19.18
"2013-08-04 11:15:00",84283,0.089,0.089,0.133,0.154,17.08,14.76,13.55,13.48,13.51,"NAN",15.52,15.07,13.59,19.63
"2013-08-04 11:30:00",84284,0.089,0.089,0.133,0.154,17.56,15.16,13.71,13.53,13.49,"NAN",16.16,15.55,13.59,20
"2013-08-04 11:45:00",84285,0.089,0.089,0.133,0.154,18.38,15.57,13.88,13.57,13.49,"NAN",16.67,16.08,13.59,20.31
"2013-08-04 12:00:00",84286,0.089,0.089,0.133,0.154,19.27,16.12,14.07,13.63,13.49,"NAN",17.21,16.6,13.59,20.72
"2013-08-04 12:15:00",84287,0.089,0.089,0.133,0.154,20.07,16.67,14.29,13.71,13.49,"NAN",17.61,17.09,13.59,21.29
"2013-08-04 12:30:00",84288,0.089,0.089,0.133,0.154,20.68,17.22,14.51,13.81,13.49,"NAN",17.99,17.54,13.59,21.92
"2013-08-04 12:45:00",84289,0.089,0.089,0.133,0.154,21.16,17.7,14.78,13.9,13.49,"NAN",18.47,17.93,13.59,22.28
"2013-08-04 13:00:00",84290,0.089,0.089,0.133,0.154,21.35,18.1,15.05,14,13.49,"NAN",18.95,18.18,13.59,22.56
"2013-08-04 13:15:00",84291,0.089,0.089,0.132,0.154,21.45,18.39,15.3,14.12,13.5,"NAN",19.32,18.29,13.59,22.73
"2013-08-04 13:30:00",84292,0.089,0.089,0.132,0.154,21.38,18.62,15.56,14.25,13.5,"NAN",19.44,18.33,13.59,22.87
"2013-08-04 13:45:00",84293,0.089,0.089,0.132,0.153,21.3,18.74,15.79,14.35,13.51,"NAN",19.6,18.33,13.59,23.29
"2013-08-04 14:00:00",84294,0.089,0.089,0.132,0.153,21.1,18.78,15.98,14.48,13.51,"NAN",19.89,18.3,13.59,23.84
"2013-08-04 14:15:00",84295,0.089,0.089,0.132,0.153,20.91,18.78,16.15,14.61,13.53,"NAN",20.2,18.26,13.59,24.36
"2013-08-04 14:30:00",84296,0.089,0.089,0.132,0.153,20.74,18.78,16.29,14.72,13.56,"NAN",20.49,18.18,13.59,24.63
"2013-08-04 14:45:00",84297,0.089,0.089,0.132,0.153,20.47,18.75,16.4,14.86,13.59,"NAN",20.6,18.09,13.59,24.3
"2013-08-04 15:00:00",84298,0.089,0.088,0.132,0.153,20.18,18.68,16.49,15.01,13.61,"NAN",20.48,18,13.59,23.84
"2013-08-04 15:15:00",84299,0.089,0.088,0.132,0.153,19.91,18.57,16.57,15.11,13.61,"NAN",20.26,17.9,13.59,23.75
"2013-08-04 15:30:00",84300,0.089,0.088,0.132,0.153,19.61,18.42,16.63,15.2,13.66,"NAN",20.03,17.81,13.59,22.81
"2013-08-04 15:45:00",84301,0.089,0.088,0.132,0.153,19.3,18.27,16.67,15.28,13.7,"NAN",19.77,17.7,13.59,21.89
"2013-08-04 16:00:00",84302,0.089,0.088,0.132,0.153,18.94,18.13,16.67,15.35,13.71,"NAN",19.51,17.58,13.59,21.1
"2013-08-04 16:15:00",84303,0.089,0.088,0.132,0.153,18.65,17.95,16.68,15.42,13.77,"NAN",19.25,17.44,13.59,20.42
"2013-08-04 16:30:00",84304,0.089,0.088,0.132,0.153,18.41,17.77,16.68,15.47,13.8,"NAN",19,17.31,13.59,20.15
"2013-08-04 16:45:00",84305,0.089,0.088,0.132,0.153,18.19,17.62,16.67,15.53,13.81,"NAN",18.78,17.19,13.59,20.4
"2013-08-04 17:00:00",84306,0.089,0.088,0.132,0.153,17.97,17.45,16.63,15.56,13.86,"NAN",18.57,17.07,13.59,19.97
"2013-08-04 17:15:00",84307,0.089,0.088,0.132,0.153,17.69,17.28,16.58,15.6,13.9,"NAN",18.35,16.94,13.58,19.18
"2013-08-04 17:30:00",84308,0.089,0.088,0.132,0.153,17.37,17.06,16.56,15.63,13.92,"NAN",18.1,16.8,13.58,18.38
"2013-08-04 17:45:00",84309,0.089,0.088,0.132,0.153,17.06,16.88,16.49,15.65,13.96,"NAN",17.85,16.64,13.59,17.59
"2013-08-04 18:00:00",84310,0.089,0.088,0.132,0.153,16.8,16.68,16.42,15.64,14,"NAN",17.6,16.47,13.59,17.06
"2013-08-04 18:15:00",84311,0.089,0.088,0.132,0.153,16.57,16.5,16.37,15.65,14.01,"NAN",17.38,16.31,13.59,16.56
"2013-08-04 18:30:00",84312,0.089,0.088,0.132,0.153,16.35,16.34,16.3,15.66,14.06,"NAN",17.16,16.16,13.59,16.14
"2013-08-04 18:45:00",84313,0.089,0.088,0.132,0.153,16.16,16.17,16.23,15.65,14.1,"NAN",16.95,16.01,13.59,15.82
"2013-08-04 19:00:00",84314,0.089,0.088,0.132,0.153,15.98,16.02,16.15,15.64,14.11,"NAN",16.76,15.87,13.59,15.53
"2013-08-04 19:15:00",84315,0.088,0.088,0.132,0.153,15.8,15.86,16.08,15.64,14.13,"NAN",16.58,15.74,13.59,15.14
"2013-08-04 19:30:00",84316,0.088,0.088,0.132,0.153,15.57,15.7,15.98,15.64,14.16,"NAN",16.41,15.61,13.59,14.61
"2013-08-04 19:45:00",84317,0.088,0.088,0.132,0.153,15.36,15.53,15.91,15.62,14.2,"NAN",16.22,15.47,13.59,14.11
"2013-08-04 20:00:00",84318,0.088,0.088,0.132,0.153,15.15,15.38,15.83,15.59,14.21,"NAN",16.04,15.32,13.59,13.66
"2013-08-04 20:15:00",84319,0.089,0.088,0.132,0.153,14.96,15.23,15.75,15.55,14.21,"NAN",15.86,15.18,13.59,13.14
"2013-08-04 20:30:00",84320,0.089,0.088,0.132,0.153,14.73,15.08,15.69,15.52,14.21,"NAN",15.68,15.03,13.59,12.63
"2013-08-04 20:45:00",84321,0.088,0.088,0.132,0.153,14.52,14.9,15.57,15.5,14.23,"NAN",15.5,14.88,13.59,12.14
"2013-08-04 21:00:00",84322,0.088,0.088,0.132,0.153,14.35,14.73,15.46,15.47,14.26,"NAN",15.32,14.73,13.59,11.75
"2013-08-04 21:15:00",84323,0.088,0.088,0.132,0.153,14.16,14.55,15.38,15.4,14.27,"NAN",15.15,14.58,13.59,11.29
"2013-08-04 21:30:00",84324,0.088,0.088,0.132,0.153,13.96,14.4,15.29,15.37,14.3,"NAN",14.97,14.43,13.59,10.86
"2013-08-04 21:45:00",84325,0.088,0.088,0.132,0.153,13.79,14.24,15.21,15.35,14.31,"NAN",14.8,14.28,13.59,10.52
"2013-08-04 22:00:00",84326,0.088,0.088,0.132,0.153,13.62,14.1,15.13,15.3,14.32,"NAN",14.64,14.13,13.59,10.22
"2013-08-04 22:15:00",84327,0.088,0.088,0.132,0.153,13.46,13.96,15.01,15.27,14.32,"NAN",14.48,13.99,13.59,9.91
"2013-08-04 22:30:00",84328,0.088,0.088,0.132,0.153,13.32,13.84,14.92,15.22,14.32,"NAN",14.33,13.86,13.59,9.68
"2013-08-04 22:45:00",84329,0.088,0.088,0.132,0.153,13.21,13.7,14.83,15.17,14.32,"NAN",14.19,13.73,13.59,9.55
"2013-08-04 23:00:00",84330,0.088,0.088,0.132,0.153,13.12,13.6,14.74,15.13,14.32,"NAN",14.08,13.62,13.59,9.52
"2013-08-04 23:15:00",84331,0.088,0.088,0.132,0.153,13,13.5,14.65,15.07,14.32,"NAN",13.96,13.52,13.59,9.48
"2013-08-04 23:30:00",84332,0.088,0.088,0.132,0.153,12.89,13.39,14.56,15.02,14.31,"NAN",13.86,13.43,13.59,9.39
"2013-08-04 23:45:00",84333,0.088,0.088,0.132,0.153,12.77,13.26,14.49,14.96,14.32,"NAN",13.75,13.33,13.59,9.39
"2013-08-05 00:00:00",84334,0.088,0.088,0.132,0.153,12.68,13.16,14.41,14.9,14.31,"NAN",13.65,13.23,13.59,9.41
"2013-08-05 00:15:00",84335,0.088,0.088,0.132,0.153,12.6,13.08,14.33,14.83,14.31,"NAN",13.56,13.15,13.59,9.55
"2013-08-05 00:30:00",84336,0.088,0.088,0.132,0.153,12.56,13,14.27,14.76,14.31,"NAN",13.48,13.07,13.59,9.68
"2013-08-05 00:45:00",84337,0.088,0.088,0.132,0.153,12.51,12.93,14.19,14.73,14.3,"NAN",13.41,13.01,13.59,9.88
"2013-08-05 01:00:00",84338,0.088,0.088,0.132,0.153,12.5,12.87,14.12,14.67,14.28,"NAN",13.35,12.95,13.59,10.04
"2013-08-05 01:15:00",84339,0.088,0.088,0.132,0.153,12.46,12.82,14.06,14.63,14.26,"NAN",13.3,12.91,13.59,10.22
"2013-08-05 01:30:00",84340,0.088,0.088,0.132,0.153,12.43,12.77,14,14.57,14.26,"NAN",13.25,12.87,13.59,10.43
"2013-08-05 01:45:00",84341,0.088,0.088,0.132,0.152,12.4,12.7,13.95,14.54,14.22,"NAN",13.21,12.83,13.59,10.63
"2013-08-05 02:00:00",84342,0.088,0.088,0.132,0.153,12.4,12.68,13.89,14.49,14.22,"NAN",13.17,12.8,13.59,10.81
"2013-08-05 02:15:00",84343,0.088,0.088,0.132,0.152,12.39,12.65,13.85,14.44,14.22,"NAN",13.14,12.77,13.59,10.95
"2013-08-05 02:30:00",84344,0.088,0.088,0.132,0.152,12.35,12.6,13.8,14.41,14.22,"NAN",13.1,12.75,13.59,10.95
"2013-08-05 02:45:00",84345,0.088,0.088,0.132,0.152,12.28,12.56,13.74,14.36,14.21,"NAN",13.06,12.72,13.59,10.81
"2013-08-05 03:00:00",84346,0.088,0.088,0.132,0.152,12.18,12.53,13.72,14.32,14.18,"NAN",13,12.68,13.59,10.52
"2013-08-05 03:15:00",84347,0.088,0.088,0.132,0.152,12.11,12.46,13.67,14.3,14.17,"NAN",12.94,12.63,13.59,10.25
"2013-08-05 03:30:00",84348,0.088,0.088,0.131,0.152,12.01,12.42,13.63,14.26,14.14,"NAN",12.87,12.57,13.59,9.91
"2013-08-05 03:45:00",84349,0.088,0.088,0.132,0.152,11.93,12.33,13.59,14.21,14.13,"NAN",12.79,12.5,13.59,9.64
"2013-08-05 04:00:00",84350,0.088,0.088,0.132,0.152,11.83,12.27,13.53,14.19,14.12,"NAN",12.71,12.43,13.59,9.37
"2013-08-05 04:15:00",84351,0.088,0.088,0.132,0.152,11.77,12.2,13.49,14.16,14.1,"NAN",12.63,12.36,13.59,9.3
"2013-08-05 04:30:00",84352,0.088,0.088,0.132,0.152,11.71,12.14,13.46,14.11,14.1,"NAN",12.56,12.29,13.59,9.26
"2013-08-05 04:45:00",84353,0.088,0.088,0.132,0.152,11.67,12.07,13.38,14.08,14.08,"NAN",12.5,12.24,13.59,9.3
"2013-08-05 05:00:00",84354,0.088,0.088,0.132,0.152,11.65,12,13.33,14.04,14.07,"NAN",12.45,12.19,13.59,9.32
"2013-08-05 05:15:00",84355,0.088,0.088,0.132,0.152,11.59,11.96,13.27,14,14.04,"NAN",12.4,12.14,13.59,9.28
"2013-08-05 05:30:00",84356,0.088,0.088,0.132,0.152,11.54,11.91,13.23,13.96,14.03,"NAN",12.35,12.1,13.59,9.19
"2013-08-05 05:45:00",84357,0.088,0.088,0.132,0.152,11.48,11.85,13.17,13.94,14,"NAN",12.3,12.05,13.59,9.01
"2013-08-05 06:00:00",84358,0.088,0.088,0.132,0.152,11.38,11.81,13.13,13.9,13.99,"NAN",12.23,11.99,13.59,8.66
"2013-08-05 06:15:00",84359,0.088,0.088,0.132,0.152,11.28,11.74,13.09,13.85,13.98,"NAN",12.14,11.92,13.59,8.3
"2013-08-05 06:30:00",84360,0.088,0.088,0.132,0.152,11.18,11.66,13.03,13.84,13.97,"NAN",12.05,11.84,13.59,8.04
"2013-08-05 06:45:00",84361,0.088,0.088,0.132,0.152,11.1,11.61,12.99,13.8,13.96,"NAN",11.97,11.76,13.59,7.774
"2013-08-05 07:00:00",84362,0.088,0.088,0.132,0.152,11,11.54,12.94,13.74,13.94,"NAN",11.88,11.68,13.59,7.598
"2013-08-05 07:15:00",84363,0.088,0.088,0.132,0.152,10.92,11.47,12.87,13.7,13.91,"NAN",11.8,11.61,13.59,7.464
"2013-08-05 07:30:00",84364,0.088,0.088,0.131,0.152,10.85,11.39,12.82,13.65,13.89,"NAN",11.74,11.53,13.59,7.356
"2013-08-05 07:45:00",84365,0.088,0.088,0.132,0.152,10.81,11.33,12.78,13.62,13.86,"NAN",11.67,11.47,13.59,7.399
"2013-08-05 08:00:00",84366,0.088,0.088,0.131,0.152,10.8,11.27,12.71,13.59,13.85,"NAN",11.63,11.42,13.59,7.663
"2013-08-05 08:15:00",84367,0.088,0.088,0.131,0.152,10.89,11.26,12.68,13.55,13.85,"NAN",11.62,11.39,13.59,8.46
"2013-08-05 08:30:00",84368,0.088,0.088,0.131,0.152,11.14,11.29,12.62,13.52,13.83,"NAN",11.67,11.41,13.59,9.79
"2013-08-05 08:45:00",84369,0.088,0.088,0.131,0.152,11.52,11.4,12.61,13.48,13.8,"NAN",11.81,11.5,13.59,11.08
"2013-08-05 09:00:00",84370,0.088,0.088,0.131,0.152,11.84,11.55,12.58,13.44,13.8,"NAN",12,11.65,13.59,12.21
"2013-08-05 09:15:00",84371,0.088,0.088,0.131,0.152,12.19,11.71,12.57,13.42,13.79,"NAN",12.18,11.83,13.59,13.21
"2013-08-05 09:30:00",84372,0.088,0.088,0.131,0.152,12.68,11.92,12.59,13.37,13.74,"NAN",12.35,12.04,13.59,14.06
"2013-08-05 09:45:00",84373,0.088,0.088,0.131,0.152,13.18,12.21,12.64,13.35,13.73,"NAN",12.53,12.32,13.59,14.85
"2013-08-05 10:00:00",84374,0.088,0.088,0.131,0.152,13.71,12.5,12.69,13.35,13.73,"NAN",12.72,12.59,13.59,15.55
"2013-08-05 10:15:00",84375,0.088,0.088,0.131,0.152,14.25,12.82,12.78,13.35,13.72,"NAN",12.91,12.92,13.59,16.17
"2013-08-05 10:30:00",84376,0.088,0.088,0.131,0.152,14.83,13.16,12.88,13.35,13.69,"NAN",13.18,13.35,13.59,16.76
"2013-08-05 10:45:00",84377,0.088,0.088,0.131,0.152,15.35,13.54,13,13.35,13.66,"NAN",13.6,13.79,13.59,17.34
"2013-08-05 11:00:00",84378,0.088,0.088,0.131,0.152,16.04,13.93,13.13,13.36,13.63,"NAN",14.19,14.16,13.59,17.92
"2013-08-05 11:15:00",84379,0.088,0.088,0.131,0.152,16.62,14.35,13.29,13.39,13.62,"NAN",14.86,14.56,13.59,18.46
"2013-08-05 11:30:00",84380,0.088,0.088,0.131,0.152,17.01,14.74,13.49,13.44,13.62,"NAN",15.47,15.04,13.59,19.05
"2013-08-05 11:45:00",84381,0.088,0.088,0.131,0.151,17.85,15.17,13.66,13.5,13.62,"NAN",15.93,15.55,13.59,19.63
"2013-08-05 12:00:00",84382,0.088,0.088,0.131,0.151,18.75,15.69,13.84,13.54,13.61,"NAN",16.49,16.08,13.59,20.1
"2013-08-05 12:15:00",84383,0.088,0.088,0.131,0.151,19.62,16.27,14.04,13.61,13.57,"NAN",16.93,16.6,13.59,20.72
"2013-08-05 12:30:00",84384,0.088,0.088,0.131,0.151,20.29,16.81,14.27,13.68,13.56,"NAN",17.35,17.08,13.59,21.59
"2013-08-05 12:45:00",84385,0.088,0.088,0.131,0.151,20.78,17.35,14.53,13.8,13.56,"NAN",17.87,17.51,13.59,22.17
"2013-08-05 13:00:00",84386,0.088,0.088,0.131,0.151,21,17.78,14.8,13.9,13.56,"NAN",18.38,17.77,13.59,22.36
"2013-08-05 13:15:00",84387,0.088,0.088,0.131,0.151,21.13,18.07,15.06,14.02,13.56,"NAN",18.77,17.9,13.59,22.56
"2013-08-05 13:30:00",84388,0.088,0.088,0.131,0.151,21.18,18.3,15.33,14.13,13.57,"NAN",18.93,17.97,13.59,22.73
"2013-08-05 13:45:00",84389,0.088,0.087,0.131,0.151,21.13,18.48,15.56,14.26,13.57,"NAN",19.18,18.02,13.59,23.12
"2013-08-05 14:00:00",84390,0.088,0.087,0.131,0.151,20.89,18.6,15.78,14.37,13.59,"NAN",19.54,18.01,13.59,23.55
"2013-08-05 14:15:00",84391,0.088,0.087,0.131,0.151,20.72,18.61,15.95,14.5,13.61,"NAN",19.86,17.96,13.59,24.1
"2013-08-05 14:30:00",84392,0.088,0.087,0.131,0.151,20.64,18.61,16.1,14.62,13.62,"NAN",20.17,17.9,13.59,24.84
"2013-08-05 14:45:00",84393,0.088,0.087,0.131,0.151,20.47,18.62,16.23,14.74,13.65,"NAN",20.31,17.83,13.59,25.31
"2013-08-05 15:00:00",84394,0.088,0.087,0.13,0.151,20.26,18.59,16.34,14.87,13.67,"NAN",20.23,17.77,13.59,25.58
"2013-08-05 15:15:00",84395,0.088,0.087,0.131,0.151,19.99,18.5,16.42,15,13.69,"NAN",20.06,17.71,13.59,26.34
"2013-08-05 15:30:00",84396,0.088,0.087,0.13,0.151,19.64,18.37,16.51,15.1,13.7,"NAN",19.82,17.64,13.59,26.44
"2013-08-05 15:45:00",84397,0.088,0.087,0.13,0.151,19.25,18.23,16.56,15.2,13.75,"NAN",19.51,17.5,13.59,26.78
"2013-08-05 16:00:00",84398,0.088,0.087,0.13,0.151,18.91,18.06,16.58,15.29,13.79,"NAN",19.23,17.35,13.59,27.06
"2013-08-05 16:15:00",84399,0.088,0.087,0.13,0.151,18.62,17.89,16.61,15.35,13.8,"NAN",18.98,17.2,13.59,27.28
"2013-08-05 16:30:00",84400,0.088,0.087,0.13,0.151,18.33,17.7,16.6,15.42,13.85,"NAN",18.75,17.06,13.59,27.09
"2013-08-05 16:45:00",84401,0.088,0.087,0.13,0.151,18.03,17.53,16.57,15.48,13.89,"NAN",18.51,16.91,13.59,26.01
"2013-08-05 17:00:00",84402,0.088,0.087,0.13,0.151,17.71,17.32,16.56,15.52,13.9,"NAN",18.27,16.76,13.59,24.25
"2013-08-05 17:15:00",84403,0.088,0.087,0.13,0.151,17.37,17.08,16.51,15.54,13.94,"NAN",18.02,16.59,13.59,22.64
"2013-08-05 17:30:00",84404,0.088,0.087,0.13,0.151,17.04,16.87,16.46,15.59,13.99,"NAN",17.76,16.41,13.59,21.31
"2013-08-05 17:45:00",84405,0.088,0.087,0.13,0.151,16.74,16.66,16.39,15.62,14,"NAN",17.52,16.23,13.59,20.21
"2013-08-05 18:00:00",84406,0.088,0.087,0.13,0.15,16.46,16.46,16.33,15.62,14.04,"NAN",17.28,16.05,13.59,19.23
"2013-08-05 18:15:00",84407,0.088,0.087,0.13,0.151,16.21,16.26,16.26,15.62,14.07,"NAN",17.05,15.87,13.58,18.4
"2013-08-05 18:30:00",84408,0.088,0.087,0.13,0.151,15.97,16.07,16.18,15.62,14.09,"NAN",16.82,15.69,13.59,17.72
"2013-08-05 18:45:00",84409,0.088,0.087,0.13,0.151,15.73,15.88,16.09,15.61,14.12,"NAN",16.61,15.52,13.59,17.14
"2013-08-05 19:00:00",84410,0.089,0.087,0.13,0.151,15.5,15.69,16.02,15.6,14.17,"NAN",16.42,15.37,13.59,16.54
"2013-08-05 19:15:00",84411,0.089,0.087,0.13,0.151,15.25,15.52,15.93,15.59,14.2,"NAN",16.23,15.21,13.59,15.82
"2013-08-05 19:30:00",84412,0.089,0.087,0.13,0.151,15.02,15.36,15.85,15.59,14.2,"NAN",16.02,15.05,13.59,15.12
"2013-08-05 19:45:00",84413,0.089,0.087,0.13,0.151,14.78,15.18,15.76,15.56,14.22,"NAN",15.82,14.88,13.59,14.44
"2013-08-05 20:00:00",84414,0.089,0.087,0.13,0.15,14.54,14.98,15.68,15.52,14.25,"NAN",15.62,14.71,13.59,13.75
"2013-08-05 20:15:00",84415,0.089,0.087,0.13,0.15,14.32,14.79,15.54,15.48,14.26,"NAN",15.43,14.54,13.59,13.12
"2013-08-05 20:30:00",84416,0.089,0.087,0.13,0.15,14.1,14.58,15.44,15.45,14.27,"NAN",15.24,14.37,13.59,12.56
"2013-08-05 20:45:00",84417,0.089,0.087,0.13,0.15,13.88,14.39,15.33,15.4,14.27,"NAN",15.05,14.21,13.59,12.07
"2013-08-05 21:00:00",84418,0.089,0.087,0.13,0.15,13.69,14.23,15.23,15.36,14.29,"NAN",14.88,14.05,13.59,11.61
"2013-08-05 21:15:00",84419,0.089,0.087,0.13,0.15,13.51,14.07,15.14,15.31,14.31,"NAN",14.7,13.89,13.59,11.06
"2013-08-05 21:30:00",84420,0.089,0.087,0.13,0.15,13.3,13.9,15.02,15.28,14.31,"NAN",14.52,13.74,13.59,10.56
"2013-08-05 21:45:00",84421,0.089,0.087,0.13,0.15,13.15,13.76,14.92,15.23,14.32,"NAN",14.35,13.58,13.59,10.31
"2013-08-05 22:00:00",84422,0.089,0.087,0.13,0.15,13.02,13.61,14.82,15.18,14.32,"NAN",14.2,13.45,13.59,10.18
"2013-08-05 22:15:00",84423,0.089,0.087,0.13,0.15,12.88,13.5,14.73,15.14,14.32,"NAN",14.07,13.33,13.59,10
"2013-08-05 22:30:00",84424,0.089,0.087,0.13,0.15,12.76,13.36,14.63,15.08,14.32,"NAN",13.94,13.21,13.59,10.06
"2013-08-05 22:45:00",84425,0.089,0.087,0.13,0.15,12.7,13.22,14.53,15.03,14.32,"NAN",13.84,13.11,13.59,10.36
"2013-08-05 23:00:00",84426,0.089,0.087,0.13,0.15,12.67,13.15,14.44,14.98,14.32,"NAN",13.76,13.03,13.59,10.77
"2013-08-05 23:15:00",84427,0.089,0.087,0.13,0.15,12.66,13.08,14.36,14.9,14.32,"NAN",13.71,12.99,13.59,11.08
"2013-08-05 23:30:00",84428,0.089,0.087,0.13,0.15,12.64,13.04,14.29,14.81,14.32,"NAN",13.66,12.95,13.59,11.31
"2013-08-05 23:45:00",84429,0.089,0.087,0.13,0.15,12.62,12.98,14.22,14.77,14.31,"NAN",13.61,12.92,13.59,11.47
"2013-08-06 00:00:00",84430,0.089,0.087,0.13,0.15,12.56,12.94,14.15,14.7,14.31,"NAN",13.57,12.89,13.59,11.49
"2013-08-06 00:15:00",84431,0.089,0.087,0.13,0.15,12.51,12.87,14.08,14.67,14.29,"NAN",13.51,12.85,13.59,11.59
"2013-08-06 00:30:00",84432,0.089,0.087,0.13,0.15,12.49,12.83,14.04,14.61,14.27,"NAN",13.46,12.81,13.59,11.7
"2013-08-06 00:45:00",84433,0.089,0.087,0.13,0.15,12.46,12.79,13.98,14.56,14.26,"NAN",13.42,12.79,13.59,11.73
"2013-08-06 01:00:00",84434,0.089,0.087,0.13,0.15,12.4,12.71,13.93,14.52,14.23,"NAN",13.38,12.75,13.59,11.68
"2013-08-06 01:15:00",84435,0.089,0.087,0.13,0.15,12.36,12.68,13.87,14.46,14.22,"NAN",13.32,12.71,13.59,11.59
"2013-08-06 01:30:00",84436,0.089,0.087,0.13,0.15,12.29,12.62,13.83,14.43,14.22,"NAN",13.26,12.67,13.59,11.49
"2013-08-06 01:45:00",84437,0.089,0.087,0.13,0.15,12.19,12.57,13.78,14.4,14.22,"NAN",13.2,12.63,13.59,11.18
"2013-08-06 02:00:00",84438,0.089,0.087,0.13,0.15,12.09,12.51,13.74,14.34,14.22,"NAN",13.13,12.57,13.59,10.83
"2013-08-06 02:15:00",84439,0.089,0.087,0.13,0.15,11.99,12.44,13.69,14.32,14.21,"NAN",13.04,12.5,13.59,10.52
"2013-08-06 02:30:00",84440,0.089,0.087,0.13,0.15,11.9,12.35,13.63,14.28,14.18,"NAN",12.96,12.42,13.59,10.29
"2013-08-06 02:45:00",84441,0.089,0.087,0.13,0.15,11.79,12.28,13.58,14.25,14.17,"NAN",12.87,12.34,13.59,10
"2013-08-06 03:00:00",84442,0.089,0.087,0.13,0.15,11.69,12.21,13.53,14.2,14.14,"NAN",12.78,12.26,13.59,9.73
"2013-08-06 03:15:00",84443,0.089,0.087,0.13,0.15,11.61,12.12,13.48,14.17,14.13,"NAN",12.7,12.18,13.59,9.41
"2013-08-06 03:30:00",84444,0.089,0.087,0.13,0.15,11.52,12.01,13.44,14.13,14.1,"NAN",12.6,12.1,13.59,9.17
"2013-08-06 03:45:00",84445,0.089,0.087,0.13,0.15,11.44,11.93,13.36,14.09,14.08,"NAN",12.52,12.02,13.59,8.94
"2013-08-06 04:00:00",84446,0.089,0.087,0.13,0.15,11.36,11.85,13.29,14.04,14.08,"NAN",12.44,11.95,13.59,8.75
"2013-08-06 04:15:00",84447,0.089,0.087,0.13,0.15,11.25,11.79,13.22,14.03,14.07,"NAN",12.36,11.87,13.59,8.61
"2013-08-06 04:30:00",84448,0.089,0.087,0.13,0.15,11.18,11.71,13.18,13.97,14.05,"NAN",12.28,11.79,13.59,8.46
"2013-08-06 04:45:00",84449,0.089,0.087,0.13,0.15,11.11,11.65,13.1,13.94,14.05,"NAN",12.2,11.72,13.59,8.28
"2013-08-06 05:00:00",84450,0.089,0.087,0.13,0.15,11.02,11.6,13.07,13.91,14.02,"NAN",12.12,11.64,13.59,8.08
"2013-08-06 05:15:00",84451,0.089,0.087,0.129,0.15,10.93,11.51,13,13.86,14,"NAN",12.03,11.57,13.59,7.862
"2013-08-06 05:30:00",84452,0.089,0.087,0.13,0.15,10.82,11.43,12.95,13.84,13.99,"NAN",11.94,11.49,13.59,7.575
"2013-08-06 05:45:00",84453,0.089,0.087,0.129,0.15,10.72,11.35,12.87,13.78,13.96,"NAN",11.85,11.4,13.59,7.333
"2013-08-06 06:00:00",84454,0.089,0.087,0.13,0.15,10.59,11.27,12.81,13.71,13.95,"NAN",11.76,11.32,13.59,7.094
