"TOA5","WTC03","CR1000","33308","CR1000.Std.19","CPU:WTCsensors_Ch3.CR1","33191","Table1"
"TIMESTAMP","RECORD","VW_Avg(1)","VW_Avg(2)","VW_Avg(3)","VW_Avg(4)","SoilTempProbe_Avg(1)","SoilTempProbe_Avg(2)","SoilTempProbe_Avg(3)","SoilTempProbe_Avg(4)","SoilTempProbe_Avg(5)","SoilTempProbe_Avg(6)","SoilTemp_Avg(1)","SoilTemp_Avg(2)","BattV_Min","PTemp"
"TS","RN","","","","","Deg C","Deg C","Deg C","Deg C","Deg C","Deg C","Deg C","Deg C","Volts",""
"","","Avg","Avg","Avg","Avg","Avg","Avg","Avg","Avg","Avg","Avg","Avg","Avg","Min","Smp"
"2013-07-31 06:15:00",83780,0.093,0.093,0.093,0.111,12.99,13.08,13.27,13.77,13.51,13.58,13.32,13.34,13.59,14.32
"2013-07-31 06:30:00",83781,0.093,0.093,0.093,0.111,12.96,13.06,13.27,13.76,13.52,13.58,13.31,13.34,13.59,14.32
"2013-07-31 06:45:00",83782,0.093,0.093,0.093,0.111,12.96,13.05,13.25,13.76,13.52,13.59,13.3,13.33,13.59,14.35
"2013-07-31 07:00:00",83783,0.093,0.093,0.093,0.111,12.96,13.05,13.24,13.74,13.52,13.6,13.29,13.32,13.59,14.37
"2013-07-31 07:15:00",83784,0.093,0.093,0.093,0.111,12.96,13.04,13.24,13.73,13.52,13.58,13.29,13.31,13.59,14.4
"2013-07-31 07:30:00",83785,0.093,0.093,0.093,0.111,12.96,13.05,13.23,13.72,13.52,13.59,13.29,13.3,13.59,14.42
"2013-07-31 07:45:00",83786,0.093,0.093,0.093,0.111,12.96,13.05,13.23,13.71,13.52,13.59,13.29,13.3,13.59,14.47
"2013-07-31 08:00:00",83787,0.093,0.093,0.093,0.111,12.97,13.05,13.23,13.71,13.52,13.59,13.29,13.3,13.59,14.56
"2013-07-31 08:15:00",83788,0.093,0.093,0.093,0.111,13.03,13.05,13.22,13.71,13.52,13.59,13.29,13.32,13.59,14.61
"2013-07-31 08:30:00",83789,0.093,0.093,0.093,0.111,13.06,13.06,13.22,13.71,13.51,13.59,13.31,13.33,13.59,14.68
"2013-07-31 08:45:00",83790,0.093,0.093,0.093,0.111,13.12,13.1,13.22,13.7,13.51,13.59,13.33,13.35,13.59,14.88
"2013-07-31 09:00:00",83791,0.093,0.093,0.093,0.111,13.23,13.15,13.22,13.71,13.5,13.59,13.37,13.39,13.59,15.14
"2013-07-31 09:15:00",83792,0.093,0.093,0.093,0.111,13.34,13.21,13.22,13.71,13.51,13.59,13.42,13.45,13.59,15.36
"2013-07-31 09:30:00",83793,0.093,0.093,0.093,0.111,13.5,13.29,13.23,13.71,13.49,13.61,13.49,13.52,13.59,15.63
"2013-07-31 09:45:00",83794,0.093,0.093,0.093,0.111,13.71,13.39,13.24,13.71,13.5,13.61,13.57,13.6,13.59,16.04
"2013-07-31 10:00:00",83795,0.093,0.093,0.093,0.111,13.93,13.54,13.25,13.71,13.48,13.61,13.67,13.73,13.59,16.39
"2013-07-31 10:15:00",83796,0.093,0.093,0.093,0.111,14.15,13.7,13.3,13.71,13.48,13.61,13.8,13.88,13.59,16.61
"2013-07-31 10:30:00",83797,0.093,0.093,0.093,0.111,14.28,13.83,13.34,13.71,13.48,13.61,13.92,14.02,13.59,16.84
"2013-07-31 10:45:00",83798,0.093,0.093,0.093,0.111,14.43,13.94,13.38,13.72,13.48,13.61,14.03,14.14,13.59,17.14
"2013-07-31 11:00:00",83799,0.093,0.093,0.093,0.111,14.57,14.07,13.45,13.71,13.47,13.62,14.15,14.26,13.59,17.34
"2013-07-31 11:15:00",83800,0.093,0.093,0.093,0.111,14.71,14.18,13.51,13.72,13.48,13.61,14.27,14.37,13.59,17.54
"2013-07-31 11:30:00",83801,0.093,0.093,0.093,0.111,14.81,14.28,13.56,13.74,13.47,13.61,14.37,14.47,13.59,17.54
"2013-07-31 11:45:00",83802,0.093,0.093,0.093,0.111,14.78,14.34,13.62,13.76,13.47,13.61,14.45,14.55,13.59,17.44
"2013-07-31 12:00:00",83803,0.093,0.093,0.093,0.111,14.71,14.37,13.67,13.8,13.47,13.61,14.5,14.59,13.59,17.31
"2013-07-31 12:15:00",83804,0.093,0.093,0.093,0.111,14.75,14.38,13.72,13.83,13.47,13.61,14.51,14.6,13.59,17.36
"2013-07-31 12:30:00",83805,0.093,0.093,0.093,0.111,14.9,14.41,13.75,13.83,13.47,13.61,14.55,14.64,13.59,17.69
"2013-07-31 12:45:00",83806,0.093,0.093,0.093,0.111,15.02,14.51,13.78,13.86,13.47,13.61,14.63,14.72,13.59,17.77
"2013-07-31 13:00:00",83807,0.093,0.093,0.093,0.111,15,14.55,13.83,13.89,13.48,13.61,14.7,14.79,13.59,17.74
"2013-07-31 13:15:00",83808,0.093,0.093,0.093,0.111,14.98,14.57,13.86,13.92,13.48,13.61,14.74,14.82,13.59,17.69
"2013-07-31 13:30:00",83809,0.093,0.093,0.093,0.111,15,14.59,13.89,13.93,13.49,13.61,14.75,14.83,13.59,17.84
"2013-07-31 13:45:00",83810,0.093,0.093,0.093,0.111,15.08,14.64,13.93,13.96,13.51,13.61,14.79,14.87,13.59,17.99
"2013-07-31 14:00:00",83811,0.093,0.093,0.093,0.111,15.11,14.66,13.97,13.98,13.51,13.61,14.83,14.91,13.59,18.02
"2013-07-31 14:15:00",83812,0.093,0.093,0.093,0.111,15.05,14.69,13.99,14.01,13.52,13.62,14.87,14.95,13.59,17.89
"2013-07-31 14:30:00",83813,0.093,0.093,0.093,0.111,14.98,14.67,14.02,14.03,13.52,13.61,14.87,14.95,13.59,17.64
"2013-07-31 14:45:00",83814,0.093,0.093,0.093,0.111,14.88,14.65,14.05,14.06,13.52,13.61,14.85,14.92,13.59,17.41
"2013-07-31 15:00:00",83815,0.093,0.093,0.093,0.111,14.82,14.61,14.08,14.08,13.53,13.61,14.82,14.89,13.59,17.26
"2013-07-31 15:15:00",83816,0.093,0.093,0.093,0.111,14.75,14.56,14.09,14.09,13.54,13.61,14.79,14.85,13.59,17.19
"2013-07-31 15:30:00",83817,0.093,0.093,0.093,0.111,14.7,14.53,14.09,14.11,13.54,13.62,14.76,14.82,13.59,17.11
"2013-07-31 15:45:00",83818,0.093,0.093,0.093,0.111,14.67,14.51,14.09,14.14,13.54,13.61,14.73,14.79,13.59,17.04
"2013-07-31 16:00:00",83819,0.093,0.093,0.093,0.111,14.59,14.47,14.09,14.17,13.57,13.62,14.71,14.76,13.59,16.98
"2013-07-31 16:15:00",83820,0.093,0.093,0.093,0.111,14.55,14.44,14.09,14.17,13.57,13.62,14.68,14.74,13.59,16.86
"2013-07-31 16:30:00",83821,0.093,0.093,0.093,0.111,14.48,14.41,14.09,14.18,13.57,13.62,14.65,14.7,13.59,16.76
"2013-07-31 16:45:00",83822,0.093,0.093,0.093,0.111,14.44,14.39,14.09,14.19,13.59,13.62,14.62,14.67,13.59,16.66
"2013-07-31 17:00:00",83823,0.093,0.093,0.092,0.111,14.4,14.34,14.09,14.19,13.61,13.62,14.59,14.64,13.59,16.54
"2013-07-31 17:15:00",83824,0.093,0.093,0.093,0.111,14.32,14.29,14.08,14.19,13.61,13.62,14.55,14.6,13.59,16.39
"2013-07-31 17:30:00",83825,0.093,0.093,0.092,0.111,14.26,14.27,14.07,14.19,13.62,13.62,14.52,14.56,13.59,16.17
"2013-07-31 17:45:00",83826,0.093,0.093,0.093,0.111,14.17,14.2,14.05,14.2,13.62,13.62,14.47,14.52,13.59,15.82
"2013-07-31 18:00:00",83827,0.092,0.093,0.093,0.111,14.07,14.14,14.04,14.21,13.63,13.62,14.42,14.46,13.59,15.39
"2013-07-31 18:15:00",83828,0.092,0.093,0.093,0.111,13.95,14.06,14.02,14.21,13.64,13.62,14.35,14.4,13.59,14.9
"2013-07-31 18:30:00",83829,0.092,0.093,0.093,0.111,13.83,13.98,14,14.21,13.64,13.62,14.29,14.33,13.59,14.3
"2013-07-31 18:45:00",83830,0.092,0.093,0.093,0.111,13.71,13.9,13.96,14.21,13.63,13.62,14.21,14.25,13.59,13.66
"2013-07-31 19:00:00",83831,0.092,0.093,0.093,0.111,13.54,13.8,13.93,14.22,13.65,13.63,14.11,14.15,13.59,13.05
"2013-07-31 19:15:00",83832,0.092,0.093,0.093,0.111,13.37,13.69,13.91,14.2,13.67,13.63,14.01,14.05,13.59,12.51
"2013-07-31 19:30:00",83833,0.092,0.093,0.093,0.111,13.23,13.59,13.88,14.2,13.68,13.63,13.91,13.94,13.59,12.09
"2013-07-31 19:45:00",83834,0.092,0.093,0.093,0.111,13.1,13.48,13.83,14.2,13.68,13.64,13.81,13.84,13.59,11.7
"2013-07-31 20:00:00",83835,0.092,0.093,0.093,0.111,13,13.38,13.8,14.18,13.68,13.64,13.71,13.74,13.59,11.4
"2013-07-31 20:15:00",83836,0.092,0.093,0.093,0.111,12.91,13.28,13.75,14.16,13.69,13.64,13.62,13.65,13.58,11.15
"2013-07-31 20:30:00",83837,0.092,0.093,0.093,0.111,12.79,13.2,13.71,14.15,13.71,13.64,13.53,13.56,13.58,10.81
"2013-07-31 20:45:00",83838,0.092,0.093,0.093,0.111,12.65,13.1,13.67,14.12,13.7,13.64,13.44,13.46,13.58,10.61
"2013-07-31 21:00:00",83839,0.092,0.093,0.093,0.111,12.57,13,13.62,14.11,13.71,13.65,13.34,13.36,13.58,10.52
"2013-07-31 21:15:00",83840,0.092,0.093,0.093,0.111,12.49,12.91,13.56,14.11,13.71,13.65,13.26,13.28,13.59,10.43
"2013-07-31 21:30:00",83841,0.092,0.093,0.093,0.111,12.42,12.84,13.52,14.08,13.72,13.64,13.18,13.2,13.59,10.34
"2013-07-31 21:45:00",83842,0.092,0.093,0.093,0.111,12.35,12.74,13.46,14.06,13.72,13.64,13.11,13.12,13.59,10.34
"2013-07-31 22:00:00",83843,0.092,0.093,0.093,0.111,12.29,12.66,13.4,14.02,13.72,13.64,13.04,13.05,13.59,10.34
"2013-07-31 22:15:00",83844,0.092,0.093,0.093,0.111,12.23,12.59,13.36,14,13.71,13.65,12.98,12.99,13.59,10.38
"2013-07-31 22:30:00",83845,0.092,0.093,0.093,0.111,12.17,12.54,13.31,13.98,13.71,13.65,12.91,12.93,13.59,10.49
"2013-07-31 22:45:00",83846,0.092,0.093,0.093,0.111,12.13,12.49,13.27,13.95,13.71,13.65,12.86,12.88,13.59,10.61
"2013-07-31 23:00:00",83847,0.092,0.093,0.093,0.111,12.12,12.46,13.22,13.92,13.7,13.65,12.82,12.84,13.59,10.74
"2013-07-31 23:15:00",83848,0.092,0.093,0.093,0.111,12.11,12.43,13.17,13.9,13.69,13.66,12.78,12.8,13.58,10.88
"2013-07-31 23:30:00",83849,0.092,0.093,0.093,0.111,12.07,12.4,13.15,13.87,13.68,13.65,12.76,12.77,13.58,10.97
"2013-07-31 23:45:00",83850,0.092,0.093,0.093,0.111,12.05,12.37,13.11,13.85,13.68,13.66,12.73,12.75,13.58,11.02
"2013-08-01 00:00:00",83851,0.092,0.093,0.093,0.111,12.01,12.33,13.06,13.82,13.68,13.65,12.69,12.71,13.58,11.04
"2013-08-01 00:15:00",83852,0.092,0.093,0.093,0.111,11.98,12.31,13.05,13.79,13.67,13.65,12.66,12.68,13.58,11.06
"2013-08-01 00:30:00",83853,0.092,0.093,0.093,0.111,11.95,12.27,13.02,13.77,13.66,13.66,12.63,12.65,13.58,11.04
"2013-08-01 00:45:00",83854,0.092,0.093,0.093,0.111,11.93,12.25,12.98,13.76,13.65,13.66,12.6,12.62,13.58,10.99
"2013-08-01 01:00:00",83855,0.092,0.093,0.093,0.111,11.89,12.22,12.95,13.74,13.64,13.67,12.56,12.58,13.58,10.88
"2013-08-01 01:15:00",83856,0.092,0.093,0.093,0.111,11.83,12.19,12.89,13.7,13.63,13.66,12.53,12.55,13.58,10.63
"2013-08-01 01:30:00",83857,0.092,0.093,0.093,0.111,11.74,12.14,12.85,13.69,13.63,13.65,12.48,12.5,13.58,10.34
"2013-08-01 01:45:00",83858,0.092,0.093,0.093,0.111,11.65,12.08,12.82,13.65,13.63,13.66,12.43,12.45,13.58,9.97
"2013-08-01 02:00:00",83859,0.092,0.093,0.093,0.111,11.57,12.01,12.78,13.63,13.62,13.66,12.36,12.38,13.59,9.66
"2013-08-01 02:15:00",83860,0.092,0.093,0.093,0.111,11.47,11.94,12.76,13.61,13.6,13.65,12.29,12.31,13.59,9.41
"2013-08-01 02:30:00",83861,0.092,0.093,0.093,0.111,11.38,11.86,12.71,13.58,13.6,13.67,12.23,12.24,13.59,9.15
"2013-08-01 02:45:00",83862,0.092,0.093,0.093,0.111,11.29,11.78,12.67,13.55,13.57,13.67,12.15,12.17,13.59,8.9
"2013-08-01 03:00:00",83863,0.092,0.093,0.093,0.111,11.2,11.7,12.61,13.54,13.56,13.67,12.08,12.1,13.59,8.66
"2013-08-01 03:15:00",83864,0.092,0.093,0.093,0.111,11.13,11.64,12.57,13.53,13.56,13.67,12.01,12.03,13.59,8.44
"2013-08-01 03:30:00",83865,0.092,0.093,0.093,0.111,11.04,11.57,12.52,13.49,13.55,13.67,11.94,11.96,13.59,8.21
"2013-08-01 03:45:00",83866,0.092,0.093,0.093,0.111,10.92,11.49,12.48,13.47,13.54,13.67,11.86,11.89,13.58,7.927
"2013-08-01 04:00:00",83867,0.092,0.093,0.093,0.111,10.78,11.4,12.44,13.44,13.53,13.67,11.78,11.81,13.58,7.618
"2013-08-01 04:15:00",83868,0.092,0.093,0.093,0.111,10.66,11.31,12.39,13.41,13.53,13.67,11.68,11.72,13.58,7.268
"2013-08-01 04:30:00",83869,0.092,0.093,0.093,0.111,10.56,11.22,12.34,13.38,13.52,13.68,11.58,11.63,13.58,7.006
"2013-08-01 04:45:00",83870,0.092,0.093,0.093,0.111,10.48,11.13,12.3,13.36,13.5,13.69,11.49,11.54,13.58,6.787
"2013-08-01 05:00:00",83871,0.092,0.093,0.093,0.111,10.38,11.05,12.23,13.33,13.5,13.69,11.4,11.45,13.58,6.613
"2013-08-01 05:15:00",83872,0.092,0.093,0.093,0.111,10.31,10.97,12.2,13.27,13.49,13.7,11.32,11.37,13.58,6.461
"2013-08-01 05:30:00",83873,0.092,0.093,0.093,0.111,10.22,10.89,12.13,13.22,13.47,13.68,11.23,11.29,13.58,6.33
"2013-08-01 05:45:00",83874,0.092,0.093,0.093,0.111,10.14,10.81,12.08,13.18,13.45,13.68,11.15,11.21,13.58,6.177
"2013-08-01 06:00:00",83875,0.092,0.093,0.093,0.111,10.05,10.74,12.02,13.16,13.44,13.68,11.08,11.13,13.58,6.025
"2013-08-01 06:15:00",83876,0.092,0.093,0.093,0.111,9.96,10.66,11.97,13.12,13.43,13.69,11,11.06,13.58,5.831
"2013-08-01 06:30:00",83877,0.092,0.093,0.093,0.111,9.86,10.59,11.92,13.08,13.42,13.68,10.91,10.98,13.58,5.657
"2013-08-01 06:45:00",83878,0.092,0.093,0.093,0.111,9.77,10.5,11.86,13.06,13.41,13.68,10.83,10.89,13.58,5.463
"2013-08-01 07:00:00",83879,0.092,0.093,0.093,0.111,9.64,10.4,11.81,13.02,13.39,13.68,10.74,10.81,13.58,5.334
"2013-08-01 07:15:00",83880,0.092,0.093,0.093,0.111,9.56,10.31,11.75,12.98,13.39,13.7,10.65,10.72,13.59,5.268
"2013-08-01 07:30:00",83881,0.092,0.093,0.093,0.111,9.5,10.22,11.71,12.94,13.36,13.69,10.57,10.65,13.59,5.246
"2013-08-01 07:45:00",83882,0.092,0.093,0.093,0.111,9.48,10.15,11.65,12.91,13.34,13.68,10.5,10.58,13.59,5.354
"2013-08-01 08:00:00",83883,0.092,0.093,0.093,0.111,9.49,10.12,11.6,12.85,13.31,13.69,10.45,10.53,13.59,5.68
"2013-08-01 08:15:00",83884,0.092,0.093,0.093,0.111,9.57,10.12,11.54,12.83,13.29,13.69,10.42,10.5,13.59,6.177
"2013-08-01 08:30:00",83885,0.092,0.093,0.093,0.111,9.72,10.14,11.49,12.79,13.26,13.69,10.42,10.5,13.58,6.744
"2013-08-01 08:45:00",83886,0.092,0.093,0.093,0.111,9.88,10.2,11.43,12.74,13.26,13.69,10.44,10.54,13.58,7.356
"2013-08-01 09:00:00",83887,0.092,0.093,0.093,0.111,10.04,10.3,11.41,12.7,13.23,13.7,10.49,10.59,13.58,8.04
"2013-08-01 09:15:00",83888,0.092,0.093,0.093,0.111,10.27,10.42,11.41,12.68,13.22,13.69,10.56,10.67,13.58,8.83
"2013-08-01 09:30:00",83889,0.092,0.093,0.093,0.111,10.62,10.6,11.4,12.63,13.2,13.69,10.66,10.8,13.59,9.75
"2013-08-01 09:45:00",83890,0.092,0.093,0.093,0.111,11.05,10.83,11.41,12.6,13.19,13.69,10.8,10.98,13.59,10.7
"2013-08-01 10:00:00",83891,0.092,0.093,0.093,0.111,11.47,11.08,11.45,12.59,13.16,13.69,10.99,11.21,13.59,11.7
"2013-08-01 10:15:00",83892,0.092,0.092,0.092,0.111,12.13,11.42,11.49,12.58,13.16,13.71,11.24,11.53,13.58,12.77
"2013-08-01 10:30:00",83893,0.092,0.093,0.093,0.111,12.68,11.81,11.58,12.56,13.15,13.72,11.56,11.91,13.59,13.8
"2013-08-01 10:45:00",83894,0.092,0.093,0.093,0.111,13.08,12.17,11.66,12.55,13.13,13.71,11.95,12.36,13.59,14.73
"2013-08-01 11:00:00",83895,0.092,0.093,0.093,0.111,13.56,12.5,11.76,12.56,13.1,13.71,12.38,12.83,13.59,15.63
"2013-08-01 11:15:00",83896,0.092,0.093,0.093,0.111,14,12.89,11.89,12.57,13.08,13.71,12.9,13.19,13.59,16.44
"2013-08-01 11:30:00",83897,0.092,0.093,0.093,0.111,14.38,13.26,12.03,12.59,13.06,13.71,13.42,13.51,13.59,17.31
"2013-08-01 11:45:00",83898,0.092,0.093,0.093,0.111,15.01,13.62,12.18,12.64,13.06,13.71,13.93,13.88,13.59,18.12
"2013-08-01 12:00:00",83899,0.092,0.093,0.093,0.111,15.94,14.11,12.34,12.67,13.05,13.7,14.38,14.32,13.59,18.95
"2013-08-01 12:15:00",83900,0.093,0.093,0.093,0.111,16.71,14.67,12.52,12.72,13.03,13.7,14.76,14.81,13.59,19.86
"2013-08-01 12:30:00",83901,0.093,0.093,0.093,0.111,17.35,15.23,12.72,12.78,13.02,13.7,15.17,15.31,13.59,20.61
"2013-08-01 12:45:00",83902,0.093,0.093,0.093,0.111,18.06,15.8,12.97,12.86,13.01,13.7,15.59,15.8,13.59,21.42
"2013-08-01 13:00:00",83903,0.093,0.093,0.093,0.111,18.76,16.35,13.22,12.94,13,13.7,15.97,16.26,13.59,22
"2013-08-01 13:15:00",83904,0.093,0.093,0.093,0.111,19.11,16.81,13.47,13.01,13,13.69,16.25,16.63,13.59,22.45
"2013-08-01 13:30:00",83905,0.093,0.093,0.093,0.111,19.4,17.18,13.73,13.12,12.99,13.69,16.44,16.83,13.58,22.61
"2013-08-01 13:45:00",83906,0.093,0.093,0.093,0.111,19.64,17.51,13.97,13.22,13,13.69,16.65,16.92,13.58,22.87
"2013-08-01 14:00:00",83907,0.093,0.093,0.093,0.111,19.82,17.76,14.21,13.36,13.01,13.69,16.84,16.93,13.59,23.32
"2013-08-01 14:15:00",83908,0.093,0.093,0.093,0.111,20.04,18.05,14.47,13.49,13.02,13.68,17.03,16.92,13.59,23.75
"2013-08-01 14:30:00",83909,0.093,0.093,0.093,0.111,19.98,18.23,14.69,13.59,13.03,13.69,17.21,16.91,13.59,24.39
"2013-08-01 14:45:00",83910,0.093,0.093,0.093,0.111,19.95,18.29,14.89,13.72,13.05,13.68,17.32,16.88,13.59,25.19
"2013-08-01 15:00:00",83911,0.093,0.093,0.093,0.111,19.9,18.36,15.1,13.84,13.06,13.69,17.35,16.82,13.59,25.98
"2013-08-01 15:15:00",83912,0.093,0.093,0.093,0.111,19.58,18.35,15.25,13.96,13.09,13.69,17.31,16.75,13.59,26.96
"2013-08-01 15:30:00",83913,0.093,0.092,0.093,0.111,19.23,18.22,15.38,14.07,13.12,13.69,17.25,16.69,13.59,27.75
"2013-08-01 15:45:00",83914,0.093,0.092,0.093,0.111,18.92,18.08,15.46,14.18,13.13,13.67,17.19,16.64,13.59,26.84
"2013-08-01 16:00:00",83915,0.093,0.092,0.093,0.111,18.61,17.9,15.55,14.28,13.15,13.67,17.15,16.59,13.59,24.92
"2013-08-01 16:15:00",83916,0.093,0.092,0.093,0.111,18.24,17.69,15.6,14.38,13.19,13.68,17.09,16.51,13.59,23.35
"2013-08-01 16:30:00",83917,0.093,0.092,0.093,0.111,17.91,17.48,15.62,14.47,13.21,13.67,16.98,16.42,13.59,21.97
"2013-08-01 16:45:00",83918,0.092,0.092,0.093,0.111,17.6,17.25,15.62,14.53,13.24,13.66,16.86,16.31,13.58,20.83
"2013-08-01 17:00:00",83919,0.092,0.092,0.093,0.11,17.34,17.05,15.61,14.6,13.29,13.66,16.73,16.19,13.59,19.84
"2013-08-01 17:15:00",83920,0.092,0.092,0.093,0.11,17.04,16.84,15.6,14.65,13.34,13.66,16.59,16.07,13.59,18.97
"2013-08-01 17:30:00",83921,0.092,0.092,0.093,0.11,16.76,16.66,15.59,14.72,13.38,13.65,16.44,15.94,13.59,18.1
"2013-08-01 17:45:00",83922,0.092,0.092,0.093,0.111,16.49,16.46,15.54,14.75,13.42,13.65,16.3,15.81,13.58,17.21
"2013-08-01 18:00:00",83923,0.092,0.092,0.093,0.11,16.23,16.27,15.5,14.79,13.45,13.65,16.14,15.67,13.58,16.24
"2013-08-01 18:15:00",83924,0.092,0.092,0.093,0.11,15.94,16.06,15.45,14.83,13.49,13.66,15.98,15.53,13.59,15.36
"2013-08-01 18:30:00",83925,0.092,0.092,0.093,0.11,15.67,15.87,15.39,14.84,13.51,13.65,15.82,15.37,13.59,14.64
"2013-08-01 18:45:00",83926,0.092,0.092,0.093,0.11,15.44,15.66,15.32,14.85,13.56,13.65,15.65,15.22,13.58,13.97
"2013-08-01 19:00:00",83927,0.092,0.092,0.093,0.11,15.23,15.49,15.26,14.86,13.58,13.65,15.49,15.07,13.58,13.49
"2013-08-01 19:15:00",83928,0.092,0.092,0.093,0.11,15.05,15.29,15.18,14.86,13.62,13.66,15.34,14.93,13.59,13.02
"2013-08-01 19:30:00",83929,0.092,0.092,0.093,0.11,14.85,15.11,15.11,14.86,13.63,13.65,15.19,14.8,13.59,12.58
"2013-08-01 19:45:00",83930,0.092,0.092,0.093,0.11,14.59,14.92,15.03,14.85,13.67,13.65,15.05,14.66,13.59,12
"2013-08-01 20:00:00",83931,0.092,0.092,0.093,0.11,14.35,14.75,14.94,14.83,13.69,13.64,14.9,14.52,13.59,11.47
"2013-08-01 20:15:00",83932,0.092,0.092,0.093,0.11,14.16,14.57,14.84,14.83,13.71,13.63,14.74,14.37,13.58,11.06
"2013-08-01 20:30:00",83933,0.092,0.092,0.093,0.11,13.99,14.41,14.77,14.8,13.73,13.65,14.59,14.23,13.58,10.81
"2013-08-01 20:45:00",83934,0.092,0.092,0.093,0.11,13.83,14.27,14.69,14.78,13.76,13.63,14.45,14.1,13.58,10.61
"2013-08-01 21:00:00",83935,0.092,0.092,0.093,0.11,13.7,14.14,14.6,14.76,13.77,13.64,14.32,13.97,13.58,10.43
"2013-08-01 21:15:00",83936,0.092,0.092,0.093,0.11,13.58,14.01,14.53,14.73,13.77,13.64,14.2,13.86,13.59,10.29
"2013-08-01 21:30:00",83937,0.092,0.092,0.092,0.11,13.44,13.89,14.45,14.7,13.8,13.65,14.08,13.76,13.59,10.16
"2013-08-01 21:45:00",83938,0.092,0.092,0.092,0.11,13.29,13.77,14.35,14.66,13.81,13.64,13.97,13.66,13.59,9.97
"2013-08-01 22:00:00",83939,0.092,0.092,0.092,0.11,13.15,13.66,14.26,14.63,13.83,13.64,13.87,13.55,13.59,9.73
"2013-08-01 22:15:00",83940,0.092,0.092,0.092,0.11,13.02,13.54,14.19,14.6,13.84,13.64,13.76,13.46,13.59,9.55
"2013-08-01 22:30:00",83941,0.092,0.092,0.092,0.11,12.9,13.41,14.1,14.56,13.84,13.64,13.65,13.36,13.59,9.46
"2013-08-01 22:45:00",83942,0.092,0.092,0.092,0.11,12.79,13.31,14.03,14.53,13.85,13.64,13.54,13.26,13.59,9.32
"2013-08-01 23:00:00",83943,0.092,0.092,0.092,0.11,12.67,13.18,13.96,14.48,13.86,13.64,13.45,13.17,13.59,9.12
"2013-08-01 23:15:00",83944,0.092,0.092,0.092,0.11,12.52,13.08,13.89,14.45,13.87,13.64,13.35,13.07,13.59,8.83
"2013-08-01 23:30:00",83945,0.092,0.092,0.092,0.11,12.37,12.96,13.82,14.41,13.87,13.64,13.24,12.97,13.59,8.55
"2013-08-01 23:45:00",83946,0.092,0.092,0.092,0.11,12.24,12.83,13.74,14.37,13.86,13.64,13.12,12.87,13.59,8.23
"2013-08-02 00:00:00",83947,0.092,0.092,0.092,0.11,12.09,12.67,13.68,14.33,13.86,13.64,13.01,12.77,13.59,8.02
"2013-08-02 00:15:00",83948,0.092,0.092,0.092,0.11,11.98,12.56,13.61,14.3,13.85,13.64,12.9,12.67,13.58,7.774
"2013-08-02 00:30:00",83949,0.092,0.092,0.092,0.11,11.85,12.46,13.54,14.25,13.86,13.64,12.79,12.57,13.58,7.532
"2013-08-02 00:45:00",83950,0.092,0.092,0.093,0.11,11.72,12.35,13.46,14.21,13.84,13.64,12.67,12.47,13.58,7.311
"2013-08-02 01:00:00",83951,0.092,0.092,0.092,0.11,11.6,12.24,13.38,14.17,13.85,13.65,12.56,12.36,13.58,7.114
"2013-08-02 01:15:00",83952,0.092,0.092,0.093,0.11,11.49,12.15,13.33,14.14,13.84,13.66,12.45,12.26,13.58,6.918
"2013-08-02 01:30:00",83953,0.092,0.092,0.092,0.11,11.37,12.04,13.25,14.09,13.83,13.65,12.34,12.17,13.58,6.635
"2013-08-02 01:45:00",83954,0.092,0.092,0.092,0.11,11.24,11.93,13.18,14.05,13.82,13.65,12.23,12.06,13.58,6.439
"2013-08-02 02:00:00",83955,0.092,0.092,0.093,0.11,11.12,11.82,13.09,14,13.82,13.65,12.13,11.96,13.58,6.287
"2013-08-02 02:15:00",83956,0.092,0.092,0.092,0.11,11.03,11.72,13.02,13.95,13.79,13.66,12.02,11.86,13.58,6.199
"2013-08-02 02:30:00",83957,0.092,0.092,0.093,0.11,10.92,11.62,12.94,13.91,13.8,13.67,11.92,11.77,13.58,6.091
"2013-08-02 02:45:00",83958,0.092,0.092,0.092,0.11,10.8,11.53,12.84,13.86,13.77,13.67,11.83,11.68,13.58,5.917
"2013-08-02 03:00:00",83959,0.092,0.092,0.092,0.11,10.7,11.45,12.77,13.82,13.77,13.67,11.73,11.59,13.58,5.722
"2013-08-02 03:15:00",83960,0.092,0.092,0.092,0.11,10.58,11.34,12.7,13.77,13.76,13.68,11.63,11.5,13.58,5.637
"2013-08-02 03:30:00",83961,0.092,0.092,0.092,0.11,10.48,11.24,12.61,13.73,13.74,13.67,11.53,11.41,13.58,5.68
"2013-08-02 03:45:00",83962,0.092,0.092,0.092,0.11,10.46,11.17,12.54,13.69,13.74,13.67,11.45,11.33,13.58,5.831
"2013-08-02 04:00:00",83963,0.092,0.092,0.093,0.11,10.43,11.09,12.47,13.63,13.73,13.67,11.38,11.26,13.58,6.068
"2013-08-02 04:15:00",83964,0.092,0.092,0.093,0.11,10.41,11.05,12.42,13.6,13.71,13.68,11.32,11.22,13.58,6.287
"2013-08-02 04:30:00",83965,0.092,0.092,0.093,0.11,10.4,11.02,12.34,13.55,13.7,13.68,11.28,11.18,13.58,6.524
"2013-08-02 04:45:00",83966,0.092,0.092,0.093,0.11,10.39,10.99,12.29,13.52,13.67,13.68,11.23,11.14,13.58,6.721
"2013-08-02 05:00:00",83967,0.092,0.092,0.093,0.11,10.36,10.97,12.24,13.47,13.66,13.69,11.2,11.11,13.58,6.832
"2013-08-02 05:15:00",83968,0.092,0.092,0.093,0.11,10.34,10.93,12.2,13.44,13.65,13.69,11.16,11.08,13.58,6.852
"2013-08-02 05:30:00",83969,0.092,0.092,0.093,0.11,10.31,10.89,12.15,13.38,13.64,13.69,11.12,11.05,13.58,6.852
"2013-08-02 05:45:00",83970,0.092,0.092,0.093,0.11,10.26,10.85,12.11,13.34,13.62,13.69,11.09,11.02,13.58,6.832
"2013-08-02 06:00:00",83971,0.092,0.092,0.093,0.11,10.22,10.81,12.05,13.28,13.6,13.69,11.04,10.98,13.58,6.766
"2013-08-02 06:15:00",83972,0.092,0.092,0.092,0.11,10.17,10.76,12.02,13.22,13.56,13.7,11,10.94,13.58,6.701
"2013-08-02 06:30:00",83973,0.092,0.092,0.092,0.11,10.12,10.72,11.97,13.18,13.55,13.71,10.95,10.89,13.58,6.613
"2013-08-02 06:45:00",83974,0.092,0.092,0.093,0.11,10.06,10.68,11.93,13.15,13.54,13.71,10.9,10.85,13.58,6.461
"2013-08-02 07:00:00",83975,0.092,0.092,0.092,0.11,9.99,10.62,11.88,13.1,13.52,13.71,10.85,10.8,13.58,6.373
"2013-08-02 07:15:00",83976,0.092,0.092,0.092,0.11,9.96,10.57,11.84,13.07,13.49,13.7,10.8,10.75,13.58,6.373
"2013-08-02 07:30:00",83977,0.092,0.092,0.093,0.11,9.91,10.52,11.8,13.02,13.48,13.71,10.75,10.7,13.58,6.461
"2013-08-02 07:45:00",83978,0.092,0.092,0.093,0.11,9.94,10.49,11.75,12.99,13.45,13.7,10.71,10.67,13.58,6.678
"2013-08-02 08:00:00",83979,0.092,0.092,0.093,0.11,9.97,10.49,11.73,12.96,13.43,13.7,10.69,10.65,13.58,6.918
"2013-08-02 08:15:00",83980,0.092,0.092,0.093,0.11,10,10.48,11.69,12.94,13.43,13.73,10.68,10.65,13.58,7.18
"2013-08-02 08:30:00",83981,0.092,0.092,0.093,0.11,10.06,10.47,11.65,12.9,13.4,13.72,10.68,10.65,13.58,7.51
"2013-08-02 08:45:00",83982,0.092,0.092,0.093,0.11,10.15,10.52,11.63,12.86,13.38,13.71,10.7,10.67,13.58,7.882
"2013-08-02 09:00:00",83983,0.092,0.092,0.093,0.11,10.26,10.56,11.59,12.83,13.36,13.71,10.73,10.71,13.59,8.35
"2013-08-02 09:15:00",83984,0.092,0.092,0.093,0.11,10.44,10.65,11.59,12.8,13.35,13.73,10.79,10.77,13.59,8.88
"2013-08-02 09:30:00",83985,0.092,0.092,0.093,0.11,10.6,10.74,11.57,12.76,13.3,13.72,10.87,10.86,13.59,9.41
"2013-08-02 09:45:00",83986,0.092,0.092,0.093,0.11,10.82,10.86,11.58,12.74,13.27,13.72,10.96,10.95,13.59,10.06
"2013-08-02 10:00:00",83987,0.092,0.092,0.093,0.11,11.22,11.01,11.59,12.71,13.25,13.72,11.07,11.07,13.59,11.13
"2013-08-02 10:15:00",83988,0.092,0.092,0.093,0.11,11.99,11.33,11.61,12.68,13.24,13.73,11.27,11.29,13.58,12.33
"2013-08-02 10:30:00",83989,0.092,0.092,0.092,0.11,12.66,11.75,11.66,12.68,13.22,13.73,11.59,11.62,13.59,13.16
"2013-08-02 10:45:00",83990,0.092,0.092,0.092,0.11,12.95,12.1,11.72,12.67,13.2,13.72,12.01,11.98,13.59,13.68
"2013-08-02 11:00:00",83991,0.092,0.092,0.093,0.11,13.29,12.4,11.82,12.66,13.19,13.72,12.39,12.27,13.59,14.28
"2013-08-02 11:15:00",83992,0.092,0.092,0.093,0.11,13.52,12.68,11.93,12.67,13.15,13.72,12.73,12.51,13.59,14.66
"2013-08-02 11:30:00",83993,0.092,0.092,0.092,0.11,13.8,12.93,12.05,12.68,13.15,13.72,13.01,12.73,13.59,15.46
"2013-08-02 11:45:00",83994,0.092,0.092,0.093,0.11,14.4,13.23,12.17,12.71,13.14,13.72,13.36,13.02,13.59,16.36
"2013-08-02 12:00:00",83995,0.092,0.092,0.092,0.11,15.31,13.69,12.29,12.75,13.13,13.72,13.73,13.41,13.59,17.44
"2013-08-02 12:15:00",83996,0.092,0.092,0.092,0.11,16.16,14.24,12.44,12.77,13.11,13.71,14.1,13.88,13.59,18.77
"2013-08-02 12:30:00",83997,0.092,0.092,0.092,0.11,16.9,14.79,12.6,12.83,13.09,13.71,14.53,14.41,13.59,19.94
"2013-08-02 12:45:00",83998,0.092,0.092,0.092,0.11,17.68,15.41,12.82,12.89,13.08,13.72,14.98,14.95,13.59,21.04
"2013-08-02 13:00:00",83999,0.092,0.092,0.092,0.11,18.44,16.01,13.07,12.94,13.08,13.72,15.42,15.47,13.59,21.7
"2013-08-02 13:15:00",84000,0.092,0.092,0.092,0.11,18.86,16.53,13.32,13.02,13.07,13.72,15.75,15.9,13.59,22.08
"2013-08-02 13:30:00",84001,0.092,0.092,0.092,0.11,19.29,16.94,13.57,13.1,13.06,13.72,16,16.16,13.59,22.36
"2013-08-02 13:45:00",84002,0.092,0.092,0.092,0.11,19.66,17.34,13.82,13.19,13.06,13.72,16.28,16.3,13.58,22.59
"2013-08-02 14:00:00",84003,0.092,0.092,0.092,0.11,20.06,17.71,14.05,13.31,13.07,13.72,16.55,16.38,13.59,23.04
"2013-08-02 14:15:00",84004,0.092,0.092,0.092,0.11,20.39,18.1,14.32,13.44,13.07,13.72,16.8,16.44,13.59,23.5
"2013-08-02 14:30:00",84005,0.092,0.092,0.092,0.11,20.38,18.36,14.57,13.54,13.07,13.7,17.04,16.53,13.59,24.07
"2013-08-02 14:45:00",84006,0.092,0.092,0.092,0.11,20.29,18.49,14.8,13.66,13.09,13.72,17.21,16.57,13.59,23.7
"2013-08-02 15:00:00",84007,0.092,0.092,0.092,0.11,19.95,18.5,15.02,13.79,13.09,13.71,17.26,16.56,13.59,23.64
"2013-08-02 15:15:00",84008,0.092,0.092,0.092,0.11,19.65,18.4,15.2,13.91,13.11,13.7,17.25,16.51,13.59,24.33
"2013-08-02 15:30:00",84009,0.092,0.092,0.092,0.11,19.39,18.3,15.34,14.03,13.14,13.71,17.23,16.48,13.59,25.13
"2013-08-02 15:45:00",84010,0.092,0.092,0.092,0.11,19.19,18.18,15.44,14.14,13.15,13.71,17.22,16.47,13.59,24.78
"2013-08-02 16:00:00",84011,0.092,0.092,0.092,0.11,18.98,18.09,15.53,14.26,13.2,13.71,17.24,16.48,13.59,23.84
"2013-08-02 16:15:00",84012,0.092,0.092,0.092,0.11,18.68,17.94,15.61,14.35,13.22,13.71,17.24,16.47,13.59,23.04
"2013-08-02 16:30:00",84013,0.092,0.092,0.092,0.11,18.34,17.73,15.63,14.44,13.23,13.7,17.18,16.43,13.59,22.31
"2013-08-02 16:45:00",84014,0.092,0.092,0.092,0.11,18.03,17.54,15.67,14.52,13.27,13.69,17.09,16.35,13.58,21.67
"2013-08-02 17:00:00",84015,0.092,0.092,0.092,0.11,17.75,17.36,15.68,14.59,13.32,13.7,16.97,16.26,13.58,21.02
"2013-08-02 17:15:00",84016,0.092,0.092,0.092,0.11,17.49,17.17,15.69,14.65,13.37,13.7,16.85,16.17,13.59,20.31
"2013-08-02 17:30:00",84017,0.092,0.092,0.092,0.11,17.23,16.97,15.66,14.72,13.41,13.7,16.72,16.06,13.59,19.57
"2013-08-02 17:45:00",84018,0.092,0.092,0.092,0.11,16.92,16.78,15.63,14.76,13.45,13.7,16.59,15.95,13.59,18.89
"2013-08-02 18:00:00",84019,0.092,0.092,0.092,0.11,16.69,16.6,15.6,14.8,13.47,13.7,16.45,15.83,13.58,18.25
"2013-08-02 18:15:00",84020,0.092,0.092,0.092,0.11,16.46,16.42,15.57,14.83,13.51,13.7,16.31,15.71,13.58,17.64
"2013-08-02 18:30:00",84021,0.092,0.092,0.092,0.11,16.24,16.25,15.52,14.87,13.53,13.7,16.17,15.59,13.58,17.21
"2013-08-02 18:45:00",84022,0.092,0.092,0.092,0.11,16.05,16.09,15.46,14.88,13.57,13.7,16.03,15.47,13.59,16.98
"2013-08-02 19:00:00",84023,0.092,0.092,0.092,0.11,15.88,15.94,15.41,14.89,13.6,13.69,15.9,15.36,13.59,16.76
"2013-08-02 19:15:00",84024,0.092,0.092,0.092,0.11,15.7,15.79,15.35,14.91,13.64,13.69,15.79,15.26,13.59,16.36
"2013-08-02 19:30:00",84025,0.092,0.092,0.092,0.11,15.52,15.65,15.3,14.9,13.65,13.69,15.67,15.17,13.59,15.92
"2013-08-02 19:45:00",84026,0.092,0.092,0.092,0.11,15.34,15.5,15.23,14.91,13.69,13.69,15.56,15.06,13.59,15.48
"2013-08-02 20:00:00",84027,0.092,0.092,0.092,0.11,15.18,15.35,15.18,14.9,13.71,13.7,15.44,14.96,13.59,15.02
"2013-08-02 20:15:00",84028,0.092,0.092,0.092,0.11,15.01,15.19,15.09,14.89,13.73,13.7,15.32,14.86,13.59,14.56
"2013-08-02 20:30:00",84029,0.092,0.092,0.092,0.11,14.83,15.06,15.05,14.88,13.75,13.67,15.2,14.75,13.58,14.06
"2013-08-02 20:45:00",84030,0.092,0.092,0.092,0.11,14.66,14.9,14.97,14.86,13.76,13.66,15.07,14.64,13.58,13.64
"2013-08-02 21:00:00",84031,0.092,0.092,0.092,0.11,14.49,14.77,14.89,14.86,13.78,13.66,14.95,14.53,13.58,13.3
"2013-08-02 21:15:00",84032,0.092,0.092,0.092,0.11,14.36,14.64,14.83,14.85,13.81,13.67,14.84,14.42,13.59,13.12
"2013-08-02 21:30:00",84033,0.092,0.092,0.092,0.11,14.25,14.51,14.76,14.83,13.83,13.66,14.73,14.32,13.59,12.86
"2013-08-02 21:45:00",84034,0.092,0.092,0.092,0.11,14.1,14.41,14.7,14.8,13.85,13.67,14.63,14.24,13.59,12.46
"2013-08-02 22:00:00",84035,0.092,0.092,0.092,0.11,13.95,14.3,14.62,14.78,13.85,13.66,14.53,14.14,13.59,12.16
"2013-08-02 22:15:00",84036,0.092,0.092,0.092,0.11,13.84,14.18,14.57,14.76,13.86,13.67,14.42,14.04,13.59,11.98
"2013-08-02 22:30:00",84037,0.092,0.092,0.092,0.11,13.74,14.09,14.5,14.74,13.88,13.66,14.32,13.94,13.59,11.75
"2013-08-02 22:45:00",84038,0.092,0.092,0.092,0.11,13.6,13.98,14.44,14.7,13.89,13.66,14.22,13.86,13.58,11.59
"2013-08-02 23:00:00",84039,0.092,0.092,0.092,0.11,13.51,13.87,14.36,14.68,13.89,13.67,14.13,13.77,13.58,11.59
"2013-08-02 23:15:00",84040,0.092,0.092,0.092,0.11,13.4,13.77,14.27,14.64,13.91,13.67,14.04,13.69,13.58,11.66
"2013-08-02 23:30:00",84041,0.092,0.092,0.092,0.11,13.3,13.71,14.22,14.61,13.91,13.67,13.96,13.61,13.58,11.73
"2013-08-02 23:45:00",84042,0.092,0.092,0.092,0.11,13.23,13.62,14.15,14.58,13.9,13.66,13.88,13.55,13.58,11.66
"2013-08-03 00:00:00",84043,0.092,0.092,0.092,0.109,13.14,13.54,14.09,14.56,13.91,13.67,13.8,13.48,13.58,11.61
"2013-08-03 00:15:00",84044,0.092,0.092,0.092,0.109,13.06,13.47,14.04,14.53,13.91,13.68,13.73,13.42,13.58,11.54
"2013-08-03 00:30:00",84045,0.092,0.092,0.092,0.11,12.99,13.38,14,14.49,13.92,13.68,13.66,13.35,13.58,11.45
"2013-08-03 00:45:00",84046,0.092,0.092,0.092,0.11,12.92,13.32,13.92,14.47,13.93,13.68,13.59,13.29,13.58,11.33
"2013-08-03 01:00:00",84047,0.092,0.092,0.092,0.11,12.83,13.24,13.87,14.43,13.92,13.68,13.52,13.23,13.58,11.18
"2013-08-03 01:15:00",84048,0.092,0.092,0.092,0.11,12.76,13.16,13.83,14.39,13.9,13.67,13.46,13.17,13.58,10.97
"2013-08-03 01:30:00",84049,0.092,0.092,0.092,0.11,12.66,13.08,13.78,14.37,13.91,13.68,13.38,13.1,13.58,10.7
"2013-08-03 01:45:00",84050,0.092,0.092,0.092,0.109,12.55,13,13.74,14.34,13.92,13.69,13.31,13.03,13.58,10.31
"2013-08-03 02:00:00",84051,0.092,0.092,0.092,0.109,12.45,12.92,13.68,14.32,13.92,13.69,13.23,12.95,13.59,10.04
"2013-08-03 02:15:00",84052,0.092,0.092,0.092,0.109,12.34,12.83,13.64,14.28,13.92,13.69,13.14,12.87,13.59,9.71
"2013-08-03 02:30:00",84053,0.092,0.092,0.092,0.109,12.21,12.71,13.57,14.24,13.92,13.7,13.06,12.79,13.59,9.39
"2013-08-03 02:45:00",84054,0.092,0.092,0.092,0.109,12.07,12.59,13.52,14.21,13.9,13.69,12.97,12.7,13.59,9.12
"2013-08-03 03:00:00",84055,0.092,0.092,0.092,0.109,11.98,12.5,13.45,14.18,13.88,13.69,12.88,12.62,13.59,8.97
"2013-08-03 03:15:00",84056,0.092,0.092,0.092,0.109,11.91,12.42,13.39,14.14,13.88,13.69,12.79,12.54,13.59,9.01
"2013-08-03 03:30:00",84057,0.092,0.092,0.092,0.109,11.86,12.35,13.33,14.11,13.87,13.69,12.72,12.47,13.59,9.06
"2013-08-03 03:45:00",84058,0.092,0.092,0.092,0.109,11.8,12.29,13.28,14.08,13.87,13.7,12.65,12.41,13.59,9.08
"2013-08-03 04:00:00",84059,0.092,0.092,0.092,0.109,11.74,12.23,13.24,14.04,13.86,13.71,12.59,12.35,13.59,9.06
"2013-08-03 04:15:00",84060,0.092,0.092,0.092,0.109,11.67,12.18,13.17,14,13.84,13.7,12.53,12.29,13.59,8.94
"2013-08-03 04:30:00",84061,0.092,0.092,0.092,0.109,11.59,12.12,13.14,13.96,13.83,13.73,12.47,12.24,13.59,8.75
"2013-08-03 04:45:00",84062,0.092,0.092,0.092,0.109,11.52,12.05,13.06,13.94,13.83,13.73,12.41,12.18,13.59,8.57
"2013-08-03 05:00:00",84063,0.092,0.092,0.092,0.109,11.45,11.97,13.01,13.89,13.81,13.72,12.34,12.11,13.59,8.46
"2013-08-03 05:15:00",84064,0.092,0.092,0.092,0.109,11.38,11.9,12.96,13.84,13.79,13.72,12.28,12.05,13.59,8.35
"2013-08-03 05:30:00",84065,0.092,0.092,0.092,0.109,11.31,11.84,12.89,13.82,13.79,13.72,12.22,11.99,13.58,8.17
"2013-08-03 05:45:00",84066,0.092,0.092,0.092,0.109,11.23,11.77,12.83,13.79,13.77,13.72,12.15,11.93,13.59,8.02
"2013-08-03 06:00:00",84067,0.092,0.092,0.092,0.109,11.15,11.7,12.78,13.75,13.77,13.73,12.08,11.86,13.59,7.817
"2013-08-03 06:15:00",84068,0.092,0.092,0.092,0.109,11.07,11.62,12.72,13.72,13.76,13.73,12.02,11.8,13.58,7.641
"2013-08-03 06:30:00",84069,0.092,0.092,0.092,0.109,10.98,11.57,12.66,13.69,13.73,13.72,11.94,11.73,13.58,7.356
"2013-08-03 06:45:00",84070,0.092,0.092,0.092,0.109,10.84,11.48,12.61,13.66,13.73,13.73,11.87,11.65,13.58,7.049
"2013-08-03 07:00:00",84071,0.092,0.092,0.092,0.109,10.74,11.4,12.56,13.61,13.72,13.72,11.78,11.57,13.58,6.766
"2013-08-03 07:15:00",84072,0.092,0.092,0.092,0.109,10.63,11.31,12.5,13.57,13.69,13.72,11.7,11.49,13.58,6.416
"2013-08-03 07:30:00",84073,0.092,0.092,0.092,0.109,10.53,11.22,12.44,13.55,13.69,13.73,11.61,11.41,13.58,6.199
"2013-08-03 07:45:00",84074,0.092,0.092,0.092,0.109,10.47,11.12,12.39,13.52,13.66,13.73,11.53,11.32,13.58,6.222
"2013-08-03 08:00:00",84075,0.092,0.092,0.092,0.109,10.46,11.08,12.33,13.47,13.65,13.73,11.46,11.25,13.58,6.701
"2013-08-03 08:15:00",84076,0.092,0.092,0.092,0.109,10.56,11.07,12.28,13.45,13.63,13.74,11.42,11.22,13.58,7.729
"2013-08-03 08:30:00",84077,0.092,0.092,0.092,0.109,10.76,11.1,12.23,13.41,13.63,13.73,11.42,11.22,13.58,9.12
"2013-08-03 08:45:00",84078,0.092,0.092,0.092,0.109,11.04,11.2,12.2,13.37,13.62,13.75,11.47,11.28,13.59,10.4
"2013-08-03 09:00:00",84079,0.092,0.092,0.092,0.109,11.28,11.35,12.17,13.34,13.6,13.74,11.55,11.38,13.59,11.47
"2013-08-03 09:15:00",84080,0.092,0.092,0.092,0.109,11.54,11.49,12.17,13.28,13.6,13.75,11.65,11.51,13.58,12.46
"2013-08-03 09:30:00",84081,0.092,0.092,0.092,0.109,12,11.68,12.18,13.24,13.57,13.75,11.77,11.67,13.58,13.59
"2013-08-03 09:45:00",84082,0.092,0.092,0.092,0.109,12.62,12.01,12.18,13.21,13.55,13.74,11.94,11.89,13.59,14.44
"2013-08-03 10:00:00",84083,0.092,0.092,0.092,0.109,13.07,12.32,12.23,13.19,13.53,13.74,12.15,12.16,13.59,15.19
"2013-08-03 10:15:00",84084,0.092,0.092,0.092,0.109,13.75,12.69,12.29,13.16,13.51,13.74,12.42,12.47,13.59,15.92
"2013-08-03 10:30:00",84085,0.092,0.092,0.092,0.109,14.22,13.12,12.39,13.17,13.51,13.75,12.75,12.8,13.59,16.56
"2013-08-03 10:45:00",84086,0.092,0.092,0.092,0.109,14.63,13.48,12.5,13.18,13.49,13.75,13.19,13.16,13.59,17.21
"2013-08-03 11:00:00",84087,0.091,0.092,0.092,0.109,15.04,13.82,12.62,13.19,13.48,13.74,13.72,13.5,13.59,17.74
"2013-08-03 11:15:00",84088,0.091,0.092,0.092,0.109,15.38,14.15,12.77,13.2,13.45,13.74,14.28,13.79,13.59,18.25
"2013-08-03 11:30:00",84089,0.091,0.092,0.092,0.109,15.7,14.44,12.92,13.22,13.44,13.74,14.79,14.08,13.59,18.74
"2013-08-03 11:45:00",84090,0.091,0.092,0.092,0.109,16.25,14.76,13.1,13.27,13.41,13.74,15.28,14.44,13.59,19.26
"2013-08-03 12:00:00",84091,0.091,0.092,0.092,0.109,17.12,15.25,13.27,13.35,13.42,13.76,15.7,14.89,13.59,19.94
"2013-08-03 12:15:00",84092,0.091,0.092,0.092,0.109,17.81,15.8,13.44,13.4,13.41,13.75,16.04,15.38,13.59,20.58
"2013-08-03 12:30:00",84093,0.091,0.092,0.092,0.109,18.36,16.27,13.64,13.48,13.41,13.75,16.39,15.86,13.59,20.99
"2013-08-03 12:45:00",84094,0.091,0.092,0.092,0.109,18.94,16.73,13.83,13.53,13.4,13.76,16.75,16.32,13.59,21.4
"2013-08-03 13:00:00",84095,0.092,0.092,0.092,0.109,19.64,17.22,14.04,13.59,13.41,13.76,17.08,16.73,13.59,22
"2013-08-03 13:15:00",84096,0.092,0.092,0.092,0.109,20.04,17.67,14.28,13.68,13.4,13.75,17.32,17.09,13.59,22.45
"2013-08-03 13:30:00",84097,0.092,0.092,0.092,0.109,20.41,18.12,14.53,13.76,13.4,13.76,17.51,17.31,13.58,22.61
"2013-08-03 13:45:00",84098,0.092,0.091,0.092,0.109,20.67,18.46,14.77,13.88,13.4,13.75,17.71,17.39,13.59,22.75
"2013-08-03 14:00:00",84099,0.092,0.091,0.092,0.109,20.97,18.76,15.03,13.98,13.4,13.76,17.92,17.42,13.59,23.1
"2013-08-03 14:15:00",84100,0.092,0.091,0.092,0.109,21.23,19.02,15.26,14.08,13.42,13.77,18.11,17.44,13.59,23.32
"2013-08-03 14:30:00",84101,0.092,0.091,0.092,0.109,21.19,19.24,15.47,14.21,13.44,13.77,18.28,17.46,13.59,23.67
"2013-08-03 14:45:00",84102,0.092,0.091,0.092,0.109,21.2,19.36,15.69,14.33,13.45,13.76,18.38,17.46,13.59,23.93
"2013-08-03 15:00:00",84103,0.092,0.091,0.092,0.109,21.17,19.44,15.9,14.44,13.47,13.76,18.39,17.41,13.59,24.25
"2013-08-03 15:15:00",84104,0.091,0.091,0.092,0.109,20.82,19.44,16.06,14.57,13.49,13.76,18.36,17.35,13.59,24.84
"2013-08-03 15:30:00",84105,0.091,0.091,0.092,0.109,20.41,19.31,16.19,14.69,13.51,13.77,18.31,17.3,13.59,25.22
"2013-08-03 15:45:00",84106,0.091,0.091,0.092,0.109,20.08,19.13,16.3,14.8,13.54,13.77,18.26,17.25,13.59,24.19
"2013-08-03 16:00:00",84107,0.091,0.091,0.092,0.109,19.7,18.94,16.36,14.91,13.58,13.77,18.22,17.19,13.59,22.81
"2013-08-03 16:15:00",84108,0.091,0.091,0.092,0.109,19.29,18.72,16.42,15.01,13.6,13.76,18.15,17.12,13.58,21.7
"2013-08-03 16:30:00",84109,0.091,0.092,0.092,0.109,18.89,18.48,16.45,15.11,13.63,13.75,18.03,17.01,13.58,20.74
"2013-08-03 16:45:00",84110,0.091,0.092,0.091,0.109,18.53,18.23,16.45,15.18,13.69,13.75,17.87,16.89,13.59,19.89
"2013-08-03 17:00:00",84111,0.091,0.091,0.091,0.109,18.16,17.98,16.44,15.24,13.7,13.75,17.7,16.75,13.59,19.1
"2013-08-03 17:15:00",84112,0.091,0.091,0.091,0.109,17.85,17.71,16.41,15.31,13.74,13.74,17.53,16.61,13.58,18.35
"2013-08-03 17:30:00",84113,0.091,0.091,0.091,0.109,17.54,17.47,16.37,15.35,13.77,13.74,17.36,16.47,13.58,17.69
"2013-08-03 17:45:00",84114,0.091,0.091,0.091,0.109,17.28,17.25,16.3,15.4,13.8,13.74,17.19,16.32,13.58,17.11
"2013-08-03 18:00:00",84115,0.091,0.091,0.091,0.109,16.97,17.03,16.26,15.42,13.85,13.74,17.01,16.17,13.59,16.59
"2013-08-03 18:15:00",84116,0.091,0.091,0.091,0.109,16.73,16.81,16.19,15.43,13.89,13.74,16.85,16.03,13.59,16.14
"2013-08-03 18:30:00",84117,0.091,0.091,0.091,0.109,16.5,16.63,16.13,15.46,13.91,13.74,16.68,15.89,13.59,15.73
"2013-08-03 18:45:00",84118,0.091,0.091,0.091,0.108,16.28,16.44,16.04,15.46,13.95,13.74,16.53,15.76,13.59,15.36
"2013-08-03 19:00:00",84119,0.091,0.091,0.091,0.109,16.06,16.26,15.98,15.47,13.98,13.73,16.37,15.63,13.59,15.12
"2013-08-03 19:15:00",84120,0.091,0.091,0.091,0.108,15.88,16.1,15.91,15.47,14,13.73,16.23,15.51,13.59,14.88
"2013-08-03 19:30:00",84121,0.091,0.091,0.091,0.109,15.69,15.95,15.82,15.46,14.03,13.73,16.09,15.4,13.58,14.61
"2013-08-03 19:45:00",84122,0.091,0.091,0.091,0.108,15.52,15.8,15.72,15.45,14.07,13.73,15.96,15.28,13.58,14.42
"2013-08-03 20:00:00",84123,0.091,0.091,0.091,0.108,15.38,15.66,15.64,15.43,14.1,13.74,15.83,15.18,13.58,14.28
"2013-08-03 20:15:00",84124,0.091,0.091,0.091,0.108,15.25,15.52,15.57,15.42,14.11,13.75,15.71,15.08,13.58,14.01
"2013-08-03 20:30:00",84125,0.091,0.091,0.091,0.108,15.1,15.38,15.49,15.41,14.13,13.74,15.6,14.98,13.58,13.75
"2013-08-03 20:45:00",84126,0.091,0.091,0.091,0.108,14.96,15.23,15.42,15.38,14.15,13.74,15.48,14.88,13.59,13.42
"2013-08-03 21:00:00",84127,0.091,0.091,0.091,0.108,14.79,15.1,15.34,15.36,14.17,13.73,15.37,14.78,13.59,13.16
"2013-08-03 21:15:00",84128,0.091,0.091,0.091,0.108,14.64,14.98,15.27,15.33,14.18,13.74,15.25,14.68,13.59,12.93
"2013-08-03 21:30:00",84129,0.091,0.091,0.091,0.108,14.5,14.84,15.2,15.29,14.18,13.74,15.14,14.59,13.59,12.65
"2013-08-03 21:45:00",84130,0.091,0.091,0.091,0.108,14.37,14.72,15.13,15.26,14.2,13.74,15.04,14.49,13.59,12.33
"2013-08-03 22:00:00",84131,0.091,0.091,0.091,0.108,14.23,14.6,15.05,15.24,14.2,13.75,14.93,14.4,13.59,12
"2013-08-03 22:15:00",84132,0.091,0.091,0.091,0.108,14.09,14.48,14.98,15.21,14.22,13.74,14.82,14.3,13.58,11.66
"2013-08-03 22:30:00",84133,0.091,0.091,0.091,0.108,13.96,14.37,14.89,15.17,14.24,13.75,14.71,14.2,13.58,11.4
"2013-08-03 22:45:00",84134,0.091,0.091,0.091,0.108,13.83,14.25,14.82,15.14,14.25,13.75,14.6,14.1,13.58,11.29
"2013-08-03 23:00:00",84135,0.091,0.091,0.091,0.108,13.73,14.14,14.76,15.11,14.25,13.75,14.5,14.01,13.58,11.18
"2013-08-03 23:15:00",84136,0.091,0.091,0.091,0.108,13.63,14.06,14.67,15.07,14.24,13.75,14.4,13.92,13.58,11.06
"2013-08-03 23:30:00",84137,0.091,0.091,0.091,0.108,13.52,13.96,14.61,15.04,14.25,13.75,14.31,13.84,13.58,10.97
"2013-08-03 23:45:00",84138,0.091,0.091,0.091,0.108,13.43,13.86,14.55,15,14.25,13.74,14.22,13.76,13.58,10.99
"2013-08-04 00:00:00",84139,0.091,0.091,0.091,0.108,13.33,13.78,14.48,14.95,14.25,13.75,14.14,13.68,13.58,11.06
"2013-08-04 00:15:00",84140,0.091,0.091,0.091,0.108,13.28,13.72,14.41,14.92,14.25,13.75,14.06,13.62,13.58,11.18
"2013-08-04 00:30:00",84141,0.091,0.091,0.091,0.108,13.23,13.64,14.32,14.88,14.24,13.75,13.99,13.56,13.58,11.27
"2013-08-04 00:45:00",84142,0.091,0.091,0.091,0.108,13.17,13.58,14.25,14.85,14.24,13.75,13.93,13.51,13.58,11.33
"2013-08-04 01:00:00",84143,0.091,0.091,0.091,0.108,13.13,13.53,14.2,14.8,14.24,13.76,13.87,13.46,13.58,11.43
"2013-08-04 01:15:00",84144,0.091,0.091,0.091,0.108,13.08,13.47,14.14,14.77,14.24,13.77,13.82,13.42,13.58,11.52
"2013-08-04 01:30:00",84145,0.091,0.091,0.091,0.108,13.03,13.42,14.09,14.73,14.24,13.77,13.77,13.38,13.58,11.47
"2013-08-04 01:45:00",84146,0.091,0.091,0.091,0.108,12.97,13.36,14.04,14.7,14.23,13.77,13.72,13.34,13.58,11.38
"2013-08-04 02:00:00",84147,0.091,0.091,0.091,0.108,12.9,13.3,14.01,14.64,14.23,13.77,13.66,13.29,13.58,11.22
"2013-08-04 02:15:00",84148,0.091,0.091,0.091,0.108,12.84,13.25,13.95,14.62,14.22,13.77,13.61,13.24,13.58,11.15
"2013-08-04 02:30:00",84149,0.091,0.091,0.091,0.108,12.78,13.19,13.9,14.58,14.21,13.79,13.55,13.19,13.58,11.2
"2013-08-04 02:45:00",84150,0.091,0.091,0.091,0.108,12.77,13.14,13.86,14.55,14.21,13.78,13.49,13.15,13.58,11.45
"2013-08-04 03:00:00",84151,0.091,0.091,0.091,0.108,12.76,13.11,13.82,14.52,14.18,13.79,13.45,13.11,13.58,11.96
"2013-08-04 03:15:00",84152,0.091,0.091,0.091,0.108,12.78,13.08,13.78,14.49,14.19,13.79,13.42,13.09,13.58,12.39
"2013-08-04 03:30:00",84153,0.091,0.091,0.091,0.108,12.79,13.09,13.74,14.46,14.17,13.79,13.41,13.09,13.59,12.72
"2013-08-04 03:45:00",84154,0.091,0.091,0.091,0.108,12.8,13.07,13.72,14.43,14.18,13.8,13.4,13.09,13.59,12.86
"2013-08-04 04:00:00",84155,0.091,0.091,0.091,0.108,12.8,13.06,13.7,14.39,14.15,13.79,13.39,13.09,13.59,12.95
"2013-08-04 04:15:00",84156,0.091,0.091,0.091,0.108,12.8,13.05,13.66,14.36,14.15,13.79,13.38,13.08,13.59,12.98
"2013-08-04 04:30:00",84157,0.091,0.091,0.091,0.108,12.77,13.03,13.63,14.34,14.14,13.79,13.36,13.07,13.59,12.84
"2013-08-04 04:45:00",84158,0.091,0.091,0.091,0.108,12.7,13.01,13.61,14.31,14.12,13.81,13.34,13.07,13.59,12.56
"2013-08-04 05:00:00",84159,0.091,0.091,0.091,0.108,12.65,12.96,13.58,14.29,14.11,13.81,13.31,13.04,13.59,12.28
"2013-08-04 05:15:00",84160,0.091,0.091,0.091,0.108,12.6,12.92,13.54,14.26,14.1,13.82,13.27,13,13.59,11.98
"2013-08-04 05:30:00",84161,0.091,0.091,0.091,0.108,12.52,12.87,13.52,14.23,14.07,13.81,13.22,12.96,13.58,11.66
"2013-08-04 05:45:00",84162,0.091,0.091,0.091,0.108,12.44,12.81,13.49,14.21,14.07,13.82,13.17,12.92,13.58,11.24
"2013-08-04 06:00:00",84163,0.091,0.091,0.091,0.108,12.36,12.74,13.46,14.2,14.06,13.83,13.12,12.86,13.58,10.88
"2013-08-04 06:15:00",84164,0.091,0.091,0.091,0.108,12.27,12.64,13.42,14.16,14.06,13.82,13.06,12.8,13.58,10.52
"2013-08-04 06:30:00",84165,0.091,0.091,0.091,0.108,12.17,12.58,13.39,14.14,14.04,13.83,12.99,12.74,13.58,10.25
"2013-08-04 06:45:00",84166,0.091,0.091,0.091,0.108,12.09,12.51,13.35,14.12,14.03,13.83,12.93,12.67,13.59,10.11
"2013-08-04 07:00:00",84167,0.091,0.091,0.091,0.108,12.03,12.46,13.31,14.09,14.03,13.83,12.87,12.61,13.59,10.18
"2013-08-04 07:15:00",84168,0.091,0.091,0.091,0.108,12.02,12.42,13.28,14.08,14.01,13.84,12.82,12.56,13.59,10.4
"2013-08-04 07:30:00",84169,0.091,0.091,0.091,0.108,12.02,12.37,13.25,14.04,14.01,13.84,12.77,12.53,13.59,10.63
"2013-08-04 07:45:00",84170,0.091,0.091,0.091,0.108,12.02,12.35,13.19,14.02,13.99,13.84,12.75,12.51,13.58,10.81
"2013-08-04 08:00:00",84171,0.091,0.091,0.091,0.108,12.04,12.34,13.16,13.98,13.96,13.83,12.73,12.5,13.58,11.11
"2013-08-04 08:15:00",84172,0.091,0.091,0.091,0.108,12.15,12.35,13.13,13.96,13.96,13.83,12.73,12.5,13.58,11.73
"2013-08-04 08:30:00",84173,0.091,0.091,0.091,0.108,12.33,12.4,13.11,13.94,13.96,13.84,12.75,12.53,13.59,12.39
"2013-08-04 08:45:00",84174,0.091,0.091,0.091,0.108,12.47,12.48,13.08,13.92,13.94,13.85,12.8,12.59,13.59,12.91
"2013-08-04 09:00:00",84175,0.091,0.091,0.091,0.108,12.6,12.55,13.06,13.89,13.94,13.84,12.86,12.66,13.59,13.4
"2013-08-04 09:15:00",84176,0.091,0.091,0.091,0.108,12.8,12.66,13.06,13.87,13.9,13.84,12.94,12.74,13.59,14.06
"2013-08-04 09:30:00",84177,0.091,0.091,0.091,0.108,13.19,12.86,13.08,13.86,13.91,13.85,13.04,12.86,13.59,15.04
"2013-08-04 09:45:00",84178,0.091,0.091,0.091,0.108,13.77,13.14,13.1,13.85,13.9,13.85,13.18,13.05,13.59,16.04
"2013-08-04 10:00:00",84179,0.091,0.091,0.091,0.108,14.24,13.46,13.14,13.82,13.89,13.86,13.39,13.29,13.59,16.84
"2013-08-04 10:15:00",84180,0.091,0.091,0.091,0.108,14.91,13.82,13.21,13.83,13.89,13.86,13.65,13.58,13.59,17.62
"2013-08-04 10:30:00",84181,0.091,0.091,0.091,0.108,15.38,14.2,13.29,13.83,13.87,13.85,13.98,13.9,13.59,18.15
"2013-08-04 10:45:00",84182,0.091,0.091,0.091,0.108,15.76,14.53,13.4,13.82,13.85,13.86,14.41,14.25,13.58,18.66
"2013-08-04 11:00:00",84183,0.091,0.091,0.091,0.108,16.21,14.88,13.51,13.84,13.84,13.85,14.91,14.57,13.59,19.05
"2013-08-04 11:15:00",84184,0.091,0.091,0.091,0.108,16.57,15.23,13.65,13.86,13.83,13.85,15.45,14.87,13.59,19.44
"2013-08-04 11:30:00",84185,0.091,0.091,0.091,0.108,16.9,15.57,13.79,13.89,13.81,13.86,15.97,15.17,13.59,19.84
"2013-08-04 11:45:00",84186,0.091,0.091,0.091,0.108,17.45,15.9,13.94,13.94,13.8,13.85,16.47,15.54,13.59,20.26
"2013-08-04 12:00:00",84187,0.091,0.091,0.091,0.108,18.37,16.37,14.09,13.98,13.8,13.86,16.88,15.98,13.59,20.74
"2013-08-04 12:15:00",84188,0.091,0.091,0.091,0.108,19.13,16.91,14.28,14.05,13.79,13.87,17.24,16.47,13.59,21.31
"2013-08-04 12:30:00",84189,0.091,0.091,0.091,0.108,19.74,17.44,14.5,14.1,13.79,13.88,17.62,16.99,13.59,21.72
"2013-08-04 12:45:00",84190,0.091,0.091,0.091,0.108,20.44,17.98,14.71,14.18,13.79,13.88,18.02,17.49,13.59,22.17
"2013-08-04 13:00:00",84191,0.091,0.091,0.091,0.108,21.14,18.53,14.95,14.25,13.79,13.87,18.4,17.96,13.58,22.47
"2013-08-04 13:15:00",84192,0.091,0.091,0.091,0.108,21.49,18.99,15.2,14.34,13.79,13.87,18.66,18.33,13.59,22.64
"2013-08-04 13:30:00",84193,0.091,0.091,0.091,0.108,21.68,19.36,15.46,14.44,13.8,13.87,18.82,18.5,13.58,22.64
"2013-08-04 13:45:00",84194,0.091,0.091,0.091,0.108,21.87,19.64,15.7,14.54,13.8,13.87,18.98,18.53,13.58,22.84
"2013-08-04 14:00:00",84195,0.091,0.091,0.091,0.108,22.21,19.91,15.96,14.65,13.82,13.86,19.14,18.54,13.58,23.18
"2013-08-04 14:15:00",84196,0.091,0.091,0.091,0.108,22.48,20.2,16.18,14.78,13.83,13.87,19.3,18.57,13.59,23.52
"2013-08-04 14:30:00",84197,0.091,0.091,0.091,0.108,22.47,20.43,16.39,14.9,13.84,13.86,19.45,18.62,13.59,23.75
"2013-08-04 14:45:00",84198,0.091,0.091,0.091,0.108,22.36,20.55,16.61,15.04,13.87,13.87,19.52,18.61,13.59,23.41
"2013-08-04 15:00:00",84199,0.091,0.091,0.091,0.108,22.03,20.54,16.78,15.17,13.9,13.87,19.51,18.55,13.59,22.81
"2013-08-04 15:15:00",84200,0.091,0.091,0.091,0.108,21.61,20.4,16.93,15.29,13.94,13.88,19.44,18.45,13.59,22.53
"2013-08-04 15:30:00",84201,0.091,0.091,0.091,0.108,21.17,20.2,17.05,15.4,13.96,13.87,19.36,18.35,13.58,21.64
"2013-08-04 15:45:00",84202,0.091,0.091,0.091,0.108,20.7,19.95,17.16,15.54,13.98,13.87,19.24,18.24,13.58,20.77
"2013-08-04 16:00:00",84203,0.091,0.091,0.091,0.108,20.27,19.69,17.25,15.66,14.01,13.87,19.09,18.11,13.59,19.97
"2013-08-04 16:15:00",84204,0.091,0.091,0.091,0.108,19.89,19.42,17.28,15.75,14.05,13.87,18.93,17.96,13.59,19.39
"2013-08-04 16:30:00",84205,0.091,0.091,0.091,0.108,19.53,19.15,17.28,15.82,14.08,13.87,18.78,17.82,13.58,18.95
"2013-08-04 16:45:00",84206,0.091,0.091,0.091,0.108,19.21,18.91,17.25,15.89,14.12,13.86,18.62,17.68,13.58,18.58
"2013-08-04 17:00:00",84207,0.091,0.091,0.091,0.108,18.89,18.7,17.18,15.95,14.15,13.86,18.46,17.54,13.58,18.23
"2013-08-04 17:15:00",84208,0.091,0.091,0.091,0.108,18.59,18.45,17.14,16.01,14.19,13.87,18.3,17.4,13.58,17.74
"2013-08-04 17:30:00",84209,0.091,0.091,0.091,0.108,18.25,18.23,17.06,16.03,14.24,13.86,18.13,17.25,13.58,17.21
"2013-08-04 17:45:00",84210,0.091,0.091,0.091,0.108,17.94,17.99,17.01,16.07,14.27,13.86,17.95,17.09,13.59,16.69
"2013-08-04 18:00:00",84211,0.091,0.091,0.091,0.108,17.65,17.73,16.94,16.09,14.31,13.86,17.77,16.93,13.59,16.27
"2013-08-04 18:15:00",84212,0.091,0.091,0.091,0.108,17.4,17.51,16.86,16.11,14.35,13.87,17.59,16.78,13.59,15.95
"2013-08-04 18:30:00",84213,0.091,0.091,0.091,0.108,17.16,17.3,16.78,16.11,14.37,13.87,17.42,16.62,13.59,15.6
"2013-08-04 18:45:00",84214,0.09,0.091,0.091,0.108,16.91,17.1,16.71,16.11,14.4,13.87,17.26,16.48,13.59,15.41
"2013-08-04 19:00:00",84215,0.09,0.091,0.091,0.108,16.72,16.9,16.63,16.11,14.44,13.87,17.1,16.34,13.59,15.21
"2013-08-04 19:15:00",84216,0.09,0.091,0.091,0.108,16.52,16.73,16.54,16.1,14.47,13.86,16.95,16.21,13.59,14.97
"2013-08-04 19:30:00",84217,0.09,0.091,0.091,0.108,16.33,16.58,16.45,16.08,14.47,13.86,16.81,16.09,13.59,14.59
"2013-08-04 19:45:00",84218,0.09,0.091,0.091,0.108,16.12,16.41,16.36,16.06,14.5,13.86,16.67,15.96,13.59,14.16
"2013-08-04 20:00:00",84219,0.09,0.091,0.091,0.108,15.93,16.25,16.28,16.04,14.52,13.86,16.52,15.83,13.58,13.68
"2013-08-04 20:15:00",84220,0.09,0.091,0.091,0.108,15.71,16.08,16.2,16.02,14.55,13.87,16.38,15.7,13.58,13.19
"2013-08-04 20:30:00",84221,0.091,0.091,0.091,0.108,15.51,15.93,16.12,16,14.58,13.89,16.23,15.56,13.59,12.7
"2013-08-04 20:45:00",84222,0.091,0.091,0.091,0.108,15.31,15.76,16.03,15.99,14.6,13.89,16.08,15.43,13.59,12.21
"2013-08-04 21:00:00",84223,0.091,0.091,0.091,0.108,15.11,15.59,15.96,15.95,14.64,13.88,15.93,15.29,13.58,11.77
"2013-08-04 21:15:00",84224,0.091,0.091,0.091,0.108,14.93,15.42,15.87,15.92,14.65,13.88,15.77,15.14,13.58,11.27
"2013-08-04 21:30:00",84225,0.09,0.09,0.091,0.107,14.72,15.23,15.76,15.87,14.68,13.88,15.62,15,13.58,10.83
"2013-08-04 21:45:00",84226,0.09,0.09,0.09,0.108,14.5,15.05,15.65,15.83,14.68,13.88,15.47,14.86,13.58,10.52
"2013-08-04 22:00:00",84227,0.09,0.09,0.091,0.107,14.34,14.9,15.55,15.81,14.69,13.88,15.32,14.72,13.58,10.22
"2013-08-04 22:15:00",84228,0.09,0.09,0.091,0.108,14.18,14.72,15.45,15.75,14.7,13.88,15.18,14.59,13.59,9.95
"2013-08-04 22:30:00",84229,0.09,0.09,0.091,0.107,14.04,14.58,15.36,15.71,14.7,13.87,15.04,14.47,13.59,9.68
"2013-08-04 22:45:00",84230,0.09,0.09,0.091,0.108,13.89,14.45,15.27,15.66,14.72,13.87,14.91,14.34,13.59,9.59
"2013-08-04 23:00:00",84231,0.09,0.09,0.091,0.107,13.78,14.34,15.19,15.64,14.71,13.88,14.79,14.23,13.59,9.57
"2013-08-04 23:15:00",84232,0.09,0.09,0.09,0.107,13.67,14.23,15.1,15.59,14.73,13.88,14.68,14.13,13.59,9.55
"2013-08-04 23:30:00",84233,0.09,0.09,0.09,0.108,13.56,14.11,15.02,15.55,14.72,13.89,14.57,14.03,13.59,9.44
"2013-08-04 23:45:00",84234,0.09,0.09,0.09,0.107,13.43,14.01,14.93,15.47,14.72,13.89,14.46,13.93,13.59,9.44
"2013-08-05 00:00:00",84235,0.09,0.09,0.091,0.107,13.3,13.89,14.82,15.42,14.71,13.91,14.35,13.84,13.59,9.44
"2013-08-05 00:15:00",84236,0.09,0.09,0.09,0.107,13.22,13.8,14.75,15.37,14.7,13.9,14.25,13.75,13.59,9.55
"2013-08-05 00:30:00",84237,0.09,0.09,0.09,0.108,13.16,13.73,14.69,15.33,14.71,13.91,14.16,13.66,13.59,9.66
"2013-08-05 00:45:00",84238,0.09,0.09,0.09,0.107,13.09,13.64,14.61,15.27,14.7,13.92,14.08,13.59,13.59,9.84
"2013-08-05 01:00:00",84239,0.09,0.09,0.09,0.107,13.06,13.57,14.53,15.22,14.69,13.92,14.01,13.53,13.59,10
"2013-08-05 01:15:00",84240,0.09,0.09,0.09,0.107,13.01,13.52,14.47,15.18,14.67,13.92,13.94,13.48,13.59,10.13
"2013-08-05 01:30:00",84241,0.09,0.09,0.09,0.108,12.98,13.47,14.4,15.14,14.68,13.92,13.88,13.43,13.59,10.34
"2013-08-05 01:45:00",84242,0.09,0.09,0.09,0.108,12.93,13.42,14.31,15.09,14.66,13.92,13.83,13.39,13.59,10.54
"2013-08-05 02:00:00",84243,0.09,0.09,0.09,0.108,12.92,13.36,14.25,15.04,14.65,13.93,13.78,13.35,13.59,10.72
"2013-08-05 02:15:00",84244,0.09,0.09,0.09,0.108,12.88,13.33,14.19,14.98,14.61,13.94,13.73,13.31,13.58,10.88
"2013-08-05 02:30:00",84245,0.09,0.09,0.09,0.108,12.85,13.28,14.13,14.94,14.6,13.93,13.69,13.28,13.58,10.95
"2013-08-05 02:45:00",84246,0.09,0.09,0.091,0.107,12.79,13.24,14.09,14.89,14.58,13.95,13.65,13.25,13.58,10.83
"2013-08-05 03:00:00",84247,0.09,0.09,0.09,0.108,12.72,13.19,14.04,14.86,14.57,13.95,13.6,13.21,13.58,10.61
"2013-08-05 03:15:00",84248,0.09,0.09,0.09,0.107,12.64,13.13,13.99,14.81,14.55,13.95,13.54,13.16,13.58,10.34
"2013-08-05 03:30:00",84249,0.09,0.09,0.09,0.107,12.54,13.06,13.95,14.78,14.55,13.95,13.48,13.1,13.59,10.04
"2013-08-05 03:45:00",84250,0.09,0.09,0.09,0.107,12.47,12.99,13.89,14.73,14.52,13.95,13.41,13.04,13.59,9.77
"2013-08-05 04:00:00",84251,0.09,0.09,0.09,0.108,12.38,12.91,13.85,14.69,14.5,13.95,13.34,12.97,13.59,9.5
"2013-08-05 04:15:00",84252,0.09,0.09,0.09,0.107,12.29,12.82,13.8,14.65,14.5,13.96,13.27,12.9,13.59,9.41
"2013-08-05 04:30:00",84253,0.09,0.09,0.091,0.107,12.24,12.73,13.76,14.62,14.49,13.98,13.2,12.84,13.59,9.39
"2013-08-05 04:45:00",84254,0.09,0.09,0.091,0.108,12.17,12.66,13.72,14.58,14.48,13.97,13.14,12.78,13.59,9.41
"2013-08-05 05:00:00",84255,0.09,0.09,0.091,0.107,12.12,12.61,13.66,14.54,14.45,13.97,13.08,12.73,13.59,9.46
"2013-08-05 05:15:00",84256,0.09,0.09,0.091,0.107,12.06,12.55,13.62,14.51,14.44,13.98,13.03,12.68,13.59,9.46
"2013-08-05 05:30:00",84257,0.09,0.09,0.091,0.107,12.02,12.5,13.56,14.47,14.41,13.97,12.97,12.64,13.59,9.39
"2013-08-05 05:45:00",84258,0.09,0.09,0.091,0.107,11.94,12.43,13.51,14.42,14.41,13.97,12.92,12.59,13.59,9.21
"2013-08-05 06:00:00",84259,0.09,0.09,0.091,0.107,11.85,12.38,13.46,14.4,14.39,13.98,12.86,12.54,13.59,8.88
"2013-08-05 06:15:00",84260,0.09,0.09,0.091,0.107,11.76,12.31,13.42,14.37,14.37,13.98,12.8,12.47,13.59,8.5
"2013-08-05 06:30:00",84261,0.09,0.09,0.091,0.107,11.66,12.23,13.37,14.31,14.34,13.98,12.73,12.4,13.59,8.21
"2013-08-05 06:45:00",84262,0.09,0.09,0.091,0.107,11.57,12.16,13.32,14.3,14.33,13.98,12.65,12.33,13.59,7.95
"2013-08-05 07:00:00",84263,0.09,0.09,0.091,0.107,11.48,12.08,13.26,14.25,14.31,13.98,12.57,12.26,13.58,7.751
"2013-08-05 07:15:00",84264,0.09,0.09,0.091,0.107,11.4,12.01,13.22,14.2,14.29,13.98,12.5,12.18,13.58,7.575
"2013-08-05 07:30:00",84265,0.09,0.09,0.091,0.107,11.33,11.94,13.16,14.17,14.28,13.99,12.43,12.11,13.58,7.487
"2013-08-05 07:45:00",84266,0.09,0.09,0.091,0.107,11.29,11.85,13.1,14.13,14.27,13.99,12.36,12.04,13.58,7.575
"2013-08-05 08:00:00",84267,0.09,0.09,0.091,0.107,11.3,11.82,13.04,14.1,14.24,13.99,12.3,11.99,13.58,7.95
"2013-08-05 08:15:00",84268,0.09,0.09,0.091,0.108,11.37,11.8,13.01,14.07,14.24,14,12.27,11.96,13.58,8.81
"2013-08-05 08:30:00",84269,0.09,0.09,0.091,0.107,11.52,11.85,12.95,14.03,14.21,14,12.26,11.97,13.59,10.22
"2013-08-05 08:45:00",84270,0.09,0.09,0.091,0.107,11.75,11.93,12.9,13.98,14.21,14.01,12.29,12.02,13.59,11.52
"2013-08-05 09:00:00",84271,0.09,0.09,0.091,0.107,11.98,12.06,12.87,13.96,14.17,14.01,12.36,12.1,13.58,12.65
"2013-08-05 09:15:00",84272,0.09,0.09,0.091,0.107,12.27,12.19,12.86,13.92,14.17,14.02,12.46,12.22,13.59,13.73
"2013-08-05 09:30:00",84273,0.09,0.09,0.091,0.107,12.71,12.38,12.87,13.9,14.15,14.01,12.57,12.37,13.59,14.61
"2013-08-05 09:45:00",84274,0.09,0.09,0.091,0.107,13.24,12.66,12.87,13.87,14.13,14.01,12.71,12.58,13.59,15.41
"2013-08-05 10:00:00",84275,0.09,0.09,0.091,0.107,13.71,13,12.93,13.84,14.1,14.01,12.9,12.82,13.59,16.07
"2013-08-05 10:15:00",84276,0.09,0.09,0.091,0.107,14.3,13.36,13.01,13.82,14.08,14.02,13.16,13.11,13.59,16.69
"2013-08-05 10:30:00",84277,0.09,0.09,0.091,0.107,14.74,13.73,13.11,13.82,14.09,14.04,13.46,13.42,13.59,17.29
"2013-08-05 10:45:00",84278,0.09,0.09,0.091,0.107,15.2,14.06,13.2,13.83,14.06,14.03,13.85,13.75,13.59,17.87
"2013-08-05 11:00:00",84279,0.09,0.09,0.091,0.107,15.65,14.42,13.32,13.84,14.05,14.02,14.37,14.09,13.59,18.43
"2013-08-05 11:15:00",84280,0.09,0.09,0.091,0.107,16.05,14.76,13.45,13.85,14.03,14.03,14.93,14.39,13.59,18.97
"2013-08-05 11:30:00",84281,0.09,0.09,0.091,0.107,16.42,15.11,13.59,13.88,14.01,14.03,15.45,14.71,13.59,19.49
"2013-08-05 11:45:00",84282,0.09,0.09,0.091,0.107,16.98,15.47,13.73,13.92,14,14.03,15.96,15.09,13.59,20.08
"2013-08-05 12:00:00",84283,0.09,0.09,0.091,0.107,17.92,15.97,13.89,13.95,13.98,14.03,16.4,15.54,13.59,20.56
"2013-08-05 12:15:00",84284,0.09,0.09,0.091,0.107,18.73,16.53,14.06,14,13.98,14.03,16.78,16.05,13.59,21.1
"2013-08-05 12:30:00",84285,0.09,0.09,0.091,0.107,19.36,17.06,14.26,14.07,13.97,14.03,17.2,16.59,13.59,21.7
"2013-08-05 12:45:00",84286,0.09,0.09,0.091,0.107,20.1,17.61,14.49,14.13,13.97,14.03,17.62,17.11,13.59,22.19
"2013-08-05 13:00:00",84287,0.09,0.09,0.091,0.107,20.75,18.19,14.74,14.2,13.95,14.03,18.01,17.61,13.58,22.47
"2013-08-05 13:15:00",84288,0.09,0.09,0.091,0.107,21.14,18.68,14.99,14.3,13.95,14.02,18.29,17.99,13.59,22.7
"2013-08-05 13:30:00",84289,0.09,0.09,0.091,0.107,21.51,19.06,15.27,14.38,13.96,14.02,18.48,18.19,13.59,22.87
"2013-08-05 13:45:00",84290,0.09,0.09,0.091,0.107,21.74,19.41,15.51,14.49,13.96,14.02,18.69,18.27,13.59,23.15
"2013-08-05 14:00:00",84291,0.09,0.09,0.091,0.107,22.03,19.72,15.78,14.6,13.96,14.02,18.89,18.3,13.59,23.47
"2013-08-05 14:15:00",84292,0.09,0.09,0.091,0.107,22.32,20.01,16.03,14.73,13.97,14.02,19.07,18.33,13.59,23.87
"2013-08-05 14:30:00",84293,0.09,0.09,0.091,0.107,22.42,20.25,16.24,14.86,13.98,14.02,19.23,18.39,13.59,24.36
"2013-08-05 14:45:00",84294,0.09,0.09,0.091,0.107,22.5,20.46,16.46,14.99,13.99,14.02,19.32,18.4,13.59,24.75
"2013-08-05 15:00:00",84295,0.09,0.09,0.091,0.107,22.44,20.59,16.66,15.12,14.02,14.02,19.33,18.37,13.59,24.84
"2013-08-05 15:15:00",84296,0.09,0.09,0.09,0.107,22.05,20.57,16.84,15.24,14.03,14.03,19.31,18.31,13.59,25.31
"2013-08-05 15:30:00",84297,0.09,0.09,0.09,0.107,21.62,20.43,16.99,15.37,14.06,14.02,19.27,18.26,13.59,25.19
"2013-08-05 15:45:00",84298,0.09,0.09,0.09,0.107,21.22,20.21,17.11,15.5,14.08,14.02,19.22,18.2,13.59,24.3
"2013-08-05 16:00:00",84299,0.09,0.09,0.09,0.107,20.83,20.01,17.23,15.63,14.12,14.02,19.17,18.13,13.59,23.27
"2013-08-05 16:15:00",84300,0.09,0.09,0.09,0.107,20.41,19.77,17.3,15.73,14.15,14.02,19.1,18.06,13.59,22.36
"2013-08-05 16:30:00",84301,0.09,0.09,0.09,0.107,20.03,19.52,17.32,15.81,14.16,14.02,18.98,17.96,13.58,21.64
"2013-08-05 16:45:00",84302,0.09,0.09,0.09,0.107,19.68,19.27,17.32,15.9,14.2,14.02,18.84,17.84,13.58,20.99
"2013-08-05 17:00:00",84303,0.09,0.09,0.09,0.107,19.35,19.02,17.31,15.97,14.26,14.03,18.69,17.71,13.59,20.34
"2013-08-05 17:15:00",84304,0.09,0.09,0.09,0.107,19.03,18.8,17.3,16.04,14.28,14.03,18.53,17.59,13.59,19.68
"2013-08-05 17:30:00",84305,0.09,0.09,0.09,0.107,18.74,18.58,17.24,16.09,14.32,14.03,18.38,17.46,13.59,19.1
"2013-08-05 17:45:00",84306,0.09,0.09,0.09,0.107,18.44,18.35,17.18,16.12,14.37,14.03,18.22,17.32,13.59,18.51
"2013-08-05 18:00:00",84307,0.09,0.09,0.09,0.107,18.13,18.13,17.1,16.16,14.39,14.03,18.06,17.19,13.58,17.89
"2013-08-05 18:15:00",84308,0.09,0.09,0.09,0.107,17.87,17.91,17.03,16.17,14.43,14.03,17.89,17.04,13.58,17.36
"2013-08-05 18:30:00",84309,0.09,0.09,0.09,0.107,17.61,17.68,16.96,16.2,14.46,14.02,17.73,16.9,13.59,16.89
"2013-08-05 18:45:00",84310,0.09,0.09,0.09,0.107,17.38,17.47,16.89,16.21,14.49,14.03,17.56,16.75,13.59,16.49
"2013-08-05 19:00:00",84311,0.09,0.09,0.09,0.107,17.16,17.29,16.82,16.21,14.53,14.02,17.4,16.62,13.59,16.04
"2013-08-05 19:15:00",84312,0.09,0.09,0.09,0.107,16.89,17.08,16.74,16.22,14.57,14.02,17.25,16.49,13.59,15.46
"2013-08-05 19:30:00",84313,0.09,0.09,0.09,0.107,16.66,16.88,16.66,16.21,14.58,14.01,17.1,16.34,13.59,14.85
"2013-08-05 19:45:00",84314,0.09,0.09,0.09,0.107,16.43,16.7,16.57,16.2,14.62,14.02,16.93,16.2,13.59,14.21
"2013-08-05 20:00:00",84315,0.09,0.09,0.09,0.107,16.19,16.53,16.5,16.18,14.68,14.01,16.77,16.06,13.58,13.56
"2013-08-05 20:15:00",84316,0.09,0.09,0.09,0.107,15.97,16.34,16.4,16.17,14.69,14.01,16.6,15.9,13.58,12.98
"2013-08-05 20:30:00",84317,0.09,0.09,0.09,0.107,15.72,16.15,16.32,16.14,14.72,14.01,16.43,15.75,13.59,12.44
"2013-08-05 20:45:00",84318,0.09,0.09,0.09,0.107,15.51,15.97,16.23,16.11,14.75,14.01,16.27,15.6,13.59,12.02
"2013-08-05 21:00:00",84319,0.09,0.09,0.09,0.107,15.32,15.79,16.12,16.08,14.75,14,16.1,15.46,13.58,11.56
"2013-08-05 21:15:00",84320,0.09,0.09,0.09,0.107,15.12,15.62,16.04,16.05,14.77,14.01,15.95,15.31,13.58,11.04
"2013-08-05 21:30:00",84321,0.09,0.09,0.09,0.107,14.91,15.45,15.97,16.03,14.79,14.01,15.79,15.17,13.58,10.61
"2013-08-05 21:45:00",84322,0.09,0.09,0.09,0.107,14.72,15.23,15.87,15.98,14.8,14.01,15.63,15.01,13.58,10.4
"2013-08-05 22:00:00",84323,0.09,0.09,0.09,0.107,14.55,15.09,15.76,15.95,14.82,14.02,15.48,14.87,13.59,10.27
"2013-08-05 22:15:00",84324,0.09,0.09,0.09,0.107,14.4,14.95,15.65,15.92,14.82,14.02,15.35,14.75,13.59,10.13
"2013-08-05 22:30:00",84325,0.09,0.09,0.09,0.107,14.28,14.8,15.56,15.88,14.83,14.02,15.22,14.63,13.59,10.31
"2013-08-05 22:45:00",84326,0.09,0.09,0.09,0.107,14.21,14.68,15.47,15.82,14.85,14.02,15.1,14.52,13.59,10.67
"2013-08-05 23:00:00",84327,0.09,0.09,0.09,0.107,14.14,14.59,15.36,15.79,14.84,14.01,15,14.43,13.59,11.15
"2013-08-05 23:15:00",84328,0.09,0.09,0.09,0.107,14.11,14.51,15.28,15.75,14.85,14.01,14.92,14.36,13.58,11.43
"2013-08-05 23:30:00",84329,0.09,0.09,0.09,0.107,14.04,14.44,15.21,15.7,14.85,14.02,14.85,14.31,13.58,11.66
"2013-08-05 23:45:00",84330,0.09,0.09,0.09,0.107,13.99,14.38,15.14,15.66,14.85,14.01,14.78,14.26,13.58,11.77
"2013-08-06 00:00:00",84331,0.09,0.09,0.09,0.107,13.93,14.32,15.07,15.62,14.86,14.02,14.72,14.2,13.58,11.77
"2013-08-06 00:15:00",84332,0.09,0.09,0.09,0.107,13.85,14.26,15.02,15.58,14.85,14.03,14.66,14.15,13.58,11.84
"2013-08-06 00:30:00",84333,0.09,0.09,0.09,0.107,13.81,14.2,14.94,15.51,14.85,14.04,14.59,14.1,13.58,11.96
"2013-08-06 00:45:00",84334,0.09,0.09,0.09,0.107,13.76,14.14,14.86,15.46,14.83,14.04,14.53,14.05,13.58,11.96
"2013-08-06 01:00:00",84335,0.09,0.09,0.09,0.107,13.7,14.09,14.81,15.41,14.82,14.03,14.48,14.01,13.59,11.91
"2013-08-06 01:15:00",84336,0.09,0.09,0.09,0.107,13.63,14.02,14.76,15.38,14.82,14.04,14.42,13.96,13.59,11.82
"2013-08-06 01:30:00",84337,0.09,0.09,0.09,0.107,13.56,13.95,14.7,15.32,14.81,14.05,14.36,13.91,13.59,11.66
"2013-08-06 01:45:00",84338,0.09,0.09,0.09,0.107,13.47,13.88,14.65,15.28,14.8,14.05,14.3,13.86,13.58,11.33
"2013-08-06 02:00:00",84339,0.09,0.09,0.09,0.107,13.32,13.81,14.59,15.23,14.78,14.05,14.23,13.79,13.58,10.97
"2013-08-06 02:15:00",84340,0.09,0.09,0.09,0.107,13.21,13.73,14.54,15.22,14.78,14.07,14.15,13.72,13.58,10.7
"2013-08-06 02:30:00",84341,0.09,0.09,0.09,0.107,13.12,13.63,14.48,15.17,14.77,14.07,14.07,13.64,13.58,10.45
"2013-08-06 02:45:00",84342,0.09,0.09,0.09,0.107,13.02,13.54,14.43,15.15,14.76,14.07,13.98,13.56,13.58,10.16
"2013-08-06 03:00:00",84343,0.09,0.09,0.09,0.107,12.91,13.45,14.37,15.1,14.75,14.08,13.9,13.49,13.59,9.88
"2013-08-06 03:15:00",84344,0.09,0.09,0.09,0.106,12.81,13.36,14.28,15.05,14.73,14.07,13.81,13.4,13.59,9.55
"2013-08-06 03:30:00",84345,0.09,0.09,0.09,0.107,12.69,13.27,14.22,15.03,14.73,14.08,13.73,13.32,13.59,9.32
"2013-08-06 03:45:00",84346,0.09,0.09,0.09,0.107,12.61,13.19,14.16,14.97,14.71,14.08,13.64,13.24,13.59,9.15
"2013-08-06 04:00:00",84347,0.09,0.09,0.09,0.107,12.52,13.09,14.1,14.93,14.7,14.1,13.56,13.16,13.59,8.97
"2013-08-06 04:15:00",84348,0.09,0.09,0.09,0.107,12.43,13.01,14.05,14.88,14.68,14.08,13.48,13.08,13.59,8.79
"2013-08-06 04:30:00",84349,0.09,0.09,0.09,0.107,12.33,12.93,13.97,14.86,14.67,14.09,13.4,13.01,13.59,8.57
"2013-08-06 04:45:00",84350,0.09,0.09,0.09,0.107,12.24,12.84,13.92,14.8,14.65,14.09,13.31,12.93,13.59,8.33
"2013-08-06 05:00:00",84351,0.09,0.09,0.09,0.107,12.11,12.72,13.85,14.77,14.63,14.08,13.23,12.85,13.58,8.15
"2013-08-06 05:15:00",84352,0.09,0.09,0.09,0.106,12.01,12.62,13.8,14.73,14.59,14.09,13.15,12.77,13.58,7.882
"2013-08-06 05:30:00",84353,0.09,0.09,0.09,0.106,11.91,12.55,13.74,14.68,14.58,14.1,13.07,12.69,13.58,7.618
"2013-08-06 05:45:00",84354,0.09,0.09,0.09,0.107,11.82,12.45,13.7,14.64,14.56,14.11,12.98,12.61,13.58,7.378
"2013-08-06 06:00:00",84355,0.09,0.09,0.09,0.106,11.7,12.36,13.63,14.6,14.55,14.11,12.88,12.51,13.58,7.137
