"TOA5","WTC05","CR1000","33591","CR1000.Std.19","CPU:WTCsensors_Ch5_leafT.CR1","863","Table1"
"TIMESTAMP","RECORD","VW_Avg(1)","VW_Avg(2)","VW_Avg(3)","SoilTempProbe_Avg(1)","SoilTempProbe_Avg(2)","SoilTempProbe_Avg(3)","SoilTempProbe_Avg(4)","SoilTempProbe_Avg(5)","SoilTempProbe_Avg(6)","SoilTemp_Avg(1)","SoilTemp_Avg(2)","BattV_Min","PTemp"
"TS","RN","","","","Deg C","Deg C","Deg C","Deg C","Deg C","Deg C","Deg C","Deg C","Volts",""
"","","Avg","Avg","Avg","Avg","Avg","Avg","Avg","Avg","Avg","Avg","Avg","Min","Smp"
"2013-07-31 06:15:00",84461,0.112,0.144,0.161,12.66,12.6,12.84,13.08,13.09,13.16,12.97,12.98,13.49,14.66
"2013-07-31 06:30:00",84462,0.112,0.144,0.161,12.65,12.6,12.84,13.09,13.08,13.15,12.96,12.97,13.49,14.68
"2013-07-31 06:45:00",84463,0.112,0.144,0.161,12.64,12.59,12.83,13.07,13.09,13.16,12.96,12.97,13.49,14.71
"2013-07-31 07:00:00",84464,0.112,0.144,0.161,12.62,12.6,12.83,13.07,13.08,13.16,12.95,12.96,13.49,14.71
"2013-07-31 07:15:00",84465,0.112,0.144,0.161,12.6,12.59,12.82,13.07,13.08,13.16,12.94,12.95,13.5,14.75
"2013-07-31 07:30:00",84466,0.112,0.144,0.161,12.62,12.59,12.81,13.06,13.07,13.16,12.93,12.95,13.5,14.8
"2013-07-31 07:45:00",84467,0.112,0.144,0.161,12.65,12.59,12.8,13.06,13.07,13.16,12.93,12.95,13.5,14.88
"2013-07-31 08:00:00",84468,0.112,0.144,0.161,12.69,12.59,12.79,13.05,13.07,13.17,12.93,12.95,13.5,14.97
"2013-07-31 08:15:00",84469,0.112,0.144,0.161,12.75,12.6,12.79,13.04,13.07,13.16,12.95,12.96,13.5,15.14
"2013-07-31 08:30:00",84470,0.112,0.144,0.161,12.78,12.61,12.79,13.03,13.07,13.17,12.96,12.97,13.5,15.26
"2013-07-31 08:45:00",84471,0.112,0.144,0.161,12.88,12.64,12.79,13.03,13.07,13.16,12.99,13,13.5,15.53
"2013-07-31 09:00:00",84472,0.113,0.144,0.161,13.05,12.71,12.79,13.02,13.07,13.17,13.03,13.04,13.5,15.85
"2013-07-31 09:15:00",84473,0.113,0.144,0.161,13.19,12.78,12.81,13.02,13.07,13.17,13.09,13.09,13.5,16.17
"2013-07-31 09:30:00",84474,0.112,0.144,0.161,13.35,12.88,12.82,13.02,13.07,13.17,13.15,13.16,13.5,16.46
"2013-07-31 09:45:00",84475,0.112,0.144,0.161,13.59,12.99,12.86,13.02,13.06,13.18,13.24,13.25,13.5,16.81
"2013-07-31 10:00:00",84476,0.113,0.144,0.161,13.85,13.18,12.88,13.03,13.06,13.18,13.33,13.37,13.5,17.19
"2013-07-31 10:15:00",84477,0.113,0.144,0.161,14.1,13.35,12.92,13.03,13.06,13.18,13.45,13.53,13.5,17.46
"2013-07-31 10:30:00",84478,0.113,0.144,0.161,14.22,13.48,12.98,13.04,13.06,13.18,13.58,13.66,13.5,17.79
"2013-07-31 10:45:00",84479,0.113,0.144,0.161,14.38,13.59,13.04,13.06,13.06,13.18,13.69,13.77,13.5,18.1
"2013-07-31 11:00:00",84480,0.112,0.144,0.161,14.49,13.72,13.1,13.07,13.05,13.17,13.82,13.88,13.49,18.35
"2013-07-31 11:15:00",84481,0.113,0.144,0.161,14.57,13.82,13.16,13.1,13.05,13.18,13.93,13.98,13.49,18.61
"2013-07-31 11:30:00",84482,0.112,0.144,0.161,14.62,13.89,13.24,13.12,13.05,13.17,14.02,14.06,13.49,18.69
"2013-07-31 11:45:00",84483,0.112,0.144,0.161,14.54,13.94,13.31,13.14,13.05,13.18,14.09,14.12,13.49,18.53
"2013-07-31 12:00:00",84484,0.112,0.144,0.161,14.47,13.95,13.35,13.16,13.05,13.18,14.12,14.14,13.49,18.38
"2013-07-31 12:15:00",84485,0.112,0.144,0.161,14.49,13.94,13.4,13.21,13.05,13.18,14.13,14.15,13.49,18.46
"2013-07-31 12:30:00",84486,0.112,0.144,0.161,14.7,14,13.45,13.26,13.06,13.18,14.17,14.18,13.49,18.77
"2013-07-31 12:45:00",84487,0.112,0.144,0.161,14.79,14.08,13.47,13.29,13.06,13.18,14.25,14.25,13.49,18.89
"2013-07-31 13:00:00",84488,0.112,0.144,0.161,14.72,14.11,13.52,13.32,13.06,13.18,14.31,14.31,13.49,18.84
"2013-07-31 13:15:00",84489,0.112,0.143,0.161,14.66,14.12,13.56,13.35,13.06,13.19,14.33,14.33,13.49,18.77
"2013-07-31 13:30:00",84490,0.112,0.143,0.161,14.72,14.11,13.58,13.38,13.06,13.18,14.35,14.34,13.49,18.84
"2013-07-31 13:45:00",84491,0.112,0.143,0.161,14.83,14.17,13.61,13.4,13.08,13.18,14.39,14.37,13.49,19.02
"2013-07-31 14:00:00",84492,0.112,0.143,0.161,14.85,14.22,13.64,13.42,13.09,13.18,14.44,14.42,13.49,19.02
"2013-07-31 14:15:00",84493,0.112,0.143,0.161,14.76,14.24,13.69,13.44,13.1,13.2,14.46,14.45,13.49,18.82
"2013-07-31 14:30:00",84494,0.112,0.143,0.161,14.64,14.21,13.7,13.47,13.1,13.2,14.46,14.45,13.49,18.53
"2013-07-31 14:45:00",84495,0.112,0.143,0.161,14.55,14.17,13.73,13.48,13.1,13.2,14.44,14.43,13.49,18.3
"2013-07-31 15:00:00",84496,0.112,0.143,0.161,14.47,14.12,13.73,13.5,13.11,13.2,14.41,14.41,13.49,18.1
"2013-07-31 15:15:00",84497,0.112,0.143,0.161,14.4,14.1,13.74,13.52,13.13,13.2,14.38,14.38,13.48,17.99
"2013-07-31 15:30:00",84498,0.112,0.143,0.161,14.37,14.06,13.73,13.54,13.14,13.21,14.35,14.35,13.48,17.89
"2013-07-31 15:45:00",84499,0.112,0.143,0.161,14.34,14.04,13.74,13.55,13.15,13.2,14.33,14.32,13.48,17.82
"2013-07-31 16:00:00",84500,0.112,0.143,0.161,14.29,14.01,13.75,13.57,13.16,13.2,14.3,14.31,13.48,17.69
"2013-07-31 16:15:00",84501,0.112,0.143,0.161,14.24,14,13.74,13.58,13.16,13.21,14.28,14.28,13.48,17.54
"2013-07-31 16:30:00",84502,0.112,0.143,0.161,14.17,13.97,13.74,13.59,13.18,13.21,14.25,14.26,13.48,17.41
"2013-07-31 16:45:00",84503,0.112,0.143,0.16,14.11,13.91,13.73,13.61,13.19,13.21,14.22,14.23,13.48,17.29
"2013-07-31 17:00:00",84504,0.112,0.143,0.16,14.05,13.88,13.73,13.62,13.21,13.21,14.18,14.19,13.48,17.14
"2013-07-31 17:15:00",84505,0.112,0.143,0.16,13.97,13.84,13.72,13.62,13.2,13.21,14.14,14.16,13.48,16.96
"2013-07-31 17:30:00",84506,0.112,0.143,0.16,13.86,13.78,13.71,13.63,13.21,13.21,14.1,14.12,13.49,16.66
"2013-07-31 17:45:00",84507,0.112,0.143,0.16,13.77,13.74,13.68,13.63,13.22,13.21,14.05,14.07,13.49,16.19
"2013-07-31 18:00:00",84508,0.112,0.143,0.16,13.64,13.65,13.66,13.63,13.23,13.21,13.99,14.01,13.49,15.68
"2013-07-31 18:15:00",84509,0.112,0.143,0.16,13.53,13.59,13.65,13.62,13.24,13.22,13.92,13.95,13.49,15.14
"2013-07-31 18:30:00",84510,0.112,0.143,0.16,13.4,13.5,13.62,13.62,13.24,13.21,13.85,13.87,13.49,14.52
"2013-07-31 18:45:00",84511,0.112,0.143,0.161,13.25,13.4,13.59,13.62,13.24,13.21,13.77,13.79,13.49,13.85
"2013-07-31 19:00:00",84512,0.112,0.143,0.16,13.1,13.31,13.55,13.61,13.25,13.21,13.68,13.69,13.49,13.23
"2013-07-31 19:15:00",84513,0.112,0.143,0.161,12.91,13.2,13.52,13.61,13.25,13.22,13.58,13.59,13.49,12.7
"2013-07-31 19:30:00",84514,0.112,0.143,0.161,12.77,13.07,13.47,13.58,13.27,13.21,13.48,13.48,13.5,12.26
"2013-07-31 19:45:00",84515,0.112,0.143,0.161,12.63,12.94,13.41,13.56,13.27,13.22,13.38,13.38,13.5,11.89
"2013-07-31 20:00:00",84516,0.112,0.143,0.16,12.52,12.84,13.37,13.56,13.27,13.21,13.29,13.28,13.51,11.59
"2013-07-31 20:15:00",84517,0.112,0.143,0.161,12.41,12.74,13.31,13.54,13.27,13.21,13.2,13.18,13.51,11.33
"2013-07-31 20:30:00",84518,0.112,0.143,0.161,12.28,12.65,13.25,13.53,13.28,13.21,13.11,13.09,13.51,11.02
"2013-07-31 20:45:00",84519,0.112,0.143,0.16,12.17,12.56,13.17,13.51,13.28,13.22,13.01,12.99,13.51,10.83
"2013-07-31 21:00:00",84520,0.112,0.143,0.161,12.1,12.47,13.14,13.47,13.29,13.22,12.92,12.89,13.51,10.77
"2013-07-31 21:15:00",84521,0.112,0.143,0.16,12.04,12.39,13.08,13.47,13.3,13.24,12.84,12.8,13.51,10.65
"2013-07-31 21:30:00",84522,0.112,0.143,0.161,11.93,12.32,13.03,13.45,13.29,13.24,12.76,12.73,13.51,10.58
"2013-07-31 21:45:00",84523,0.112,0.143,0.16,11.86,12.24,12.96,13.42,13.29,13.23,12.69,12.66,13.51,10.58
"2013-07-31 22:00:00",84524,0.112,0.143,0.161,11.8,12.18,12.91,13.39,13.29,13.24,12.63,12.59,13.51,10.61
"2013-07-31 22:15:00",84525,0.112,0.143,0.161,11.75,12.13,12.87,13.36,13.29,13.24,12.56,12.53,13.51,10.7
"2013-07-31 22:30:00",84526,0.112,0.143,0.161,11.74,12.08,12.82,13.33,13.29,13.24,12.51,12.47,13.52,10.81
"2013-07-31 22:45:00",84527,0.112,0.143,0.161,11.73,12.04,12.77,13.3,13.28,13.23,12.46,12.43,13.51,10.95
"2013-07-31 23:00:00",84528,0.112,0.143,0.161,11.74,12.02,12.73,13.26,13.27,13.24,12.43,12.39,13.51,11.13
"2013-07-31 23:15:00",84529,0.112,0.143,0.16,11.72,11.99,12.69,13.22,13.28,13.25,12.4,12.37,13.51,11.27
"2013-07-31 23:30:00",84530,0.112,0.143,0.161,11.7,11.98,12.64,13.18,13.27,13.25,12.37,12.35,13.51,11.38
"2013-07-31 23:45:00",84531,0.112,0.143,0.16,11.66,11.94,12.61,13.15,13.26,13.25,12.35,12.33,13.51,11.45
"2013-08-01 00:00:00",84532,0.112,0.143,0.161,11.65,11.91,12.58,13.11,13.25,13.26,12.32,12.3,13.51,11.47
"2013-08-01 00:15:00",84533,0.112,0.143,0.161,11.63,11.88,12.54,13.08,13.24,13.25,12.29,12.27,13.51,11.49
"2013-08-01 00:30:00",84534,0.112,0.143,0.161,11.6,11.88,12.52,13.07,13.24,13.24,12.27,12.25,13.51,11.45
"2013-08-01 00:45:00",84535,0.112,0.143,0.16,11.56,11.85,12.49,13.05,13.23,13.25,12.24,12.22,13.51,11.36
"2013-08-01 01:00:00",84536,0.112,0.143,0.161,11.53,11.81,12.46,13.02,13.23,13.24,12.21,12.19,13.51,11.2
"2013-08-01 01:15:00",84537,0.112,0.143,0.161,11.46,11.77,12.43,12.99,13.21,13.26,12.17,12.16,13.51,10.9
"2013-08-01 01:30:00",84538,0.112,0.143,0.161,11.38,11.73,12.41,12.97,13.2,13.26,12.12,12.11,13.51,10.58
"2013-08-01 01:45:00",84539,0.112,0.143,0.16,11.28,11.66,12.39,12.95,13.2,13.25,12.06,12.05,13.51,10.18
"2013-08-01 02:00:00",84540,0.112,0.143,0.161,11.17,11.57,12.35,12.93,13.19,13.26,12,11.97,13.5,9.82
"2013-08-01 02:15:00",84541,0.112,0.143,0.161,11.08,11.5,12.31,12.9,13.18,13.25,11.93,11.9,13.5,9.52
"2013-08-01 02:30:00",84542,0.112,0.143,0.161,10.97,11.41,12.27,12.88,13.18,13.27,11.86,11.82,13.5,9.21
"2013-08-01 02:45:00",84543,0.112,0.143,0.161,10.82,11.33,12.24,12.85,13.17,13.26,11.78,11.74,13.5,8.97
"2013-08-01 03:00:00",84544,0.112,0.143,0.16,10.74,11.27,12.2,12.82,13.15,13.27,11.7,11.66,13.5,8.7
"2013-08-01 03:15:00",84545,0.112,0.143,0.161,10.64,11.19,12.14,12.8,13.14,13.27,11.63,11.58,13.51,8.46
"2013-08-01 03:30:00",84546,0.112,0.143,0.16,10.54,11.1,12.11,12.77,13.13,13.28,11.55,11.49,13.51,8.21
"2013-08-01 03:45:00",84547,0.112,0.143,0.161,10.41,11.02,12.05,12.74,13.11,13.28,11.47,11.41,13.51,7.905
"2013-08-01 04:00:00",84548,0.112,0.143,0.161,10.3,10.93,12,12.7,13.09,13.28,11.38,11.31,13.51,7.663
"2013-08-01 04:15:00",84549,0.112,0.143,0.161,10.18,10.85,11.92,12.65,13.1,13.28,11.29,11.22,13.51,7.378
"2013-08-01 04:30:00",84550,0.112,0.143,0.161,10.07,10.74,11.86,12.62,13.09,13.29,11.2,11.13,13.51,7.114
"2013-08-01 04:45:00",84551,0.112,0.143,0.161,9.95,10.67,11.8,12.61,13.08,13.28,11.11,11.03,13.51,6.918
"2013-08-01 05:00:00",84552,0.112,0.143,0.161,9.84,10.56,11.75,12.56,13.07,13.28,11.02,10.93,13.51,6.721
"2013-08-01 05:15:00",84553,0.112,0.143,0.161,9.72,10.47,11.68,12.52,13.06,13.29,10.94,10.84,13.51,6.59
"2013-08-01 05:30:00",84554,0.112,0.143,0.161,9.65,10.39,11.63,12.5,13.04,13.29,10.85,10.76,13.51,6.461
"2013-08-01 05:45:00",84555,0.112,0.143,0.161,9.55,10.29,11.57,12.47,13.03,13.29,10.78,10.67,13.51,6.308
"2013-08-01 06:00:00",84556,0.112,0.143,0.161,9.45,10.2,11.52,12.41,13.03,13.28,10.69,10.59,13.51,6.134
"2013-08-01 06:15:00",84557,0.112,0.143,0.161,9.37,10.1,11.45,12.37,12.99,13.29,10.61,10.5,13.51,5.939
"2013-08-01 06:30:00",84558,0.112,0.143,0.161,9.26,10.03,11.39,12.33,12.99,13.29,10.53,10.41,13.51,5.788
"2013-08-01 06:45:00",84559,0.112,0.143,0.161,9.17,9.95,11.33,12.29,12.97,13.29,10.43,10.32,13.51,5.614
"2013-08-01 07:00:00",84560,0.112,0.143,0.161,9.09,9.86,11.27,12.24,12.96,13.29,10.34,10.24,13.51,5.506
"2013-08-01 07:15:00",84561,0.112,0.143,0.16,9.01,9.79,11.21,12.21,12.94,13.28,10.25,10.15,13.51,5.485
"2013-08-01 07:30:00",84562,0.112,0.143,0.161,8.97,9.71,11.15,12.16,12.92,13.28,10.18,10.07,13.51,5.506
"2013-08-01 07:45:00",84563,0.112,0.143,0.161,8.96,9.66,11.09,12.13,12.92,13.29,10.12,10.01,13.51,5.614
"2013-08-01 08:00:00",84564,0.112,0.143,0.161,9.01,9.63,11.03,12.08,12.89,13.28,10.07,9.96,13.51,5.939
"2013-08-01 08:15:00",84565,0.112,0.143,0.16,9.07,9.62,10.98,12.04,12.89,13.29,10.04,9.93,13.51,6.396
"2013-08-01 08:30:00",84566,0.112,0.143,0.161,9.13,9.64,10.94,12.01,12.87,13.29,10.06,9.93,13.51,6.94
"2013-08-01 08:45:00",84567,0.112,0.143,0.161,9.27,9.66,10.91,11.95,12.85,13.3,10.09,9.94,13.51,7.598
"2013-08-01 09:00:00",84568,0.112,0.143,0.16,9.45,9.73,10.87,11.93,12.84,13.31,10.14,9.99,13.51,8.3
"2013-08-01 09:15:00",84569,0.112,0.143,0.16,9.74,9.83,10.86,11.88,12.83,13.3,10.22,10.08,13.52,9.06
"2013-08-01 09:30:00",84570,0.112,0.143,0.16,10.17,9.99,10.86,11.84,12.79,13.3,10.32,10.21,13.52,9.91
"2013-08-01 09:45:00",84571,0.112,0.143,0.16,10.67,10.22,10.87,11.83,12.77,13.29,10.46,10.41,13.52,10.83
"2013-08-01 10:00:00",84572,0.112,0.143,0.16,11.23,10.52,10.9,11.81,12.76,13.31,10.63,10.68,13.51,11.84
"2013-08-01 10:15:00",84573,0.112,0.143,0.16,11.96,10.89,10.97,11.79,12.72,13.3,10.9,11.06,13.51,12.86
"2013-08-01 10:30:00",84574,0.112,0.143,0.16,12.65,11.3,11.05,11.76,12.72,13.28,11.3,11.43,13.51,13.82
"2013-08-01 10:45:00",84575,0.112,0.143,0.16,13.12,11.71,11.18,11.78,12.7,13.3,11.79,11.77,13.52,14.8
"2013-08-01 11:00:00",84576,0.112,0.143,0.16,13.46,12.05,11.31,11.78,12.68,13.3,12.32,12.18,13.51,15.68
"2013-08-01 11:15:00",84577,0.113,0.143,0.16,13.77,12.36,11.46,11.81,12.66,13.3,12.83,12.67,13.51,16.51
"2013-08-01 11:30:00",84578,0.113,0.143,0.16,14.61,12.72,11.62,11.86,12.65,13.3,13.27,13.1,13.51,17.19
"2013-08-01 11:45:00",84579,0.113,0.143,0.16,15.67,13.29,11.79,11.9,12.62,13.3,13.71,13.43,13.51,17.95
"2013-08-01 12:00:00",84580,0.113,0.143,0.159,16.55,13.89,12.01,11.94,12.62,13.29,14.07,13.74,13.51,18.58
"2013-08-01 12:15:00",84581,0.112,0.143,0.159,17.37,14.48,12.23,12.01,12.61,13.3,14.45,14.05,13.5,19.13
"2013-08-01 12:30:00",84582,0.112,0.143,0.159,17.78,15.02,12.48,12.09,12.6,13.29,14.87,14.38,13.49,19.57
"2013-08-01 12:45:00",84583,0.112,0.143,0.159,18.22,15.47,12.74,12.18,12.59,13.3,15.27,14.67,13.48,20.1
"2013-08-01 13:00:00",84584,0.112,0.143,0.159,18.77,15.9,13.01,12.28,12.58,13.3,15.57,14.92,13.48,20.61
"2013-08-01 13:15:00",84585,0.112,0.143,0.159,19.38,16.36,13.29,12.38,12.58,13.3,15.77,15.19,13.48,21.1
"2013-08-01 13:30:00",84586,0.112,0.143,0.159,19.89,16.77,13.56,12.51,12.58,13.3,16.04,15.41,13.47,21.53
"2013-08-01 13:45:00",84587,0.112,0.143,0.159,20.37,17.22,13.83,12.64,12.59,13.29,16.35,15.58,13.44,22.14
"2013-08-01 14:00:00",84588,0.112,0.143,0.159,20.6,17.6,14.09,12.78,12.59,13.29,16.66,15.66,13.48,23.01
"2013-08-01 14:15:00",84589,0.112,0.143,0.159,20.76,17.89,14.34,12.92,12.62,13.29,16.88,15.69,13.48,24.13
"2013-08-01 14:30:00",84590,0.112,0.143,0.158,20.53,18.08,14.6,13.06,12.63,13.28,17.01,15.68,13.49,25.58
"2013-08-01 14:45:00",84591,0.112,0.143,0.158,20.21,18.08,14.83,13.23,12.66,13.28,17.1,15.66,13.49,27.4
"2013-08-01 15:00:00",84592,0.112,0.143,0.158,19.77,18.02,15.02,13.39,12.67,13.28,17.11,15.62,13.5,29.35
"2013-08-01 15:15:00",84593,0.112,0.143,0.158,19.24,17.86,15.16,13.52,12.69,13.28,17.03,15.58,13.51,31.12
"2013-08-01 15:30:00",84594,0.112,0.143,0.158,18.79,17.66,15.25,13.64,12.72,13.29,16.9,15.55,13.52,32.12
"2013-08-01 15:45:00",84595,0.112,0.143,0.158,18.42,17.45,15.32,13.76,12.75,13.28,16.77,15.52,13.51,32.48
"2013-08-01 16:00:00",84596,0.112,0.143,0.158,18.07,17.23,15.34,13.85,12.79,13.27,16.64,15.49,13.51,31.16
"2013-08-01 16:15:00",84597,0.112,0.143,0.158,17.75,17.01,15.34,13.93,12.82,13.27,16.51,15.46,13.51,29.55
"2013-08-01 16:30:00",84598,0.112,0.143,0.158,17.44,16.82,15.34,14.02,12.86,13.27,16.38,15.43,13.51,27.28
"2013-08-01 16:45:00",84599,0.112,0.143,0.158,17.13,16.63,15.31,14.09,12.9,13.26,16.25,15.38,13.51,25.1
"2013-08-01 17:00:00",84600,0.112,0.142,0.158,16.79,16.43,15.31,14.14,12.94,13.26,16.11,15.31,13.48,23.15
"2013-08-01 17:15:00",84601,0.112,0.142,0.158,16.48,16.25,15.25,14.19,12.97,13.26,15.96,15.22,13.48,21.48
"2013-08-01 17:30:00",84602,0.112,0.142,0.158,16.19,16.04,15.21,14.22,13,13.26,15.8,15.12,13.48,20
"2013-08-01 17:45:00",84603,0.112,0.142,0.158,15.88,15.83,15.15,14.25,13.04,13.26,15.64,15.01,13.48,18.61
"2013-08-01 18:00:00",84604,0.112,0.142,0.158,15.6,15.62,15.09,14.28,13.07,13.26,15.48,14.89,13.46,17.36
"2013-08-01 18:15:00",84605,0.112,0.142,0.158,15.31,15.4,15.02,14.3,13.1,13.26,15.31,14.76,13.48,16.24
"2013-08-01 18:30:00",84606,0.111,0.142,0.158,15.03,15.19,14.95,14.3,13.13,13.26,15.14,14.62,13.47,15.36
"2013-08-01 18:45:00",84607,0.111,0.142,0.158,14.76,14.98,14.84,14.3,13.17,13.26,14.97,14.47,13.44,14.56
"2013-08-01 19:00:00",84608,0.111,0.142,0.158,14.55,14.78,14.76,14.29,13.2,13.25,14.81,14.34,13.44,13.99
"2013-08-01 19:15:00",84609,0.111,0.142,0.158,14.35,14.61,14.68,14.29,13.23,13.25,14.65,14.21,13.44,13.45
"2013-08-01 19:30:00",84610,0.111,0.142,0.158,14.14,14.43,14.59,14.28,13.26,13.25,14.51,14.08,13.46,12.91
"2013-08-01 19:45:00",84611,0.111,0.142,0.158,13.89,14.24,14.46,14.26,13.27,13.25,14.36,13.95,13.47,12.3
"2013-08-01 20:00:00",84612,0.111,0.142,0.158,13.66,14.06,14.39,14.23,13.29,13.24,14.21,13.81,13.48,11.77
"2013-08-01 20:15:00",84613,0.111,0.142,0.158,13.48,13.9,14.3,14.2,13.32,13.24,14.06,13.67,13.49,11.33
"2013-08-01 20:30:00",84614,0.111,0.142,0.158,13.32,13.75,14.2,14.16,13.33,13.23,13.91,13.54,13.49,11.06
"2013-08-01 20:45:00",84615,0.111,0.142,0.158,13.2,13.61,14.12,14.13,13.35,13.24,13.77,13.42,13.5,10.86
"2013-08-01 21:00:00",84616,0.111,0.142,0.158,13.06,13.48,14.03,14.1,13.37,13.25,13.65,13.31,13.5,10.65
"2013-08-01 21:15:00",84617,0.111,0.142,0.158,12.9,13.37,13.94,14.06,13.37,13.24,13.54,13.21,13.5,10.49
"2013-08-01 21:30:00",84618,0.111,0.142,0.158,12.78,13.24,13.85,14.03,13.39,13.25,13.43,13.11,13.5,10.34
"2013-08-01 21:45:00",84619,0.111,0.142,0.158,12.64,13.12,13.78,13.98,13.41,13.24,13.32,13.02,13.5,10.16
"2013-08-01 22:00:00",84620,0.111,0.142,0.158,12.5,12.97,13.71,13.94,13.42,13.26,13.22,12.92,13.51,9.88
"2013-08-01 22:15:00",84621,0.111,0.142,0.158,12.37,12.86,13.63,13.89,13.41,13.25,13.11,12.82,13.51,9.71
"2013-08-01 22:30:00",84622,0.111,0.142,0.158,12.27,12.74,13.55,13.86,13.42,13.24,13.01,12.73,13.51,9.57
"2013-08-01 22:45:00",84623,0.111,0.142,0.158,12.16,12.63,13.47,13.81,13.43,13.25,12.91,12.64,13.5,9.44
"2013-08-01 23:00:00",84624,0.111,0.142,0.158,12.04,12.53,13.39,13.77,13.43,13.25,12.82,12.55,13.5,9.21
"2013-08-01 23:15:00",84625,0.111,0.142,0.158,11.87,12.42,13.31,13.73,13.43,13.25,12.72,12.46,13.5,8.9
"2013-08-01 23:30:00",84626,0.111,0.142,0.158,11.71,12.31,13.22,13.68,13.43,13.23,12.61,12.35,13.5,8.61
"2013-08-01 23:45:00",84627,0.111,0.142,0.158,11.58,12.18,13.13,13.64,13.43,13.24,12.5,12.23,13.51,8.33
"2013-08-02 00:00:00",84628,0.111,0.142,0.158,11.44,12.07,13.05,13.59,13.42,13.24,12.39,12.13,13.51,8.06
"2013-08-02 00:15:00",84629,0.111,0.142,0.158,11.33,11.96,12.98,13.54,13.4,13.25,12.28,12.02,13.51,7.817
"2013-08-02 00:30:00",84630,0.111,0.142,0.158,11.21,11.86,12.9,13.5,13.41,13.24,12.17,11.91,13.51,7.575
"2013-08-02 00:45:00",84631,0.111,0.142,0.158,11.09,11.75,12.83,13.47,13.39,13.25,12.07,11.81,13.51,7.399
"2013-08-02 01:00:00",84632,0.111,0.142,0.158,10.96,11.63,12.75,13.42,13.4,13.26,11.96,11.7,13.51,7.202
"2013-08-02 01:15:00",84633,0.111,0.142,0.158,10.82,11.51,12.66,13.37,13.38,13.25,11.86,11.6,13.51,7.028
"2013-08-02 01:30:00",84634,0.111,0.142,0.158,10.69,11.41,12.58,13.32,13.37,13.26,11.76,11.5,13.51,6.744
"2013-08-02 01:45:00",84635,0.111,0.142,0.158,10.57,11.3,12.5,13.27,13.37,13.27,11.65,11.4,13.51,6.57
"2013-08-02 02:00:00",84636,0.111,0.142,0.158,10.45,11.21,12.43,13.19,13.35,13.26,11.55,11.29,13.51,6.416
"2013-08-02 02:15:00",84637,0.111,0.142,0.158,10.35,11.1,12.35,13.13,13.34,13.28,11.45,11.2,13.51,6.308
"2013-08-02 02:30:00",84638,0.111,0.142,0.158,10.25,11.01,12.27,13.08,13.33,13.28,11.35,11.1,13.51,6.222
"2013-08-02 02:45:00",84639,0.111,0.142,0.158,10.14,10.92,12.21,13.02,13.31,13.27,11.26,11.01,13.51,6.048
"2013-08-02 03:00:00",84640,0.111,0.142,0.158,10.03,10.82,12.13,12.98,13.3,13.28,11.18,10.92,13.51,5.874
"2013-08-02 03:15:00",84641,0.111,0.142,0.158,9.9,10.72,12.06,12.92,13.29,13.28,11.08,10.83,13.51,5.831
"2013-08-02 03:30:00",84642,0.111,0.142,0.158,9.83,10.63,11.97,12.89,13.27,13.29,10.98,10.73,13.51,5.939
"2013-08-02 03:45:00",84643,0.111,0.142,0.158,9.79,10.54,11.88,12.82,13.27,13.28,10.9,10.65,13.51,6.177
"2013-08-02 04:00:00",84644,0.111,0.142,0.158,9.77,10.5,11.81,12.78,13.25,13.29,10.83,10.59,13.51,6.439
"2013-08-02 04:15:00",84645,0.111,0.142,0.158,9.75,10.44,11.76,12.71,13.23,13.28,10.77,10.54,13.51,6.721
"2013-08-02 04:30:00",84646,0.111,0.142,0.158,9.73,10.43,11.69,12.65,13.21,13.29,10.72,10.5,13.51,6.983
"2013-08-02 04:45:00",84647,0.111,0.142,0.158,9.73,10.37,11.65,12.62,13.2,13.3,10.68,10.47,13.51,7.18
"2013-08-02 05:00:00",84648,0.111,0.142,0.158,9.71,10.31,11.59,12.56,13.19,13.29,10.64,10.44,13.51,7.29
"2013-08-02 05:15:00",84649,0.111,0.142,0.158,9.69,10.28,11.55,12.51,13.16,13.31,10.6,10.41,13.51,7.333
"2013-08-02 05:30:00",84650,0.111,0.142,0.158,9.65,10.23,11.5,12.46,13.13,13.3,10.57,10.38,13.51,7.311
"2013-08-02 05:45:00",84651,0.111,0.142,0.158,9.6,10.2,11.45,12.43,13.11,13.3,10.53,10.34,13.51,7.245
"2013-08-02 06:00:00",84652,0.111,0.142,0.158,9.57,10.16,11.41,12.39,13.1,13.3,10.49,10.3,13.51,7.159
"2013-08-02 06:15:00",84653,0.111,0.142,0.158,9.52,10.11,11.37,12.33,13.08,13.31,10.45,10.27,13.51,7.049
"2013-08-02 06:30:00",84654,0.111,0.142,0.158,9.48,10.08,11.32,12.3,13.06,13.31,10.41,10.23,13.51,6.94
"2013-08-02 06:45:00",84655,0.111,0.142,0.158,9.41,10.02,11.28,12.26,13.05,13.31,10.37,10.19,13.51,6.832
"2013-08-02 07:00:00",84656,0.111,0.142,0.158,9.36,9.97,11.24,12.22,13.02,13.3,10.34,10.15,13.51,6.787
"2013-08-02 07:15:00",84657,0.111,0.142,0.158,9.31,9.93,11.2,12.19,13,13.3,10.32,10.1,13.51,6.787
"2013-08-02 07:30:00",84658,0.111,0.142,0.158,9.25,9.87,11.15,12.15,12.98,13.31,10.29,10.06,13.51,6.852
"2013-08-02 07:45:00",84659,0.111,0.142,0.158,9.26,9.85,11.1,12.12,12.95,13.3,10.27,10.03,13.51,7.071
"2013-08-02 08:00:00",84660,0.111,0.142,0.158,9.33,9.84,11.07,12.07,12.94,13.31,10.25,10.01,13.51,7.378
"2013-08-02 08:15:00",84661,0.111,0.142,0.158,9.39,9.84,11.03,12.04,12.92,13.31,10.25,10,13.51,7.751
"2013-08-02 08:30:00",84662,0.111,0.142,0.158,9.48,9.86,11,12.01,12.91,13.3,10.27,10.02,13.51,8.19
"2013-08-02 08:45:00",84663,0.111,0.142,0.158,9.58,9.88,10.98,11.96,12.88,13.31,10.3,10.06,13.51,8.59
"2013-08-02 09:00:00",84664,0.111,0.142,0.158,9.69,9.94,10.97,11.95,12.85,13.32,10.36,10.1,13.51,9.06
"2013-08-02 09:15:00",84665,0.111,0.142,0.158,9.9,10.01,10.95,11.9,12.84,13.31,10.43,10.16,13.51,9.64
"2013-08-02 09:30:00",84666,0.111,0.142,0.158,10.1,10.11,10.94,11.88,12.82,13.32,10.53,10.25,13.52,10.22
"2013-08-02 09:45:00",84667,0.111,0.142,0.158,10.32,10.23,10.97,11.86,12.8,13.32,10.64,10.35,13.52,10.9
"2013-08-02 10:00:00",84668,0.111,0.142,0.158,10.78,10.4,10.98,11.84,12.79,13.32,10.77,10.47,13.51,11.96
"2013-08-02 10:15:00",84669,0.111,0.142,0.158,11.61,10.71,11,11.82,12.76,13.32,11,10.66,13.51,13.02
"2013-08-02 10:30:00",84670,0.111,0.142,0.158,12.39,11.14,11.07,11.8,12.74,13.32,11.37,10.92,13.51,13.66
"2013-08-02 10:45:00",84671,0.111,0.142,0.158,12.54,11.49,11.16,11.79,12.72,13.31,11.76,11.18,13.51,14.09
"2013-08-02 11:00:00",84672,0.111,0.142,0.158,12.73,11.74,11.28,11.8,12.7,13.32,12.07,11.41,13.51,14.61
"2013-08-02 11:15:00",84673,0.111,0.142,0.158,12.9,11.94,11.4,11.82,12.69,13.31,12.35,11.64,13.51,14.95
"2013-08-02 11:30:00",84674,0.111,0.142,0.158,13.6,12.18,11.52,11.85,12.66,13.31,12.58,11.87,13.51,15.7
"2013-08-02 11:45:00",84675,0.111,0.142,0.158,14.6,12.62,11.63,11.89,12.65,13.32,12.89,12.16,13.51,16.54
"2013-08-02 12:00:00",84676,0.111,0.142,0.157,15.47,13.18,11.78,11.92,12.64,13.31,13.21,12.49,13.51,17.29
"2013-08-02 12:15:00",84677,0.111,0.142,0.157,16.36,13.75,11.98,11.97,12.62,13.32,13.58,12.86,13.51,18.25
"2013-08-02 12:30:00",84678,0.111,0.142,0.157,16.88,14.28,12.21,12.03,12.62,13.32,14.02,13.27,13.51,19.05
"2013-08-02 12:45:00",84679,0.111,0.142,0.157,17.44,14.78,12.43,12.09,12.61,13.32,14.48,13.65,13.5,19.86
"2013-08-02 13:00:00",84680,0.111,0.142,0.157,18.12,15.25,12.67,12.17,12.6,13.33,14.84,14,13.5,20.61
"2013-08-02 13:15:00",84681,0.111,0.142,0.157,18.81,15.78,12.93,12.26,12.59,13.33,15.11,14.35,13.49,21.18
"2013-08-02 13:30:00",84682,0.111,0.142,0.157,19.52,16.29,13.19,12.37,12.59,13.33,15.44,14.67,13.49,21.81
"2013-08-02 13:45:00",84683,0.111,0.142,0.157,20.15,16.8,13.49,12.48,12.58,13.34,15.82,14.92,13.48,22.42
"2013-08-02 14:00:00",84684,0.111,0.142,0.157,20.51,17.28,13.76,12.6,12.59,13.33,16.18,15.08,13.44,23.18
"2013-08-02 14:15:00",84685,0.111,0.142,0.157,20.77,17.67,14.05,12.73,12.6,13.32,16.47,15.19,13.44,24.28
"2013-08-02 14:30:00",84686,0.111,0.141,0.157,20.6,17.93,14.3,12.88,12.62,13.32,16.65,15.25,13.49,25.61
"2013-08-02 14:45:00",84687,0.111,0.142,0.156,20.27,17.99,14.56,13.02,12.62,13.31,16.78,15.29,13.5,25.52
"2013-08-02 15:00:00",84688,0.111,0.141,0.156,19.66,17.9,14.78,13.18,12.65,13.31,16.81,15.3,13.5,25.67
"2013-08-02 15:15:00",84689,0.111,0.141,0.156,19.22,17.73,14.95,13.35,12.66,13.31,16.73,15.29,13.5,26.72
"2013-08-02 15:30:00",84690,0.111,0.141,0.156,18.88,17.56,15.06,13.48,12.68,13.3,16.65,15.3,13.5,28.1
"2013-08-02 15:45:00",84691,0.111,0.141,0.156,18.62,17.41,15.13,13.59,12.71,13.29,16.57,15.33,13.51,29.32
"2013-08-02 16:00:00",84692,0.111,0.142,0.156,18.4,17.28,15.19,13.69,12.75,13.29,16.51,15.37,13.51,28.66
"2013-08-02 16:15:00",84693,0.111,0.141,0.156,18.14,17.11,15.21,13.79,12.78,13.28,16.45,15.42,13.51,27.63
"2013-08-02 16:30:00",84694,0.111,0.141,0.156,17.82,16.96,15.22,13.87,12.82,13.28,16.39,15.44,13.5,26.19
"2013-08-02 16:45:00",84695,0.11,0.141,0.156,17.53,16.81,15.22,13.93,12.85,13.28,16.3,15.43,13.5,24.72
"2013-08-02 17:00:00",84696,0.11,0.141,0.156,17.2,16.63,15.23,14.02,12.89,13.29,16.18,15.39,13.5,23.29
"2013-08-02 17:15:00",84697,0.11,0.141,0.156,16.85,16.44,15.21,14.07,12.92,13.28,16.06,15.32,13.5,22.08
"2013-08-02 17:30:00",84698,0.11,0.141,0.156,16.55,16.26,15.18,14.12,12.95,13.28,15.91,15.24,13.49,20.93
"2013-08-02 17:45:00",84699,0.11,0.141,0.156,16.26,16.05,15.15,14.15,12.99,13.28,15.76,15.14,13.49,20
"2013-08-02 18:00:00",84700,0.11,0.141,0.156,15.96,15.85,15.1,14.19,13.02,13.29,15.6,15.03,13.5,19.15
"2013-08-02 18:15:00",84701,0.11,0.141,0.156,15.72,15.63,15.04,14.22,13.05,13.28,15.45,14.91,13.49,18.35
"2013-08-02 18:30:00",84702,0.11,0.141,0.156,15.49,15.44,14.98,14.23,13.07,13.28,15.29,14.8,13.49,17.84
"2013-08-02 18:45:00",84703,0.11,0.141,0.156,15.31,15.28,14.9,14.24,13.1,13.28,15.14,14.69,13.49,17.54
"2013-08-02 19:00:00",84704,0.11,0.141,0.156,15.15,15.13,14.83,14.24,13.14,13.28,15.01,14.59,13.49,17.24
"2013-08-02 19:15:00",84705,0.11,0.141,0.156,14.95,14.97,14.75,14.25,13.17,13.27,14.89,14.5,13.48,16.76
"2013-08-02 19:30:00",84706,0.11,0.141,0.156,14.75,14.83,14.69,14.24,13.2,13.27,14.77,14.41,13.47,16.22
"2013-08-02 19:45:00",84707,0.11,0.141,0.156,14.58,14.68,14.61,14.23,13.23,13.27,14.65,14.31,13.45,15.73
"2013-08-02 20:00:00",84708,0.11,0.141,0.156,14.42,14.56,14.53,14.21,13.24,13.27,14.53,14.22,13.44,15.21
"2013-08-02 20:15:00",84709,0.11,0.141,0.156,14.26,14.39,14.45,14.19,13.26,13.26,14.43,14.13,13.43,14.68
"2013-08-02 20:30:00",84710,0.11,0.141,0.156,14.07,14.25,14.38,14.19,13.28,13.26,14.31,14.04,13.42,14.16
"2013-08-02 20:45:00",84711,0.11,0.141,0.156,13.88,14.12,14.32,14.17,13.31,13.26,14.2,13.93,13.42,13.68
"2013-08-02 21:00:00",84712,0.11,0.141,0.156,13.73,13.99,14.24,14.14,13.32,13.26,14.08,13.83,13.42,13.3
"2013-08-02 21:15:00",84713,0.11,0.141,0.156,13.62,13.89,14.17,14.12,13.34,13.26,13.97,13.73,13.43,13.07
"2013-08-02 21:30:00",84714,0.11,0.141,0.155,13.51,13.76,14.1,14.08,13.34,13.26,13.87,13.64,13.43,12.77
"2013-08-02 21:45:00",84715,0.11,0.141,0.156,13.35,13.66,14.03,14.05,13.36,13.25,13.78,13.55,13.43,12.35
"2013-08-02 22:00:00",84716,0.11,0.141,0.156,13.21,13.53,13.96,14.03,13.36,13.26,13.67,13.45,13.46,12.05
"2013-08-02 22:15:00",84717,0.11,0.141,0.155,13.1,13.42,13.88,13.99,13.37,13.25,13.56,13.35,13.48,11.93
"2013-08-02 22:30:00",84718,0.11,0.141,0.156,12.98,13.33,13.83,13.95,13.38,13.26,13.47,13.26,13.48,11.73
"2013-08-02 22:45:00",84719,0.11,0.141,0.156,12.85,13.22,13.75,13.92,13.39,13.25,13.37,13.18,13.48,11.54
"2013-08-02 23:00:00",84720,0.11,0.141,0.156,12.75,13.11,13.69,13.9,13.4,13.26,13.28,13.1,13.49,11.56
"2013-08-02 23:15:00",84721,0.11,0.141,0.156,12.68,13,13.63,13.86,13.4,13.26,13.2,13.02,13.49,11.66
"2013-08-02 23:30:00",84722,0.11,0.141,0.156,12.59,12.91,13.56,13.82,13.41,13.25,13.12,12.95,13.49,11.73
"2013-08-02 23:45:00",84723,0.11,0.141,0.156,12.52,12.84,13.5,13.79,13.41,13.25,13.05,12.89,13.49,11.66
"2013-08-03 00:00:00",84724,0.11,0.141,0.156,12.43,12.76,13.43,13.75,13.41,13.26,12.97,12.82,13.49,11.63
"2013-08-03 00:15:00",84725,0.11,0.141,0.156,12.34,12.68,13.37,13.71,13.4,13.26,12.91,12.76,13.49,11.59
"2013-08-03 00:30:00",84726,0.11,0.141,0.156,12.28,12.61,13.31,13.67,13.39,13.26,12.84,12.7,13.49,11.52
"2013-08-03 00:45:00",84727,0.11,0.141,0.156,12.22,12.55,13.25,13.65,13.41,13.26,12.77,12.64,13.49,11.45
"2013-08-03 01:00:00",84728,0.11,0.141,0.156,12.13,12.47,13.16,13.61,13.4,13.27,12.7,12.58,13.49,11.31
"2013-08-03 01:15:00",84729,0.11,0.141,0.156,12.05,12.4,13.13,13.56,13.41,13.27,12.64,12.51,13.49,11.11
"2013-08-03 01:30:00",84730,0.11,0.141,0.156,11.95,12.33,13.07,13.53,13.4,13.27,12.57,12.45,13.49,10.79
"2013-08-03 01:45:00",84731,0.11,0.141,0.156,11.82,12.25,13.02,13.5,13.4,13.26,12.5,12.37,13.5,10.4
"2013-08-03 02:00:00",84732,0.11,0.141,0.156,11.72,12.17,12.96,13.47,13.39,13.27,12.42,12.3,13.5,10.16
"2013-08-03 02:15:00",84733,0.11,0.141,0.156,11.62,12.09,12.9,13.45,13.37,13.27,12.34,12.22,13.5,9.84
"2013-08-03 02:30:00",84734,0.11,0.141,0.156,11.49,12,12.84,13.41,13.37,13.28,12.26,12.14,13.5,9.46
"2013-08-03 02:45:00",84735,0.11,0.141,0.156,11.38,11.9,12.79,13.37,13.37,13.27,12.17,12.05,13.5,9.21
"2013-08-03 03:00:00",84736,0.11,0.141,0.156,11.3,11.82,12.74,13.33,13.35,13.28,12.09,11.96,13.5,9.08
"2013-08-03 03:15:00",84737,0.11,0.141,0.156,11.26,11.75,12.66,13.29,13.34,13.27,12.01,11.88,13.5,9.1
"2013-08-03 03:30:00",84738,0.11,0.141,0.156,11.2,11.67,12.6,13.26,13.33,13.28,11.94,11.81,13.5,9.17
"2013-08-03 03:45:00",84739,0.11,0.141,0.156,11.16,11.6,12.54,13.19,13.33,13.28,11.88,11.76,13.5,9.19
"2013-08-03 04:00:00",84740,0.11,0.141,0.156,11.1,11.55,12.5,13.15,13.31,13.28,11.83,11.7,13.5,9.17
"2013-08-03 04:15:00",84741,0.11,0.141,0.156,11.04,11.49,12.43,13.11,13.31,13.28,11.77,11.65,13.5,9.08
"2013-08-03 04:30:00",84742,0.11,0.141,0.156,10.95,11.42,12.39,13.06,13.29,13.28,11.71,11.59,13.5,8.88
"2013-08-03 04:45:00",84743,0.11,0.141,0.156,10.83,11.36,12.33,13.03,13.29,13.28,11.65,11.53,13.5,8.72
"2013-08-03 05:00:00",84744,0.11,0.141,0.156,10.79,11.29,12.28,13,13.27,13.29,11.58,11.46,13.51,8.61
"2013-08-03 05:15:00",84745,0.11,0.141,0.156,10.72,11.23,12.25,12.95,13.27,13.29,11.52,11.41,13.51,8.5
"2013-08-03 05:30:00",84746,0.11,0.141,0.156,10.65,11.17,12.2,12.91,13.24,13.29,11.46,11.35,13.51,8.28
"2013-08-03 05:45:00",84747,0.11,0.141,0.156,10.56,11.11,12.14,12.89,13.24,13.29,11.4,11.29,13.51,8.08
"2013-08-03 06:00:00",84748,0.11,0.141,0.156,10.46,11.04,12.11,12.84,13.22,13.29,11.33,11.22,13.5,7.905
"2013-08-03 06:15:00",84749,0.11,0.141,0.156,10.4,10.97,12.04,12.81,13.2,13.29,11.27,11.15,13.5,7.706
"2013-08-03 06:30:00",84750,0.11,0.141,0.156,10.3,10.9,11.98,12.77,13.19,13.3,11.2,11.08,13.5,7.421
"2013-08-03 06:45:00",84751,0.11,0.141,0.156,10.18,10.82,11.91,12.74,13.19,13.3,11.13,11.01,13.5,7.114
"2013-08-03 07:00:00",84752,0.11,0.141,0.156,10.08,10.73,11.86,12.68,13.18,13.31,11.05,10.92,13.5,6.832
"2013-08-03 07:15:00",84753,0.11,0.141,0.156,9.98,10.66,11.8,12.63,13.16,13.31,10.97,10.84,13.51,6.482
"2013-08-03 07:30:00",84754,0.11,0.141,0.156,9.86,10.56,11.75,12.6,13.13,13.3,10.89,10.76,13.51,6.265
"2013-08-03 07:45:00",84755,0.11,0.14,0.156,9.79,10.48,11.69,12.57,13.11,13.3,10.81,10.68,13.5,6.351
"2013-08-03 08:00:00",84756,0.11,0.14,0.156,9.87,10.43,11.63,12.53,13.1,13.31,10.75,10.61,13.51,6.918
"2013-08-03 08:15:00",84757,0.11,0.14,0.156,10.03,10.44,11.58,12.5,13.09,13.32,10.73,10.59,13.51,7.993
"2013-08-03 08:30:00",84758,0.11,0.14,0.156,10.28,10.49,11.55,12.46,13.08,13.32,10.76,10.61,13.51,9.41
"2013-08-03 08:45:00",84759,0.11,0.14,0.156,10.56,10.6,11.52,12.42,13.07,13.32,10.84,10.68,13.5,10.63
"2013-08-03 09:00:00",84760,0.11,0.14,0.156,10.83,10.75,11.51,12.38,13.05,13.33,10.95,10.79,13.5,11.68
"2013-08-03 09:15:00",84761,0.11,0.14,0.155,11.16,10.91,11.51,12.33,13.04,13.32,11.06,10.92,13.51,12.77
"2013-08-03 09:30:00",84762,0.11,0.14,0.155,11.7,11.12,11.52,12.31,13.01,13.32,11.19,11.08,13.51,13.92
"2013-08-03 09:45:00",84763,0.11,0.14,0.155,12.23,11.41,11.57,12.3,13,13.32,11.36,11.27,13.51,14.8
"2013-08-03 10:00:00",84764,0.11,0.14,0.155,12.66,11.72,11.63,12.27,12.99,13.32,11.55,11.48,13.5,15.58
"2013-08-03 10:15:00",84765,0.11,0.14,0.155,13.32,12.06,11.71,12.26,12.97,13.31,11.79,11.73,13.5,16.29
"2013-08-03 10:30:00",84766,0.11,0.14,0.155,13.94,12.43,11.82,12.27,12.95,13.31,12.15,11.99,13.51,16.96
"2013-08-03 10:45:00",84767,0.11,0.14,0.155,14.33,12.8,11.96,12.28,12.94,13.31,12.59,12.24,13.51,17.54
"2013-08-03 11:00:00",84768,0.11,0.14,0.155,14.56,13.14,12.12,12.3,12.93,13.32,13.06,12.52,13.51,17.99
"2013-08-03 11:15:00",84769,0.11,0.14,0.155,14.88,13.41,12.26,12.34,12.91,13.32,13.51,12.86,13.51,18.46
"2013-08-03 11:30:00",84770,0.11,0.14,0.155,15.85,13.78,12.4,12.39,12.9,13.32,13.94,13.24,13.5,18.92
"2013-08-03 11:45:00",84771,0.11,0.14,0.155,17.01,14.35,12.57,12.44,12.88,13.32,14.37,13.62,13.5,19.36
"2013-08-03 12:00:00",84772,0.11,0.14,0.155,17.88,15.01,12.78,12.5,12.87,13.32,14.72,13.99,13.5,19.78
"2013-08-03 12:15:00",84773,0.109,0.14,0.154,18.59,15.59,13.02,12.56,12.87,13.32,15.07,14.36,13.5,20.15
"2013-08-03 12:30:00",84774,0.11,0.14,0.154,18.9,16.1,13.29,12.64,12.86,13.33,15.45,14.73,13.49,20.42
"2013-08-03 12:45:00",84775,0.109,0.14,0.154,19.22,16.47,13.56,12.74,12.85,13.32,15.81,15.04,13.49,20.66
"2013-08-03 13:00:00",84776,0.109,0.14,0.154,19.83,16.83,13.8,12.85,12.85,13.34,16.06,15.32,13.49,21.1
"2013-08-03 13:15:00",84777,0.109,0.14,0.154,20.48,17.3,14.05,12.97,12.86,13.33,16.24,15.62,13.48,21.53
"2013-08-03 13:30:00",84778,0.109,0.14,0.154,20.98,17.75,14.29,13.09,12.86,13.33,16.51,15.9,13.47,21.81
"2013-08-03 13:45:00",84779,0.109,0.14,0.154,21.52,18.18,14.55,13.24,12.87,13.34,16.84,16.1,13.44,22.31
"2013-08-03 14:00:00",84780,0.109,0.14,0.154,21.79,18.55,14.84,13.38,12.88,13.33,17.16,16.19,13.47,22.87
"2013-08-03 14:15:00",84781,0.109,0.14,0.154,21.95,18.87,15.1,13.5,12.9,13.33,17.41,16.24,13.48,23.55
"2013-08-03 14:30:00",84782,0.109,0.14,0.154,21.67,19.05,15.34,13.64,12.91,13.33,17.56,16.24,13.49,24.36
"2013-08-03 14:45:00",84783,0.109,0.14,0.154,21.39,19.06,15.57,13.79,12.93,13.33,17.64,16.22,13.5,25.46
"2013-08-03 15:00:00",84784,0.109,0.14,0.153,20.9,18.99,15.76,13.92,12.96,13.33,17.64,16.17,13.5,26.74
"2013-08-03 15:15:00",84785,0.109,0.14,0.153,20.37,18.84,15.93,14.06,12.99,13.33,17.54,16.14,13.5,27.53
"2013-08-03 15:30:00",84786,0.109,0.14,0.153,19.86,18.61,16.02,14.19,13.02,13.32,17.41,16.11,13.5,28.36
"2013-08-03 15:45:00",84787,0.109,0.14,0.153,19.45,18.37,16.07,14.31,13.05,13.32,17.27,16.08,13.5,28.89
"2013-08-03 16:00:00",84788,0.109,0.14,0.153,19.04,18.14,16.09,14.41,13.08,13.32,17.14,16.05,13.5,27.85
"2013-08-03 16:15:00",84789,0.109,0.14,0.153,18.68,17.93,16.11,14.51,13.11,13.32,17.01,16.02,13.5,26.44
"2013-08-03 16:30:00",84790,0.109,0.14,0.153,18.3,17.72,16.09,14.58,13.15,13.32,16.88,15.98,13.5,24.57
"2013-08-03 16:45:00",84791,0.109,0.139,0.153,17.92,17.48,16.07,14.66,13.2,13.31,16.74,15.92,13.5,22.81
"2013-08-03 17:00:00",84792,0.109,0.139,0.153,17.54,17.23,16.02,14.72,13.23,13.32,16.58,15.83,13.5,21.23
"2013-08-03 17:15:00",84793,0.109,0.139,0.153,17.18,16.95,15.98,14.75,13.26,13.31,16.41,15.72,13.49,19.97
"2013-08-03 17:30:00",84794,0.109,0.139,0.153,16.82,16.71,15.91,14.79,13.31,13.3,16.24,15.6,13.5,18.92
"2013-08-03 17:45:00",84795,0.109,0.139,0.153,16.53,16.49,15.83,14.82,13.35,13.3,16.06,15.46,13.49,18.07
"2013-08-03 18:00:00",84796,0.108,0.139,0.153,16.25,16.28,15.72,14.84,13.38,13.31,15.88,15.34,13.49,17.36
"2013-08-03 18:15:00",84797,0.108,0.139,0.153,15.96,16.08,15.63,14.84,13.42,13.31,15.71,15.2,13.49,16.76
"2013-08-03 18:30:00",84798,0.108,0.139,0.153,15.73,15.87,15.54,14.84,13.45,13.31,15.54,15.08,13.49,16.27
"2013-08-03 18:45:00",84799,0.108,0.139,0.153,15.51,15.66,15.46,14.84,13.48,13.31,15.39,14.95,13.45,15.82
"2013-08-03 19:00:00",84800,0.108,0.139,0.153,15.31,15.47,15.37,14.82,13.51,13.31,15.23,14.83,13.45,15.55
"2013-08-03 19:15:00",84801,0.108,0.139,0.153,15.13,15.3,15.26,14.81,13.54,13.3,15.09,14.72,13.45,15.29
"2013-08-03 19:30:00",84802,0.108,0.139,0.153,14.91,15.14,15.18,14.79,13.57,13.3,14.96,14.62,13.44,14.92
"2013-08-03 19:45:00",84803,0.108,0.139,0.153,14.74,14.98,15.09,14.77,13.61,13.3,14.83,14.52,13.43,14.78
"2013-08-03 20:00:00",84804,0.108,0.139,0.153,14.61,14.83,15,14.73,13.64,13.3,14.71,14.42,13.43,14.61
"2013-08-03 20:15:00",84805,0.108,0.139,0.153,14.46,14.7,14.92,14.7,13.66,13.3,14.6,14.33,13.42,14.32
"2013-08-03 20:30:00",84806,0.108,0.139,0.153,14.3,14.58,14.81,14.67,13.66,13.31,14.48,14.24,13.44,14.04
"2013-08-03 20:45:00",84807,0.108,0.139,0.153,14.16,14.43,14.74,14.65,13.68,13.3,14.37,14.15,13.44,13.68
"2013-08-03 21:00:00",84808,0.108,0.139,0.153,13.98,14.28,14.66,14.59,13.71,13.31,14.26,14.05,13.44,13.4
"2013-08-03 21:15:00",84809,0.108,0.139,0.153,13.82,14.15,14.58,14.56,13.72,13.3,14.15,13.95,13.42,13.09
"2013-08-03 21:30:00",84810,0.108,0.139,0.153,13.68,14.03,14.46,14.51,13.72,13.3,14.04,13.86,13.41,12.79
"2013-08-03 21:45:00",84811,0.108,0.139,0.153,13.54,13.92,14.4,14.48,13.73,13.31,13.93,13.76,13.42,12.44
"2013-08-03 22:00:00",84812,0.108,0.139,0.153,13.41,13.8,14.31,14.44,13.74,13.31,13.82,13.66,13.47,12.12
"2013-08-03 22:15:00",84813,0.108,0.139,0.153,13.27,13.69,14.24,14.41,13.74,13.31,13.72,13.57,13.47,11.73
"2013-08-03 22:30:00",84814,0.108,0.139,0.153,13.13,13.56,14.16,14.37,13.74,13.31,13.62,13.47,13.47,11.49
"2013-08-03 22:45:00",84815,0.108,0.139,0.153,13.04,13.45,14.08,14.31,13.74,13.31,13.52,13.38,13.47,11.36
"2013-08-03 23:00:00",84816,0.108,0.139,0.153,12.9,13.34,14.01,14.28,13.76,13.31,13.43,13.29,13.48,11.22
"2013-08-03 23:15:00",84817,0.108,0.139,0.153,12.82,13.25,13.93,14.24,13.76,13.32,13.34,13.21,13.48,11.18
"2013-08-03 23:30:00",84818,0.108,0.139,0.153,12.72,13.17,13.86,14.19,13.75,13.31,13.26,13.13,13.49,11.08
"2013-08-03 23:45:00",84819,0.108,0.139,0.153,12.64,13.05,13.8,14.15,13.75,13.31,13.18,13.05,13.48,11.13
"2013-08-04 00:00:00",84820,0.108,0.139,0.153,12.58,12.97,13.73,14.1,13.75,13.32,13.11,12.99,13.49,11.22
"2013-08-04 00:15:00",84821,0.108,0.139,0.153,12.53,12.9,13.66,14.05,13.74,13.31,13.05,12.93,13.49,11.38
"2013-08-04 00:30:00",84822,0.108,0.139,0.153,12.49,12.85,13.6,14.02,13.74,13.32,13,12.88,13.49,11.47
"2013-08-04 00:45:00",84823,0.108,0.139,0.153,12.44,12.78,13.55,13.97,13.74,13.32,12.94,12.84,13.48,11.52
"2013-08-04 01:00:00",84824,0.108,0.139,0.153,12.4,12.71,13.49,13.92,13.74,13.31,12.9,12.8,13.48,11.59
"2013-08-04 01:15:00",84825,0.108,0.139,0.153,12.37,12.68,13.43,13.89,13.73,13.32,12.85,12.75,13.48,11.68
"2013-08-04 01:30:00",84826,0.108,0.139,0.153,12.31,12.62,13.38,13.84,13.71,13.32,12.81,12.72,13.48,11.66
"2013-08-04 01:45:00",84827,0.108,0.138,0.153,12.25,12.58,13.33,13.81,13.7,13.33,12.77,12.68,13.48,11.54
"2013-08-04 02:00:00",84828,0.108,0.139,0.153,12.19,12.52,13.29,13.77,13.7,13.33,12.72,12.64,13.48,11.38
"2013-08-04 02:15:00",84829,0.108,0.138,0.153,12.12,12.46,13.21,13.74,13.69,13.34,12.67,12.59,13.48,11.31
"2013-08-04 02:30:00",84830,0.108,0.138,0.153,12.09,12.41,13.17,13.7,13.68,13.34,12.62,12.54,13.48,11.33
"2013-08-04 02:45:00",84831,0.108,0.138,0.153,12.08,12.36,13.12,13.66,13.67,13.35,12.57,12.5,13.48,11.59
"2013-08-04 03:00:00",84832,0.108,0.138,0.153,12.1,12.33,13.07,13.62,13.66,13.34,12.54,12.47,13.48,12.07
"2013-08-04 03:15:00",84833,0.108,0.138,0.153,12.13,12.33,13.03,13.59,13.65,13.34,12.53,12.46,13.48,12.53
"2013-08-04 03:30:00",84834,0.108,0.138,0.153,12.15,12.34,13,13.56,13.64,13.35,12.52,12.47,13.48,12.84
"2013-08-04 03:45:00",84835,0.108,0.138,0.153,12.17,12.32,12.97,13.52,13.63,13.34,12.52,12.48,13.48,12.98
"2013-08-04 04:00:00",84836,0.108,0.138,0.153,12.17,12.32,12.94,13.49,13.6,13.35,12.51,12.49,13.49,13.07
"2013-08-04 04:15:00",84837,0.108,0.138,0.153,12.15,12.32,12.92,13.47,13.58,13.35,12.51,12.48,13.48,13.07
"2013-08-04 04:30:00",84838,0.108,0.138,0.153,12.13,12.3,12.89,13.46,13.57,13.35,12.5,12.48,13.48,12.91
"2013-08-04 04:45:00",84839,0.108,0.138,0.153,12.06,12.25,12.88,13.43,13.54,13.36,12.48,12.47,13.49,12.58
"2013-08-04 05:00:00",84840,0.108,0.138,0.153,12,12.22,12.86,13.4,13.54,13.35,12.45,12.44,13.48,12.3
"2013-08-04 05:15:00",84841,0.108,0.138,0.153,11.92,12.18,12.82,13.37,13.51,13.35,12.42,12.4,13.48,12.02
"2013-08-04 05:30:00",84842,0.108,0.138,0.153,11.84,12.13,12.79,13.34,13.5,13.35,12.37,12.36,13.48,11.68
"2013-08-04 05:45:00",84843,0.108,0.138,0.153,11.75,12.09,12.76,13.32,13.5,13.34,12.33,12.31,13.48,11.27
"2013-08-04 06:00:00",84844,0.108,0.138,0.153,11.65,12.01,12.73,13.3,13.49,13.35,12.28,12.26,13.48,10.86
"2013-08-04 06:15:00",84845,0.108,0.138,0.153,11.56,11.96,12.69,13.29,13.47,13.34,12.21,12.19,13.49,10.52
"2013-08-04 06:30:00",84846,0.108,0.138,0.153,11.48,11.88,12.65,13.26,13.46,13.35,12.14,12.12,13.49,10.22
"2013-08-04 06:45:00",84847,0.108,0.138,0.153,11.41,11.83,12.6,13.22,13.45,13.36,12.08,12.05,13.49,10.09
"2013-08-04 07:00:00",84848,0.108,0.138,0.153,11.38,11.77,12.57,13.18,13.44,13.36,12.02,11.99,13.5,10.18
"2013-08-04 07:15:00",84849,0.108,0.138,0.153,11.38,11.74,12.52,13.16,13.44,13.37,11.98,11.94,13.5,10.43
"2013-08-04 07:30:00",84850,0.108,0.138,0.153,11.4,11.7,12.49,13.12,13.43,13.37,11.94,11.92,13.5,10.63
"2013-08-04 07:45:00",84851,0.108,0.138,0.153,11.41,11.67,12.44,13.09,13.4,13.37,11.93,11.9,13.5,10.81
"2013-08-04 08:00:00",84852,0.108,0.138,0.153,11.45,11.67,12.42,13.07,13.4,13.37,11.91,11.89,13.5,11.22
"2013-08-04 08:15:00",84853,0.108,0.138,0.153,11.58,11.69,12.4,13.04,13.38,13.37,11.92,11.89,13.5,11.91
"2013-08-04 08:30:00",84854,0.108,0.138,0.153,11.74,11.77,12.37,13,13.37,13.37,11.97,11.93,13.5,12.65
"2013-08-04 08:45:00",84855,0.108,0.138,0.153,11.94,11.85,12.36,12.98,13.36,13.37,12.04,11.99,13.5,13.26
"2013-08-04 09:00:00",84856,0.108,0.138,0.153,12.11,11.94,12.36,12.97,13.35,13.38,12.12,12.06,13.5,13.82
"2013-08-04 09:15:00",84857,0.108,0.138,0.153,12.35,12.05,12.37,12.94,13.34,13.39,12.21,12.15,13.5,14.56
"2013-08-04 09:30:00",84858,0.108,0.138,0.153,12.81,12.2,12.41,12.93,13.33,13.39,12.32,12.26,13.5,15.58
"2013-08-04 09:45:00",84859,0.108,0.138,0.153,13.34,12.46,12.43,12.91,13.31,13.39,12.47,12.43,13.49,16.69
"2013-08-04 10:00:00",84860,0.108,0.138,0.153,13.79,12.75,12.49,12.9,13.31,13.4,12.67,12.63,13.49,17.44
"2013-08-04 10:15:00",84861,0.108,0.138,0.153,14.46,13.11,12.57,12.9,13.29,13.41,12.93,12.87,13.45,18.2
"2013-08-04 10:30:00",84862,0.108,0.138,0.153,15.13,13.52,12.67,12.91,13.27,13.41,13.31,13.13,13.44,18.74
"2013-08-04 10:45:00",84863,0.108,0.138,0.152,15.42,13.85,12.81,12.92,13.27,13.4,13.73,13.39,13.44,19.26
"2013-08-04 11:00:00",84864,0.108,0.138,0.152,15.69,14.14,12.94,12.95,13.25,13.4,14.16,13.66,13.44,19.73
"2013-08-04 11:15:00",84865,0.108,0.138,0.152,16.03,14.42,13.09,13,13.25,13.41,14.61,14,13.45,20.1
"2013-08-04 11:30:00",84866,0.108,0.138,0.152,17.01,14.83,13.26,13.04,13.24,13.4,15.04,14.38,13.44,20.4
"2013-08-04 11:45:00",84867,0.108,0.138,0.152,18.2,15.42,13.44,13.09,13.23,13.4,15.47,14.75,13.45,20.69
"2013-08-04 12:00:00",84868,0.108,0.138,0.152,19.11,16.08,13.64,13.16,13.22,13.4,15.81,15.12,13.47,21.02
"2013-08-04 12:15:00",84869,0.108,0.138,0.152,19.93,16.67,13.87,13.25,13.22,13.41,16.16,15.49,13.47,21.37
"2013-08-04 12:30:00",84870,0.108,0.138,0.152,20.33,17.21,14.12,13.34,13.21,13.41,16.55,15.87,13.47,21.64
"2013-08-04 12:45:00",84871,0.108,0.138,0.152,20.74,17.67,14.4,13.44,13.21,13.4,16.94,16.21,13.47,21.92
"2013-08-04 13:00:00",84872,0.107,0.138,0.152,21.3,18.07,14.67,13.54,13.23,13.41,17.21,16.51,13.46,22.14
"2013-08-04 13:15:00",84873,0.107,0.138,0.152,21.91,18.51,14.95,13.66,13.24,13.41,17.38,16.81,13.45,22.39
"2013-08-04 13:30:00",84874,0.107,0.138,0.152,22.12,18.91,15.21,13.78,13.24,13.41,17.62,17.07,13.45,22.61
"2013-08-04 13:45:00",84875,0.107,0.138,0.151,22.45,19.23,15.47,13.91,13.25,13.41,17.86,17.21,13.44,23.07
"2013-08-04 14:00:00",84876,0.107,0.138,0.151,22.68,19.54,15.74,14.05,13.28,13.41,18.11,17.27,13.44,23.75
"2013-08-04 14:15:00",84877,0.107,0.138,0.151,22.87,19.82,16.01,14.18,13.28,13.41,18.34,17.3,13.47,24.54
"2013-08-04 14:30:00",84878,0.107,0.138,0.151,22.59,20.02,16.23,14.33,13.31,13.42,18.47,17.3,13.47,25.43
"2013-08-04 14:45:00",84879,0.107,0.138,0.151,22.22,20,16.44,14.47,13.32,13.41,18.55,17.26,13.48,25.31
"2013-08-04 15:00:00",84880,0.107,0.137,0.151,21.59,19.84,16.61,14.61,13.35,13.41,18.53,17.19,13.48,24.75
"2013-08-04 15:15:00",84881,0.107,0.137,0.151,20.98,19.6,16.72,14.76,13.39,13.42,18.41,17.12,13.48,24.63
"2013-08-04 15:30:00",84882,0.107,0.137,0.151,20.44,19.34,16.77,14.89,13.42,13.41,18.27,17.06,13.48,23.27
"2013-08-04 15:45:00",84883,0.107,0.137,0.151,19.9,19.03,16.81,15,13.44,13.41,18.09,16.97,13.48,22.08
"2013-08-04 16:00:00",84884,0.107,0.138,0.151,19.45,18.74,16.83,15.1,13.48,13.41,17.91,16.87,13.48,21.12
"2013-08-04 16:15:00",84885,0.107,0.137,0.151,19,18.44,16.79,15.18,13.52,13.41,17.71,16.75,13.48,20.4
"2013-08-04 16:30:00",84886,0.107,0.137,0.151,18.65,18.19,16.75,15.25,13.58,13.41,17.53,16.64,13.48,19.89
"2013-08-04 16:45:00",84887,0.107,0.137,0.151,18.33,17.95,16.71,15.31,13.63,13.41,17.35,16.54,13.48,19.6
"2013-08-04 17:00:00",84888,0.107,0.137,0.151,18.01,17.73,16.64,15.36,13.68,13.41,17.19,16.43,13.48,19.13
"2013-08-04 17:15:00",84889,0.107,0.137,0.151,17.67,17.5,16.56,15.38,13.72,13.4,17.02,16.32,13.46,18.51
"2013-08-04 17:30:00",84890,0.107,0.137,0.15,17.34,17.25,16.49,15.4,13.75,13.4,16.84,16.2,13.46,17.87
"2013-08-04 17:45:00",84891,0.107,0.137,0.15,16.98,16.99,16.39,15.42,13.79,13.4,16.65,16.07,13.46,17.24
"2013-08-04 18:00:00",84892,0.107,0.137,0.15,16.69,16.77,16.31,15.43,13.83,13.4,16.46,15.92,13.45,16.76
"2013-08-04 18:15:00",84893,0.107,0.137,0.15,16.44,16.56,16.22,15.41,13.87,13.39,16.28,15.79,13.44,16.36
"2013-08-04 18:30:00",84894,0.106,0.137,0.15,16.2,16.36,16.12,15.4,13.88,13.4,16.1,15.66,13.44,15.97
"2013-08-04 18:45:00",84895,0.106,0.137,0.15,15.96,16.18,16.02,15.39,13.91,13.4,15.94,15.53,13.45,15.73
"2013-08-04 19:00:00",84896,0.106,0.137,0.15,15.78,15.99,15.93,15.35,13.94,13.4,15.78,15.41,13.45,15.51
"2013-08-04 19:15:00",84897,0.106,0.137,0.15,15.59,15.81,15.82,15.35,13.97,13.4,15.64,15.3,13.45,15.17
"2013-08-04 19:30:00",84898,0.106,0.137,0.15,15.37,15.63,15.7,15.33,13.98,13.4,15.5,15.19,13.46,14.61
"2013-08-04 19:45:00",84899,0.106,0.137,0.15,15.16,15.45,15.59,15.3,14.02,13.4,15.35,15.06,13.46,14.11
"2013-08-04 20:00:00",84900,0.106,0.137,0.15,14.92,15.27,15.51,15.25,14.03,13.38,15.19,14.93,13.44,13.64
"2013-08-04 20:15:00",84901,0.106,0.137,0.15,14.7,15.11,15.41,15.22,14.05,13.4,15.05,14.8,13.44,13.12
"2013-08-04 20:30:00",84902,0.106,0.137,0.15,14.49,14.92,15.31,15.19,14.07,13.4,14.9,14.67,13.43,12.58
"2013-08-04 20:45:00",84903,0.106,0.137,0.15,14.27,14.75,15.21,15.14,14.07,13.41,14.75,14.53,13.44,12.14
"2013-08-04 21:00:00",84904,0.106,0.137,0.15,14.07,14.58,15.11,15.08,14.09,13.41,14.6,14.39,13.44,11.7
"2013-08-04 21:15:00",84905,0.106,0.137,0.15,13.85,14.39,15.01,15.05,14.11,13.4,14.45,14.26,13.44,11.24
"2013-08-04 21:30:00",84906,0.106,0.137,0.15,13.65,14.21,14.9,15,14.1,13.41,14.3,14.11,13.44,10.81
"2013-08-04 21:45:00",84907,0.106,0.137,0.15,13.5,14.07,14.8,14.97,14.11,13.42,14.15,13.97,13.44,10.49
"2013-08-04 22:00:00",84908,0.106,0.137,0.15,13.34,13.93,14.69,14.89,14.12,13.42,14,13.84,13.44,10.22
"2013-08-04 22:15:00",84909,0.106,0.137,0.15,13.19,13.79,14.59,14.85,14.12,13.42,13.87,13.71,13.44,9.95
"2013-08-04 22:30:00",84910,0.106,0.137,0.15,13.03,13.65,14.47,14.79,14.13,13.42,13.75,13.59,13.44,9.75
"2013-08-04 22:45:00",84911,0.106,0.137,0.151,12.87,13.51,14.38,14.74,14.13,13.42,13.64,13.47,13.44,9.64
"2013-08-04 23:00:00",84912,0.106,0.137,0.151,12.79,13.4,14.29,14.67,14.12,13.43,13.53,13.36,13.47,9.64
"2013-08-04 23:15:00",84913,0.106,0.137,0.15,12.67,13.29,14.19,14.61,14.13,13.41,13.43,13.27,13.48,9.59
"2013-08-04 23:30:00",84914,0.106,0.137,0.15,12.56,13.18,14.1,14.56,14.11,13.44,13.33,13.17,13.48,9.48
"2013-08-04 23:45:00",84915,0.106,0.137,0.151,12.46,13.06,14.01,14.5,14.12,13.44,13.24,13.08,13.48,9.48
"2013-08-05 00:00:00",84916,0.106,0.137,0.15,12.38,12.94,13.94,14.45,14.12,13.45,13.15,12.99,13.48,9.48
"2013-08-05 00:15:00",84917,0.106,0.137,0.15,12.31,12.85,13.85,14.4,14.09,13.45,13.06,12.91,13.48,9.62
"2013-08-05 00:30:00",84918,0.106,0.136,0.151,12.25,12.78,13.78,14.34,14.09,13.46,12.98,12.84,13.48,9.82
"2013-08-05 00:45:00",84919,0.106,0.136,0.15,12.22,12.7,13.72,14.28,14.08,13.45,12.91,12.77,13.48,10.02
"2013-08-05 01:00:00",84920,0.106,0.136,0.15,12.18,12.64,13.65,14.24,14.07,13.46,12.86,12.72,13.48,10.2
"2013-08-05 01:15:00",84921,0.106,0.136,0.15,12.14,12.59,13.59,14.18,14.06,13.45,12.8,12.68,13.48,10.36
"2013-08-05 01:30:00",84922,0.106,0.136,0.15,12.13,12.55,13.53,14.13,14.05,13.46,12.76,12.63,13.48,10.56
"2013-08-05 01:45:00",84923,0.106,0.136,0.15,12.12,12.51,13.47,14.07,14.04,13.46,12.71,12.6,13.48,10.77
"2013-08-05 02:00:00",84924,0.106,0.136,0.15,12.12,12.47,13.4,14.04,14.02,13.46,12.68,12.57,13.48,10.93
"2013-08-05 02:15:00",84925,0.106,0.136,0.15,12.08,12.44,13.36,13.99,14.01,13.46,12.64,12.54,13.48,11.04
"2013-08-05 02:30:00",84926,0.106,0.136,0.15,12.06,12.41,13.3,13.93,13.99,13.47,12.62,12.52,13.48,11.04
"2013-08-05 02:45:00",84927,0.106,0.136,0.15,12,12.36,13.25,13.89,13.97,13.47,12.59,12.5,13.48,10.88
"2013-08-05 03:00:00",84928,0.106,0.136,0.151,11.89,12.32,13.17,13.85,13.96,13.47,12.54,12.46,13.48,10.58
"2013-08-05 03:15:00",84929,0.106,0.136,0.15,11.82,12.26,13.14,13.82,13.94,13.47,12.49,12.42,13.48,10.27
"2013-08-05 03:30:00",84930,0.106,0.136,0.15,11.73,12.2,13.1,13.77,13.93,13.47,12.44,12.36,13.48,9.95
"2013-08-05 03:45:00",84931,0.106,0.136,0.15,11.64,12.14,13.05,13.74,13.9,13.47,12.37,12.29,13.48,9.64
"2013-08-05 04:00:00",84932,0.106,0.136,0.15,11.55,12.06,13,13.68,13.89,13.47,12.3,12.23,13.48,9.41
"2013-08-05 04:15:00",84933,0.106,0.136,0.15,11.48,11.98,12.95,13.66,13.87,13.47,12.23,12.16,13.48,9.35
"2013-08-05 04:30:00",84934,0.106,0.136,0.151,11.43,11.92,12.9,13.62,13.86,13.48,12.17,12.1,13.48,9.3
"2013-08-05 04:45:00",84935,0.106,0.136,0.15,11.4,11.87,12.86,13.57,13.85,13.47,12.11,12.05,13.48,9.35
"2013-08-05 05:00:00",84936,0.106,0.136,0.151,11.37,11.84,12.79,13.54,13.83,13.48,12.07,12,13.48,9.39
"2013-08-05 05:15:00",84937,0.106,0.136,0.15,11.32,11.79,12.76,13.5,13.82,13.48,12.02,11.96,13.48,9.35
"2013-08-05 05:30:00",84938,0.106,0.136,0.15,11.28,11.75,12.7,13.47,13.8,13.49,11.98,11.92,13.48,9.21
"2013-08-05 05:45:00",84939,0.106,0.136,0.15,11.21,11.68,12.65,13.44,13.78,13.51,11.94,11.88,13.48,8.99
"2013-08-05 06:00:00",84940,0.106,0.136,0.15,11.12,11.62,12.61,13.41,13.76,13.5,11.89,11.83,13.49,8.66
"2013-08-05 06:15:00",84941,0.106,0.136,0.15,11,11.54,12.56,13.37,13.74,13.51,11.81,11.76,13.49,8.33
"2013-08-05 06:30:00",84942,0.106,0.136,0.151,10.88,11.46,12.52,13.33,13.73,13.51,11.74,11.68,13.5,8.04
"2013-08-05 06:45:00",84943,0.106,0.136,0.151,10.79,11.39,12.46,13.29,13.7,13.51,11.66,11.61,13.5,7.794
"2013-08-05 07:00:00",84944,0.106,0.136,0.151,10.69,11.3,12.41,13.26,13.69,13.51,11.59,11.53,13.5,7.618
"2013-08-05 07:15:00",84945,0.106,0.136,0.15,10.63,11.23,12.36,13.19,13.68,13.51,11.52,11.45,13.5,7.51
"2013-08-05 07:30:00",84946,0.106,0.136,0.15,10.58,11.18,12.31,13.15,13.66,13.52,11.46,11.38,13.5,7.444
"2013-08-05 07:45:00",84947,0.106,0.136,0.151,10.54,11.11,12.26,13.11,13.65,13.52,11.39,11.32,13.5,7.552
"2013-08-05 08:00:00",84948,0.106,0.136,0.15,10.57,11.06,12.22,13.06,13.63,13.53,11.34,11.27,13.5,8.04
"2013-08-05 08:15:00",84949,0.106,0.136,0.15,10.69,11.07,12.17,13.03,13.61,13.53,11.33,11.24,13.5,8.94
"2013-08-05 08:30:00",84950,0.106,0.136,0.15,10.93,11.12,12.14,12.99,13.57,13.54,11.36,11.27,13.49,10.22
"2013-08-05 08:45:00",84951,0.106,0.136,0.15,11.22,11.22,12.11,12.95,13.55,13.54,11.43,11.33,13.49,11.59
"2013-08-05 09:00:00",84952,0.106,0.136,0.15,11.45,11.36,12.1,12.93,13.52,13.54,11.54,11.43,13.5,12.77
"2013-08-05 09:15:00",84953,0.106,0.136,0.15,11.76,11.5,12.1,12.89,13.51,13.54,11.65,11.56,13.49,13.8
"2013-08-05 09:30:00",84954,0.106,0.136,0.15,12.29,11.73,12.13,12.87,13.49,13.55,11.77,11.72,13.49,14.68
"2013-08-05 09:45:00",84955,0.106,0.136,0.15,12.74,12,12.17,12.84,13.47,13.54,11.91,11.9,13.49,15.46
"2013-08-05 10:00:00",84956,0.106,0.136,0.15,13.2,12.28,12.21,12.83,13.45,13.54,12.08,12.11,13.49,16.14
"2013-08-05 10:15:00",84957,0.106,0.136,0.15,13.82,12.59,12.29,12.83,13.44,13.55,12.33,12.34,13.49,16.76
"2013-08-05 10:30:00",84958,0.106,0.136,0.15,14.46,12.99,12.39,12.83,13.42,13.55,12.69,12.59,13.49,17.34
"2013-08-05 10:45:00",84959,0.106,0.136,0.15,14.83,13.39,12.51,12.84,13.4,13.55,13.07,12.84,13.48,17.89
"2013-08-05 11:00:00",84960,0.106,0.136,0.15,15.14,13.69,12.65,12.87,13.38,13.55,13.47,13.13,13.48,18.51
"2013-08-05 11:15:00",84961,0.106,0.136,0.15,15.48,13.96,12.82,12.89,13.36,13.55,13.9,13.49,13.45,19.02
"2013-08-05 11:30:00",84962,0.106,0.136,0.15,16.42,14.33,12.96,12.92,13.35,13.54,14.34,13.88,13.42,19.57
"2013-08-05 11:45:00",84963,0.106,0.136,0.149,17.69,14.97,13.13,12.98,13.34,13.55,14.78,14.27,13.41,20.1
"2013-08-05 12:00:00",84964,0.106,0.136,0.149,18.66,15.65,13.37,13.04,13.33,13.56,15.14,14.66,13.39,20.53
"2013-08-05 12:15:00",84965,0.106,0.136,0.149,19.54,16.3,13.61,13.1,13.32,13.55,15.53,15.07,13.43,21.02
"2013-08-05 12:30:00",84966,0.106,0.136,0.149,20.01,16.84,13.86,13.19,13.31,13.56,15.95,15.48,13.47,21.45
"2013-08-05 12:45:00",84967,0.106,0.136,0.149,20.46,17.35,14.14,13.32,13.31,13.55,16.35,15.84,13.47,21.84
"2013-08-05 13:00:00",84968,0.106,0.136,0.149,20.98,17.78,14.4,13.43,13.32,13.56,16.66,16.17,13.47,22.03
"2013-08-05 13:15:00",84969,0.106,0.136,0.149,21.6,18.21,14.7,13.54,13.31,13.56,16.86,16.5,13.47,22.33
"2013-08-05 13:30:00",84970,0.106,0.136,0.149,22.03,18.64,14.99,13.66,13.32,13.56,17.15,16.79,13.48,22.56
"2013-08-05 13:45:00",84971,0.106,0.136,0.149,22.47,19.06,15.26,13.79,13.32,13.57,17.48,16.99,13.48,23.01
"2013-08-05 14:00:00",84972,0.106,0.136,0.149,22.67,19.42,15.52,13.92,13.33,13.55,17.79,17.08,13.48,23.7
"2013-08-05 14:15:00",84973,0.106,0.136,0.148,22.84,19.7,15.81,14.06,13.34,13.55,18.05,17.12,13.48,24.6
"2013-08-05 14:30:00",84974,0.106,0.135,0.148,22.65,19.91,16.07,14.21,13.37,13.56,18.2,17.13,13.49,25.79
"2013-08-05 14:45:00",84975,0.106,0.135,0.148,22.45,19.95,16.29,14.36,13.39,13.56,18.29,17.11,13.5,27.12
"2013-08-05 15:00:00",84976,0.106,0.135,0.148,21.94,19.9,16.49,14.51,13.41,13.55,18.29,17.08,13.5,27.72
"2013-08-05 15:15:00",84977,0.105,0.135,0.148,21.36,19.72,16.62,14.65,13.44,13.55,18.23,17.04,13.49,28.62
"2013-08-05 15:30:00",84978,0.105,0.135,0.148,20.81,19.49,16.73,14.79,13.47,13.54,18.12,17.01,13.49,28.62
"2013-08-05 15:45:00",84979,0.105,0.135,0.148,20.36,19.23,16.77,14.93,13.51,13.55,18,16.97,13.49,28.76
"2013-08-05 16:00:00",84980,0.105,0.135,0.148,19.98,18.99,16.8,15.04,13.54,13.54,17.88,16.94,13.49,27.94
"2013-08-05 16:15:00",84981,0.105,0.135,0.148,19.64,18.78,16.79,15.12,13.58,13.53,17.76,16.91,13.49,26.87
"2013-08-05 16:30:00",84982,0.105,0.135,0.148,19.27,18.54,16.79,15.21,13.65,13.53,17.65,16.87,13.49,25.37
"2013-08-05 16:45:00",84983,0.105,0.135,0.148,18.87,18.31,16.75,15.27,13.67,13.53,17.52,16.81,13.49,23.9
"2013-08-05 17:00:00",84984,0.105,0.135,0.148,18.51,18.08,16.74,15.33,13.73,13.53,17.37,16.73,13.49,22.61
"2013-08-05 17:15:00",84985,0.105,0.135,0.148,18.15,17.85,16.68,15.38,13.76,13.52,17.21,16.63,13.49,21.4
"2013-08-05 17:30:00",84986,0.105,0.135,0.148,17.82,17.61,16.63,15.42,13.8,13.52,17.04,16.51,13.49,20.42
"2013-08-05 17:45:00",84987,0.105,0.135,0.148,17.51,17.4,16.55,15.46,13.83,13.53,16.87,16.39,13.49,19.57
"2013-08-05 18:00:00",84988,0.105,0.135,0.148,17.21,17.14,16.48,15.5,13.88,13.54,16.7,16.27,13.49,18.77
"2013-08-05 18:15:00",84989,0.105,0.135,0.148,16.88,16.91,16.39,15.5,13.91,13.52,16.53,16.13,13.49,18.07
"2013-08-05 18:30:00",84990,0.105,0.135,0.148,16.65,16.71,16.32,15.49,13.94,13.52,16.36,16,13.49,17.44
"2013-08-05 18:45:00",84991,0.105,0.135,0.148,16.42,16.51,16.22,15.5,13.97,13.52,16.2,15.88,13.48,16.91
"2013-08-05 19:00:00",84992,0.105,0.135,0.148,16.2,16.34,16.12,15.49,14.01,13.53,16.06,15.76,13.46,16.32
"2013-08-05 19:15:00",84993,0.105,0.135,0.148,15.93,16.16,16.04,15.47,14.03,13.53,15.91,15.63,13.42,15.63
"2013-08-05 19:30:00",84994,0.105,0.135,0.148,15.71,15.97,15.95,15.43,14.05,13.52,15.77,15.5,13.44,14.92
"2013-08-05 19:45:00",84995,0.105,0.135,0.148,15.46,15.77,15.85,15.41,14.08,13.52,15.62,15.36,13.45,14.25
"2013-08-05 20:00:00",84996,0.105,0.135,0.148,15.23,15.57,15.72,15.38,14.1,13.52,15.46,15.22,13.45,13.59
"2013-08-05 20:15:00",84997,0.105,0.135,0.148,14.96,15.38,15.61,15.34,14.12,13.52,15.3,15.07,13.45,12.98
"2013-08-05 20:30:00",84998,0.105,0.135,0.148,14.73,15.19,15.52,15.32,14.13,13.52,15.15,14.92,13.46,12.44
"2013-08-05 20:45:00",84999,0.105,0.134,0.148,14.51,15.01,15.41,15.28,14.15,13.52,14.99,14.76,13.46,12
"2013-08-05 21:00:00",85000,0.105,0.134,0.148,14.32,14.82,15.3,15.22,14.16,13.51,14.84,14.62,13.46,11.49
"2013-08-05 21:15:00",85001,0.105,0.134,0.148,14.1,14.65,15.21,15.19,14.17,13.52,14.7,14.48,13.47,10.95
"2013-08-05 21:30:00",85002,0.105,0.134,0.148,13.85,14.46,15.11,15.15,14.19,13.52,14.54,14.32,13.48,10.52
"2013-08-05 21:45:00",85003,0.105,0.134,0.148,13.68,14.27,15.01,15.11,14.21,13.53,14.38,14.16,13.48,10.31
"2013-08-05 22:00:00",85004,0.105,0.134,0.148,13.56,14.11,14.89,15.06,14.21,13.53,14.24,14.02,13.48,10.2
"2013-08-05 22:15:00",85005,0.105,0.134,0.148,13.43,13.99,14.77,15.01,14.2,13.54,14.11,13.9,13.48,10.09
"2013-08-05 22:30:00",85006,0.105,0.134,0.148,13.32,13.87,14.67,14.94,14.21,13.54,13.99,13.79,13.48,10.22
"2013-08-05 22:45:00",85007,0.105,0.134,0.148,13.26,13.77,14.58,14.89,14.21,13.54,13.88,13.69,13.48,10.56
"2013-08-05 23:00:00",85008,0.105,0.134,0.148,13.23,13.68,14.47,14.83,14.22,13.54,13.79,13.61,13.48,11.04
"2013-08-05 23:15:00",85009,0.105,0.134,0.148,13.19,13.61,14.4,14.79,14.22,13.55,13.72,13.55,13.48,11.31
"2013-08-05 23:30:00",85010,0.105,0.134,0.148,13.14,13.55,14.32,14.73,14.21,13.55,13.66,13.51,13.48,11.52
"2013-08-05 23:45:00",85011,0.105,0.134,0.148,13.09,13.48,14.24,14.67,14.2,13.54,13.61,13.46,13.48,11.63
"2013-08-06 00:00:00",85012,0.105,0.134,0.148,13.04,13.43,14.17,14.6,14.2,13.55,13.55,13.42,13.48,11.63
"2013-08-06 00:15:00",85013,0.105,0.134,0.148,12.95,13.35,14.1,14.55,14.2,13.54,13.5,13.37,13.48,11.7
"2013-08-06 00:30:00",85014,0.105,0.134,0.148,12.9,13.3,14.04,14.51,14.21,13.55,13.44,13.33,13.48,11.82
"2013-08-06 00:45:00",85015,0.105,0.134,0.148,12.87,13.24,13.99,14.46,14.19,13.55,13.4,13.29,13.47,11.84
"2013-08-06 01:00:00",85016,0.105,0.134,0.148,12.81,13.19,13.93,14.41,14.17,13.55,13.35,13.25,13.47,11.77
"2013-08-06 01:15:00",85017,0.105,0.134,0.148,12.74,13.14,13.87,14.37,14.17,13.55,13.3,13.2,13.47,11.7
"2013-08-06 01:30:00",85018,0.105,0.134,0.148,12.67,13.05,13.83,14.32,14.15,13.55,13.25,13.16,13.46,11.59
"2013-08-06 01:45:00",85019,0.105,0.134,0.148,12.57,12.97,13.77,14.28,14.15,13.55,13.2,13.1,13.46,11.27
"2013-08-06 02:00:00",85020,0.105,0.134,0.148,12.46,12.9,13.74,14.24,14.13,13.56,13.13,13.04,13.46,10.9
"2013-08-06 02:15:00",85021,0.105,0.134,0.148,12.34,12.81,13.68,14.21,14.14,13.57,13.05,12.96,13.46,10.61
"2013-08-06 02:30:00",85022,0.105,0.134,0.148,12.27,12.72,13.62,14.15,14.12,13.57,12.97,12.88,13.46,10.38
"2013-08-06 02:45:00",85023,0.105,0.134,0.148,12.17,12.64,13.57,14.13,14.11,13.57,12.9,12.81,13.46,10.09
"2013-08-06 03:00:00",85024,0.105,0.134,0.148,12.06,12.56,13.52,14.08,14.09,13.58,12.83,12.73,13.46,9.82
"2013-08-06 03:15:00",85025,0.105,0.134,0.148,11.94,12.47,13.45,14.03,14.08,13.58,12.75,12.65,13.45,9.48
"2013-08-06 03:30:00",85026,0.105,0.134,0.148,11.81,12.39,13.38,14.01,14.06,13.58,12.67,12.57,13.44,9.28
"2013-08-06 03:45:00",85027,0.105,0.134,0.148,11.74,12.3,13.32,13.96,14.04,13.57,12.59,12.49,13.44,9.1
"2013-08-06 04:00:00",85028,0.105,0.134,0.148,11.64,12.22,13.26,13.92,14.03,13.57,12.51,12.41,13.44,8.9
"2013-08-06 04:15:00",85029,0.105,0.134,0.148,11.57,12.15,13.17,13.87,14.02,13.57,12.43,12.33,13.44,8.72
"2013-08-06 04:30:00",85030,0.105,0.134,0.148,11.48,12.08,13.12,13.84,14.01,13.57,12.35,12.25,13.45,8.55
"2013-08-06 04:45:00",85031,0.105,0.134,0.148,11.4,11.99,13.06,13.79,13.98,13.58,12.28,12.18,13.46,8.35
"2013-08-06 05:00:00",85032,0.105,0.134,0.148,11.3,11.91,13,13.75,13.97,13.59,12.21,12.1,13.47,8.15
"2013-08-06 05:15:00",85033,0.105,0.134,0.148,11.22,11.85,12.94,13.71,13.94,13.59,12.13,12.02,13.48,7.882
"2013-08-06 05:30:00",85034,0.105,0.134,0.148,11.11,11.75,12.88,13.67,13.94,13.59,12.05,11.94,13.48,7.618
"2013-08-06 05:45:00",85035,0.105,0.134,0.148,11,11.64,12.81,13.62,13.93,13.6,11.97,11.85,13.48,7.378
"2013-08-06 06:00:00",85036,0.105,0.134,0.148,10.88,11.56,12.75,13.57,13.9,13.6,11.89,11.76,13.49,7.137
