"TOA5","WTC08","CR1000","33280","CR1000.Std.19","CPU:WTCsensors_Ch8.CR1","22564","Table1"
"TIMESTAMP","RECORD","VW_Avg(1)","VW_Avg(2)","VW_Avg(3)","SoilTempProbe_Avg(1)","SoilTempProbe_Avg(2)","SoilTempProbe_Avg(3)","SoilTempProbe_Avg(4)","SoilTempProbe_Avg(5)","SoilTempProbe_Avg(6)","SoilTemp_Avg(1)","SoilTemp_Avg(2)","BattV_Min","PTemp"
"TS","RN","","","","Deg C","Deg C","Deg C","Deg C","Deg C","Deg C","Deg C","Deg C","Volts",""
"","","Avg","Avg","Avg","Avg","Avg","Avg","Avg","Avg","Avg","Avg","Avg","Min","Smp"
"2013-07-31 06:15:00",88480,0.102,0.118,0.152,14.71,15.37,14.96,14.8,14.63,14.17,14.8,14.87,13.52,15.41
"2013-07-31 06:30:00",88481,0.102,0.118,0.152,14.71,15.37,14.95,14.8,14.62,14.17,14.8,14.87,13.52,15.41
"2013-07-31 06:45:00",88482,0.102,0.118,0.152,14.71,15.37,14.95,14.8,14.62,14.18,14.8,14.86,13.52,15.43
"2013-07-31 07:00:00",88483,0.102,0.118,0.152,14.71,15.37,14.94,14.8,14.61,14.18,14.79,14.86,13.52,15.46
"2013-07-31 07:15:00",88484,0.102,0.118,0.152,14.71,15.37,14.94,14.8,14.62,14.18,14.78,14.85,13.52,15.46
"2013-07-31 07:30:00",88485,0.102,0.118,0.152,14.71,15.37,14.92,14.8,14.61,14.18,14.77,14.84,13.53,15.46
"2013-07-31 07:45:00",88486,0.102,0.118,0.152,14.71,15.37,14.92,14.79,14.62,14.18,14.77,14.84,13.53,15.55
"2013-07-31 08:00:00",88487,0.102,0.118,0.152,14.71,15.37,14.93,14.78,14.61,14.19,14.78,14.85,13.53,15.65
"2013-07-31 08:15:00",88488,0.102,0.118,0.152,14.77,15.37,14.92,14.76,14.61,14.18,14.79,14.86,13.53,15.77
"2013-07-31 08:30:00",88489,0.102,0.118,0.152,14.81,15.37,14.92,14.76,14.61,14.19,14.81,14.88,13.53,15.9
"2013-07-31 08:45:00",88490,0.102,0.118,0.152,14.88,15.37,14.93,14.76,14.61,14.19,14.84,14.91,13.53,16.12
"2013-07-31 09:00:00",88491,0.102,0.118,0.152,15.02,15.37,14.92,14.75,14.6,14.18,14.89,14.96,13.51,16.41
"2013-07-31 09:15:00",88492,0.102,0.118,0.152,15.15,15.37,14.92,14.75,14.61,14.19,14.97,15.04,13.52,16.71
"2013-07-31 09:30:00",88493,0.102,0.118,0.152,15.32,15.37,14.93,14.75,14.61,14.18,15.06,15.13,13.53,16.91
"2013-07-31 09:45:00",88494,0.102,0.118,0.152,15.52,15.37,14.97,14.74,14.61,14.18,15.16,15.23,13.53,17.21
"2013-07-31 10:00:00",88495,0.102,0.118,0.152,15.7,15.36,14.99,14.75,14.61,14.19,15.26,15.36,13.51,17.51
"2013-07-31 10:15:00",88496,0.102,0.118,0.152,15.88,15.36,15.03,14.74,14.61,14.19,15.37,15.52,13.52,17.82
"2013-07-31 10:30:00",88497,0.102,0.118,0.152,16,15.36,15.06,14.75,14.6,14.18,15.47,15.65,13.52,18.17
"2013-07-31 10:45:00",88498,0.102,0.118,0.152,16.17,15.36,15.1,14.78,14.6,14.19,15.58,15.76,13.52,18.48
"2013-07-31 11:00:00",88499,0.102,0.118,0.152,16.3,15.36,15.16,14.79,14.61,14.19,15.7,15.88,13.52,18.79
"2013-07-31 11:15:00",88500,0.102,0.118,0.152,16.4,15.36,15.21,14.82,14.61,14.19,15.81,15.99,13.51,19.08
"2013-07-31 11:30:00",88501,0.102,0.118,0.152,16.5,15.36,15.27,14.84,14.6,14.2,15.91,16.09,13.49,19.18
"2013-07-31 11:45:00",88502,0.102,0.118,0.152,16.48,15.36,15.32,14.85,14.6,14.21,15.98,16.15,13.49,19.02
"2013-07-31 12:00:00",88503,0.102,0.118,0.152,16.4,15.36,15.39,14.88,14.61,14.2,16.01,16.18,13.52,18.89
"2013-07-31 12:15:00",88504,0.102,0.118,0.152,16.42,15.36,15.44,14.91,14.61,14.21,16.03,16.19,13.52,18.95
"2013-07-31 12:30:00",88505,0.102,0.118,0.152,16.59,15.36,15.48,14.95,14.62,14.21,16.08,16.24,13.52,19.28
"2013-07-31 12:45:00",88506,0.102,0.118,0.152,16.71,15.36,15.52,14.97,14.62,14.21,16.17,16.33,13.52,19.39
"2013-07-31 13:00:00",88507,0.102,0.118,0.152,16.7,15.35,15.55,14.97,14.63,14.2,16.24,16.4,13.51,19.34
"2013-07-31 13:15:00",88508,0.102,0.118,0.152,16.64,15.35,15.61,15.01,14.64,14.21,16.27,16.42,13.51,19.28
"2013-07-31 13:30:00",88509,0.102,0.118,0.152,16.68,15.35,15.62,15.05,14.64,14.21,16.29,16.44,13.51,19.34
"2013-07-31 13:45:00",88510,0.102,0.118,0.152,16.77,15.35,15.68,15.07,14.64,14.21,16.33,16.48,13.52,19.49
"2013-07-31 14:00:00",88511,0.102,0.118,0.151,16.82,15.35,15.71,15.08,14.64,14.21,16.39,16.53,13.51,19.52
"2013-07-31 14:15:00",88512,0.102,0.118,0.151,16.77,15.35,15.75,15.12,14.66,14.21,16.42,16.56,13.51,19.36
"2013-07-31 14:30:00",88513,0.102,0.118,0.151,16.66,15.35,15.77,15.15,14.67,14.21,16.41,16.55,13.51,19.08
"2013-07-31 14:45:00",88514,0.102,0.118,0.151,16.56,15.35,15.8,15.18,14.67,14.21,16.37,16.51,13.51,18.87
"2013-07-31 15:00:00",88515,0.102,0.118,0.151,16.49,15.36,15.83,15.18,14.67,14.22,16.33,16.47,13.51,18.71
"2013-07-31 15:15:00",88516,0.102,0.118,0.151,16.43,15.36,15.83,15.21,14.67,14.22,16.29,16.43,13.52,18.53
"2013-07-31 15:30:00",88517,0.102,0.118,0.151,16.39,15.36,15.83,15.24,14.68,14.22,16.26,16.39,13.5,18.43
"2013-07-31 15:45:00",88518,0.102,0.118,0.151,16.35,15.36,15.83,15.26,14.69,14.22,16.22,16.36,13.47,18.33
"2013-07-31 16:00:00",88519,0.102,0.118,0.151,16.29,15.36,15.84,15.27,14.71,14.22,16.2,16.33,13.47,18.2
"2013-07-31 16:15:00",88520,0.102,0.118,0.151,16.25,15.36,15.83,15.28,14.71,14.22,16.16,16.3,13.47,18.05
"2013-07-31 16:30:00",88521,0.102,0.118,0.151,16.19,15.36,15.83,15.29,14.73,14.22,16.13,16.26,13.46,17.95
"2013-07-31 16:45:00",88522,0.102,0.118,0.151,16.12,15.36,15.82,15.29,14.73,14.22,16.09,16.23,13.47,17.79
"2013-07-31 17:00:00",88523,0.102,0.118,0.151,16.09,15.36,15.82,15.31,14.74,14.22,16.05,16.19,13.46,17.66
"2013-07-31 17:15:00",88524,0.102,0.118,0.151,16.02,15.36,15.82,15.31,14.75,14.21,16.02,16.14,13.46,17.49
"2013-07-31 17:30:00",88525,0.102,0.118,0.151,15.94,15.36,15.81,15.33,14.75,14.22,15.97,16.1,13.47,17.16
"2013-07-31 17:45:00",88526,0.102,0.118,0.151,15.84,15.36,15.79,15.33,14.75,14.22,15.91,16.04,13.53,16.69
"2013-07-31 18:00:00",88527,0.102,0.118,0.151,15.72,15.37,15.76,15.32,14.76,14.22,15.84,15.96,13.54,16.09
"2013-07-31 18:15:00",88528,0.102,0.118,0.151,15.58,15.37,15.75,15.32,14.77,14.22,15.76,15.88,13.54,15.51
"2013-07-31 18:30:00",88529,0.102,0.118,0.151,15.42,15.37,15.72,15.32,14.79,14.21,15.67,15.78,13.53,14.85
"2013-07-31 18:45:00",88530,0.102,0.118,0.151,15.25,15.37,15.68,15.32,14.8,14.22,15.56,15.68,13.51,14.18
"2013-07-31 19:00:00",88531,0.102,0.118,0.151,15.06,15.38,15.65,15.32,14.8,14.22,15.45,15.55,13.51,13.54
"2013-07-31 19:15:00",88532,0.102,0.117,0.151,14.9,15.37,15.62,15.29,14.8,14.23,15.32,15.42,13.51,13.02
"2013-07-31 19:30:00",88533,0.102,0.117,0.151,14.76,15.36,15.57,15.29,14.8,14.23,15.2,15.29,13.52,12.6
"2013-07-31 19:45:00",88534,0.102,0.117,0.151,14.62,15.34,15.52,15.26,14.81,14.24,15.08,15.17,13.52,12.23
"2013-07-31 20:00:00",88535,0.102,0.118,0.151,14.51,15.34,15.47,15.24,14.82,14.24,14.96,15.05,13.52,11.98
"2013-07-31 20:15:00",88536,0.102,0.118,0.151,14.4,15.35,15.41,15.22,14.82,14.24,14.86,14.94,13.53,11.75
"2013-07-31 20:30:00",88537,0.102,0.117,0.151,14.29,15.35,15.35,15.21,14.82,14.25,14.75,14.83,13.53,11.43
"2013-07-31 20:45:00",88538,0.102,0.118,0.151,14.16,15.35,15.29,15.2,14.83,14.25,14.65,14.72,13.53,11.22
"2013-07-31 21:00:00",88539,0.102,0.117,0.151,14.08,15.35,15.23,15.17,14.83,14.25,14.54,14.61,13.53,11.22
"2013-07-31 21:15:00",88540,0.102,0.118,0.151,14.01,15.35,15.18,15.14,14.83,14.25,14.46,14.53,13.53,11.13
"2013-07-31 21:30:00",88541,0.102,0.118,0.151,13.94,15.35,15.11,15.1,14.83,14.25,14.38,14.45,13.53,11.08
"2013-07-31 21:45:00",88542,0.102,0.118,0.151,13.86,15.35,15.06,15.1,14.83,14.25,14.31,14.36,13.53,11.04
"2013-07-31 22:00:00",88543,0.102,0.118,0.151,13.81,15.35,15.02,15.05,14.83,14.25,14.25,14.3,13.53,11.08
"2013-07-31 22:15:00",88544,0.102,0.118,0.151,13.78,15.35,14.96,15.02,14.83,14.25,14.19,14.24,13.53,11.22
"2013-07-31 22:30:00",88545,0.102,0.118,0.151,13.76,15.35,14.92,14.98,14.83,14.25,14.14,14.19,13.53,11.43
"2013-07-31 22:45:00",88546,0.102,0.118,0.151,13.75,15.35,14.88,14.95,14.83,14.26,14.1,14.15,13.53,11.61
"2013-07-31 23:00:00",88547,0.102,0.118,0.151,13.74,15.35,14.84,14.92,14.83,14.26,14.07,14.12,13.53,11.79
"2013-07-31 23:15:00",88548,0.102,0.118,0.151,13.75,15.35,14.8,14.89,14.82,14.26,14.05,14.1,13.53,11.98
"2013-07-31 23:30:00",88549,0.102,0.118,0.151,13.75,15.35,14.74,14.85,14.82,14.25,14.04,14.08,13.53,12.12
"2013-07-31 23:45:00",88550,0.102,0.118,0.151,13.74,15.35,14.69,14.84,14.8,14.25,14.02,14.07,13.52,12.19
"2013-08-01 00:00:00",88551,0.102,0.118,0.151,13.72,15.35,14.65,14.81,14.8,14.25,14,14.05,13.52,12.23
"2013-08-01 00:15:00",88552,0.102,0.118,0.151,13.72,15.36,14.63,14.77,14.8,14.25,13.99,14.03,13.52,12.26
"2013-08-01 00:30:00",88553,0.102,0.118,0.151,13.68,15.36,14.61,14.73,14.8,14.26,13.96,14.01,13.51,12.23
"2013-08-01 00:45:00",88554,0.102,0.118,0.151,13.64,15.36,14.58,14.73,14.8,14.25,13.94,13.98,13.51,12.14
"2013-08-01 01:00:00",88555,0.102,0.118,0.151,13.6,15.36,14.55,14.72,14.79,14.25,13.91,13.95,13.51,11.93
"2013-08-01 01:15:00",88556,0.102,0.118,0.151,13.53,15.35,14.52,14.69,14.77,14.25,13.87,13.91,13.51,11.61
"2013-08-01 01:30:00",88557,0.102,0.118,0.151,13.45,15.35,14.47,14.66,14.77,14.25,13.82,13.85,13.51,11.22
"2013-08-01 01:45:00",88558,0.102,0.118,0.151,13.34,15.35,14.47,14.64,14.75,14.26,13.76,13.79,13.51,10.77
"2013-08-01 02:00:00",88559,0.102,0.118,0.151,13.23,15.35,14.44,14.61,14.73,14.25,13.68,13.71,13.52,10.4
"2013-08-01 02:15:00",88560,0.102,0.118,0.151,13.13,15.35,14.4,14.59,14.73,14.25,13.6,13.62,13.52,10.13
"2013-08-01 02:30:00",88561,0.102,0.117,0.151,13,15.35,14.35,14.57,14.73,14.26,13.52,13.54,13.52,9.77
"2013-08-01 02:45:00",88562,0.102,0.118,0.151,12.9,15.36,14.33,14.56,14.73,14.26,13.43,13.45,13.53,9.5
"2013-08-01 03:00:00",88563,0.102,0.118,0.151,12.81,15.36,14.27,14.54,14.72,14.26,13.35,13.36,13.52,9.26
"2013-08-01 03:15:00",88564,0.102,0.118,0.151,12.7,15.36,14.22,14.5,14.7,14.26,13.26,13.27,13.52,9.03
"2013-08-01 03:30:00",88565,0.102,0.118,0.151,12.59,15.36,14.18,14.46,14.69,14.26,13.18,13.18,13.5,8.75
"2013-08-01 03:45:00",88566,0.102,0.118,0.151,12.49,15.36,14.14,14.44,14.68,14.27,13.08,13.09,13.48,8.44
"2013-08-01 04:00:00",88567,0.102,0.117,0.151,12.39,15.36,14.07,14.38,14.66,14.28,13,12.99,13.48,8.17
"2013-08-01 04:15:00",88568,0.102,0.117,0.151,12.28,15.36,14.02,14.34,14.65,14.28,12.9,12.89,13.49,7.882
"2013-08-01 04:30:00",88569,0.102,0.117,0.151,12.17,15.37,13.96,14.3,14.64,14.28,12.8,12.79,13.49,7.618
"2013-08-01 04:45:00",88570,0.102,0.117,0.151,12.07,15.37,13.9,14.29,14.63,14.29,12.7,12.69,13.5,7.444
"2013-08-01 05:00:00",88571,0.102,0.117,0.151,11.97,15.37,13.86,14.25,14.61,14.28,12.6,12.59,13.51,7.245
"2013-08-01 05:15:00",88572,0.102,0.117,0.151,11.86,15.37,13.79,14.2,14.6,14.28,12.51,12.49,13.52,7.137
"2013-08-01 05:30:00",88573,0.102,0.117,0.151,11.78,15.37,13.73,14.18,14.59,14.28,12.42,12.4,13.52,7.049
"2013-08-01 05:45:00",88574,0.102,0.117,0.151,11.69,15.37,13.69,14.14,14.58,14.28,12.34,12.31,13.52,6.897
"2013-08-01 06:00:00",88575,0.102,0.117,0.151,11.59,15.37,13.62,14.09,14.57,14.28,12.25,12.22,13.52,6.721
"2013-08-01 06:15:00",88576,0.102,0.117,0.151,11.5,15.37,13.56,14.08,14.57,14.28,12.16,12.13,13.52,6.547
"2013-08-01 06:30:00",88577,0.102,0.117,0.151,11.39,15.37,13.49,14.03,14.56,14.28,12.07,12.04,13.51,6.396
"2013-08-01 06:45:00",88578,0.102,0.117,0.151,11.3,15.37,13.44,13.97,14.54,14.28,11.99,11.95,13.51,6.222
"2013-08-01 07:00:00",88579,0.102,0.117,0.151,11.21,15.36,13.38,13.95,14.52,14.28,11.9,11.86,13.51,6.113
"2013-08-01 07:15:00",88580,0.102,0.117,0.151,11.13,15.36,13.29,13.9,14.51,14.28,11.82,11.78,13.51,6.091
"2013-08-01 07:30:00",88581,0.102,0.117,0.151,11.08,15.36,13.22,13.84,14.48,14.28,11.75,11.7,13.51,6.134
"2013-08-01 07:45:00",88582,0.102,0.117,0.151,11.04,15.37,13.16,13.81,14.47,14.28,11.68,11.64,13.51,6.222
"2013-08-01 08:00:00",88583,0.102,0.117,0.151,11.06,15.37,13.09,13.77,14.46,14.28,11.63,11.59,13.51,6.524
"2013-08-01 08:15:00",88584,0.102,0.117,0.151,11.16,15.37,13.04,13.73,14.46,14.3,11.61,11.58,13.51,6.983
"2013-08-01 08:30:00",88585,0.102,0.117,0.151,11.33,15.37,13.01,13.69,14.44,14.32,11.63,11.61,13.51,7.532
"2013-08-01 08:45:00",88586,0.102,0.117,0.151,11.49,15.37,12.97,13.65,14.42,14.32,11.68,11.68,13.52,8.06
"2013-08-01 09:00:00",88587,0.102,0.117,0.151,11.69,15.37,12.94,13.62,14.39,14.32,11.76,11.78,13.52,8.63
"2013-08-01 09:15:00",88588,0.102,0.117,0.151,11.87,15.36,12.92,13.57,14.38,14.31,11.88,11.9,13.52,9.35
"2013-08-01 09:30:00",88589,0.102,0.117,0.151,12.09,15.36,12.94,13.55,14.37,14.3,12.02,12.03,13.52,10.18
"2013-08-01 09:45:00",88590,0.102,0.117,0.151,12.33,15.36,12.97,13.53,14.35,14.31,12.15,12.18,13.52,11.06
"2013-08-01 10:00:00",88591,0.102,0.117,0.151,12.6,15.37,12.97,13.5,14.34,14.3,12.3,12.38,13.52,11.91
"2013-08-01 10:15:00",88592,0.102,0.117,0.151,12.93,15.39,13,13.49,14.34,14.31,12.48,12.74,13.51,12.86
"2013-08-01 10:30:00",88593,0.102,0.117,0.151,13.36,15.39,13.05,13.49,14.31,14.34,12.7,13.17,13.5,13.82
"2013-08-01 10:45:00",88594,0.102,0.117,0.151,13.83,15.39,13.13,13.48,14.3,14.33,12.97,13.61,13.48,14.73
"2013-08-01 11:00:00",88595,0.102,0.117,0.151,14.34,15.38,13.22,13.49,14.29,14.32,13.34,14.08,13.51,15.68
"2013-08-01 11:15:00",88596,0.102,0.117,0.151,14.74,15.38,13.34,13.5,14.27,14.32,13.85,14.51,13.51,16.49
"2013-08-01 11:30:00",88597,0.101,0.117,0.151,15.08,15.37,13.47,13.51,14.25,14.31,14.42,14.86,13.51,17.26
"2013-08-01 11:45:00",88598,0.101,0.117,0.151,15.4,15.37,13.6,13.55,14.23,14.31,14.98,15.29,13.5,18.05
"2013-08-01 12:00:00",88599,0.101,0.117,0.151,15.71,15.36,13.72,13.58,14.22,14.31,15.46,15.77,13.49,18.89
"2013-08-01 12:15:00",88600,0.101,0.117,0.151,16.22,15.36,13.87,13.63,14.22,14.31,15.9,16.28,13.49,19.81
"2013-08-01 12:30:00",88601,0.101,0.117,0.151,16.77,15.36,13.99,13.65,14.19,14.29,16.29,16.79,13.52,20.5
"2013-08-01 12:45:00",88602,0.101,0.117,0.151,17.42,15.35,14.16,13.73,14.18,14.29,16.58,17.2,13.51,21.26
"2013-08-01 13:00:00",88603,0.101,0.117,0.15,18.28,15.36,14.37,13.81,14.17,14.3,16.9,17.45,13.52,21.95
"2013-08-01 13:15:00",88604,0.101,0.117,0.15,18.92,15.39,14.58,13.89,14.16,14.3,17.22,17.63,13.52,22.33
"2013-08-01 13:30:00",88605,0.101,0.117,0.15,19.3,15.38,14.82,13.98,14.15,14.29,17.5,17.77,13.52,22.67
"2013-08-01 13:45:00",88606,0.101,0.117,0.15,19.75,15.39,15.05,14.09,14.15,14.29,17.65,17.92,13.51,22.9
"2013-08-01 14:00:00",88607,0.101,0.117,0.15,20.27,15.38,15.3,14.19,14.15,14.29,17.7,18.06,13.49,23.18
"2013-08-01 14:15:00",88608,0.101,0.117,0.15,20.73,15.38,15.55,14.3,14.15,14.29,17.8,18.18,13.47,23.41
"2013-08-01 14:30:00",88609,0.1,0.117,0.15,20.67,15.36,15.79,14.45,14.17,14.29,17.88,18.28,13.48,23.64
"2013-08-01 14:45:00",88610,0.1,0.117,0.15,20.74,15.38,16.03,14.59,14.19,14.29,17.91,18.29,13.49,24.16
"2013-08-01 15:00:00",88611,0.1,0.117,0.15,20.78,15.38,16.27,14.71,14.2,14.29,17.88,18.24,13.51,24.98
"2013-08-01 15:15:00",88612,0.1,0.117,0.15,20.43,15.38,16.46,14.83,14.21,14.29,17.82,18.19,13.51,25.85
"2013-08-01 15:30:00",88613,0.1,0.117,0.15,20.05,15.37,16.62,14.96,14.23,14.28,17.73,18.13,13.54,26.59
"2013-08-01 15:45:00",88614,0.1,0.117,0.15,19.75,15.37,16.75,15.08,14.24,14.28,17.65,18.07,13.55,27.18
"2013-08-01 16:00:00",88615,0.1,0.117,0.15,19.46,15.37,16.85,15.19,14.27,14.27,17.56,18.02,13.55,27.59
"2013-08-01 16:15:00",88616,0.1,0.117,0.15,19.2,15.36,16.91,15.3,14.3,14.27,17.48,17.97,13.55,27.15
"2013-08-01 16:30:00",88617,0.1,0.117,0.15,18.95,15.36,16.95,15.42,14.32,14.27,17.41,17.9,13.55,26.5
"2013-08-01 16:45:00",88618,0.1,0.117,0.149,18.71,15.37,16.98,15.51,14.34,14.27,17.34,17.83,13.53,25.4
"2013-08-01 17:00:00",88619,0.1,0.116,0.149,18.42,15.36,16.99,15.59,14.37,14.27,17.25,17.74,13.52,23.72
"2013-08-01 17:15:00",88620,0.1,0.116,0.149,18.13,15.33,16.98,15.64,14.38,14.25,17.14,17.63,13.52,21.95
"2013-08-01 17:30:00",88621,0.1,0.116,0.149,17.82,15.33,16.95,15.69,14.42,14.24,17.01,17.49,13.5,20.24
"2013-08-01 17:45:00",88622,0.1,0.116,0.149,17.54,15.34,16.93,15.73,14.45,14.25,16.86,17.35,13.49,18.74
"2013-08-01 18:00:00",88623,0.1,0.116,0.149,17.23,15.35,16.88,15.76,14.48,14.26,16.71,17.19,13.5,17.36
"2013-08-01 18:15:00",88624,0.1,0.116,0.149,16.96,15.35,16.84,15.77,14.51,14.25,16.55,17.02,13.5,16.24
"2013-08-01 18:30:00",88625,0.1,0.116,0.149,16.73,15.35,16.78,15.82,14.55,14.26,16.39,16.85,13.48,15.34
"2013-08-01 18:45:00",88626,0.1,0.116,0.149,16.5,15.33,16.71,15.84,14.57,14.24,16.24,16.68,13.48,14.56
"2013-08-01 19:00:00",88627,0.1,0.116,0.149,16.3,15.33,16.65,15.84,14.61,14.23,16.09,16.52,13.48,14.01
"2013-08-01 19:15:00",88628,0.1,0.116,0.149,16.11,15.33,16.58,15.83,14.65,14.24,15.95,16.37,13.49,13.59
"2013-08-01 19:30:00",88629,0.1,0.116,0.149,15.92,15.34,16.5,15.81,14.66,14.23,15.81,16.22,13.5,13.09
"2013-08-01 19:45:00",88630,0.1,0.116,0.149,15.72,15.34,16.41,15.79,14.7,14.21,15.68,16.08,13.5,12.51
"2013-08-01 20:00:00",88631,0.1,0.116,0.149,15.49,15.34,16.34,15.77,14.72,14.2,15.54,15.92,13.48,11.96
"2013-08-01 20:15:00",88632,0.1,0.116,0.149,15.28,15.34,16.26,15.76,14.73,14.21,15.39,15.77,13.49,11.59
"2013-08-01 20:30:00",88633,0.1,0.116,0.149,15.12,15.35,16.17,15.73,14.75,14.22,15.25,15.62,13.52,11.36
"2013-08-01 20:45:00",88634,0.1,0.116,0.149,14.99,15.35,16.05,15.7,14.78,14.22,15.13,15.48,13.53,11.18
"2013-08-01 21:00:00",88635,0.1,0.116,0.149,14.86,15.35,15.97,15.68,14.8,14.22,15.02,15.36,13.52,11.02
"2013-08-01 21:15:00",88636,0.1,0.116,0.149,14.73,15.35,15.89,15.64,14.82,14.22,14.91,15.24,13.53,10.9
"2013-08-01 21:30:00",88637,0.1,0.116,0.149,14.61,15.35,15.81,15.61,14.82,14.22,14.81,15.13,13.53,10.77
"2013-08-01 21:45:00",88638,0.1,0.116,0.149,14.49,15.35,15.73,15.55,14.83,14.22,14.71,15.02,13.53,10.58
"2013-08-01 22:00:00",88639,0.1,0.116,0.149,14.36,15.35,15.65,15.51,14.83,14.22,14.61,14.91,13.53,10.31
"2013-08-01 22:15:00",88640,0.1,0.116,0.149,14.24,15.35,15.57,15.48,14.83,14.23,14.5,14.8,13.53,10.13
"2013-08-01 22:30:00",88641,0.1,0.116,0.149,14.12,15.35,15.5,15.43,14.84,14.22,14.4,14.69,13.53,10.04
"2013-08-01 22:45:00",88642,0.1,0.116,0.149,14.03,15.35,15.42,15.38,14.85,14.22,14.31,14.59,13.53,9.91
"2013-08-01 23:00:00",88643,0.1,0.116,0.149,13.91,15.36,15.35,15.33,14.88,14.23,14.22,14.48,13.53,9.66
"2013-08-01 23:15:00",88644,0.1,0.116,0.149,13.77,15.36,15.28,15.28,14.87,14.23,14.12,14.38,13.53,9.37
"2013-08-01 23:30:00",88645,0.1,0.116,0.149,13.63,15.36,15.2,15.22,14.88,14.24,14.01,14.27,13.53,9.08
"2013-08-01 23:45:00",88646,0.1,0.116,0.149,13.48,15.35,15.12,15.2,14.88,14.23,13.9,14.15,13.53,8.79
"2013-08-02 00:00:00",88647,0.1,0.116,0.149,13.36,15.35,15.04,15.15,14.88,14.24,13.79,14.03,13.52,8.55
"2013-08-02 00:15:00",88648,0.1,0.116,0.149,13.23,15.33,14.98,15.1,14.87,14.24,13.69,13.92,13.52,8.3
"2013-08-02 00:30:00",88649,0.1,0.116,0.149,13.09,15.33,14.92,15.07,14.86,14.24,13.58,13.81,13.51,8.06
"2013-08-02 00:45:00",88650,0.1,0.116,0.149,12.96,15.32,14.84,15.01,14.85,14.24,13.47,13.69,13.51,7.882
"2013-08-02 01:00:00",88651,0.1,0.116,0.149,12.86,15.32,14.77,14.96,14.85,14.25,13.36,13.58,13.5,7.706
"2013-08-02 01:15:00",88652,0.1,0.116,0.149,12.74,15.32,14.66,14.93,14.85,14.24,13.26,13.47,13.5,7.532
"2013-08-02 01:30:00",88653,0.1,0.116,0.149,12.62,15.32,14.59,14.88,14.85,14.24,13.16,13.36,13.5,7.268
"2013-08-02 01:45:00",88654,0.101,0.116,0.149,12.49,15.32,14.51,14.84,14.84,14.23,13.05,13.25,13.49,7.114
"2013-08-02 02:00:00",88655,0.101,0.116,0.149,12.4,15.32,14.45,14.79,14.83,14.24,12.95,13.15,13.51,6.983
"2013-08-02 02:15:00",88656,0.101,0.116,0.149,12.31,15.33,14.37,14.73,14.82,14.23,12.85,13.04,13.51,6.897
"2013-08-02 02:30:00",88657,0.101,0.116,0.149,12.21,15.33,14.29,14.71,14.8,14.23,12.76,12.94,13.51,6.832
"2013-08-02 02:45:00",88658,0.101,0.116,0.149,12.12,15.33,14.22,14.64,14.79,14.24,12.67,12.85,13.51,6.656
"2013-08-02 03:00:00",88659,0.101,0.116,0.149,12,15.33,14.15,14.59,14.77,14.24,12.58,12.75,13.51,6.461
"2013-08-02 03:15:00",88660,0.101,0.116,0.149,11.91,15.33,14.08,14.56,14.76,14.24,12.49,12.65,13.52,6.461
"2013-08-02 03:30:00",88661,0.101,0.116,0.149,11.86,15.33,14.01,14.5,14.76,14.23,12.4,12.56,13.52,6.613
"2013-08-02 03:45:00",88662,0.101,0.116,0.149,11.81,15.33,13.94,14.46,14.75,14.23,12.33,12.49,13.52,6.875
"2013-08-02 04:00:00",88663,0.101,0.116,0.149,11.8,15.33,13.88,14.38,14.76,14.24,12.28,12.43,13.52,7.18
"2013-08-02 04:15:00",88664,0.101,0.116,0.149,11.8,15.33,13.82,14.33,14.73,14.26,12.24,12.39,13.52,7.487
"2013-08-02 04:30:00",88665,0.101,0.116,0.149,11.81,15.33,13.75,14.28,14.7,14.27,12.22,12.36,13.52,7.794
"2013-08-02 04:45:00",88666,0.101,0.116,0.149,11.8,15.32,13.71,14.24,14.69,14.27,12.2,12.33,13.52,8.02
"2013-08-02 05:00:00",88667,0.101,0.116,0.149,11.8,15.34,13.65,14.19,14.67,14.27,12.18,12.31,13.52,8.13
"2013-08-02 05:15:00",88668,0.101,0.116,0.149,11.78,15.34,13.6,14.16,14.65,14.27,12.16,12.29,13.52,8.15
"2013-08-02 05:30:00",88669,0.101,0.116,0.149,11.73,15.35,13.56,14.1,14.65,14.27,12.13,12.26,13.52,8.08
"2013-08-02 05:45:00",88670,0.101,0.116,0.149,11.7,15.34,13.52,14.06,14.63,14.27,12.1,12.22,13.52,7.97
"2013-08-02 06:00:00",88671,0.101,0.116,0.149,11.65,15.35,13.47,14.03,14.61,14.27,12.07,12.18,13.52,7.862
"2013-08-02 06:15:00",88672,0.101,0.116,0.149,11.6,15.36,13.44,13.98,14.58,14.27,12.02,12.14,13.52,7.751
"2013-08-02 06:30:00",88673,0.101,0.116,0.149,11.55,15.34,13.4,13.94,14.56,14.27,11.98,12.09,13.52,7.575
"2013-08-02 06:45:00",88674,0.101,0.116,0.149,11.47,15.34,13.37,13.91,14.55,14.27,11.93,12.04,13.52,7.399
"2013-08-02 07:00:00",88675,0.101,0.116,0.149,11.41,15.32,13.31,13.88,14.54,14.27,11.88,11.99,13.52,7.378
"2013-08-02 07:15:00",88676,0.101,0.116,0.149,11.37,15.32,13.24,13.83,14.52,14.27,11.84,11.94,13.52,7.421
"2013-08-02 07:30:00",88677,0.101,0.116,0.149,11.35,15.33,13.21,13.8,14.51,14.27,11.8,11.9,13.52,7.552
"2013-08-02 07:45:00",88678,0.101,0.116,0.149,11.39,15.35,13.16,13.78,14.48,14.27,11.78,11.87,13.52,7.839
"2013-08-02 08:00:00",88679,0.101,0.116,0.149,11.45,15.36,13.13,13.74,14.46,14.27,11.77,11.86,13.52,8.15
"2013-08-02 08:15:00",88680,0.101,0.116,0.149,11.49,15.37,13.08,13.7,14.45,14.27,11.78,11.87,13.52,8.48
"2013-08-02 08:30:00",88681,0.101,0.116,0.149,11.57,15.36,13.05,13.68,14.43,14.27,11.81,11.89,13.52,8.9
"2013-08-02 08:45:00",88682,0.101,0.116,0.149,11.67,15.36,13.01,13.63,14.41,14.29,11.85,11.93,13.52,9.32
"2013-08-02 09:00:00",88683,0.101,0.116,0.149,11.82,15.36,13,13.6,14.38,14.31,11.91,11.99,13.53,9.82
"2013-08-02 09:15:00",88684,0.101,0.116,0.149,12,15.36,13.01,13.6,14.36,14.31,12,12.06,13.53,10.36
"2013-08-02 09:30:00",88685,0.101,0.116,0.149,12.21,15.35,13.01,13.56,14.36,14.31,12.11,12.17,13.53,10.95
"2013-08-02 09:45:00",88686,0.101,0.116,0.149,12.42,15.35,13.02,13.54,14.34,14.3,12.24,12.29,13.53,11.61
"2013-08-02 10:00:00",88687,0.101,0.116,0.149,12.7,15.35,13.03,13.54,14.33,14.3,12.38,12.44,13.53,12.53
"2013-08-02 10:15:00",88688,0.101,0.116,0.149,13.13,15.35,13.07,13.53,14.34,14.3,12.58,12.66,13.53,13.45
"2013-08-02 10:30:00",88689,0.101,0.116,0.149,13.58,15.37,13.13,13.5,14.32,14.3,12.82,12.96,13.53,14.06
"2013-08-02 10:45:00",88690,0.101,0.116,0.149,13.86,15.38,13.21,13.5,14.29,14.31,13.08,13.26,13.53,14.49
"2013-08-02 11:00:00",88691,0.101,0.116,0.149,14.16,15.38,13.29,13.5,14.27,14.33,13.34,13.51,13.51,14.95
"2013-08-02 11:15:00",88692,0.101,0.116,0.149,14.34,15.38,13.41,13.52,14.24,14.32,13.62,13.74,13.5,15.34
"2013-08-02 11:30:00",88693,0.101,0.116,0.149,14.63,15.38,13.5,13.52,14.24,14.32,13.91,13.93,13.52,16
"2013-08-02 11:45:00",88694,0.1,0.116,0.149,14.97,15.37,13.6,13.58,14.23,14.33,14.33,14.16,13.52,16.74
"2013-08-02 12:00:00",88695,0.1,0.116,0.149,15.3,15.37,13.71,13.62,14.21,14.32,14.75,14.42,13.51,17.59
"2013-08-02 12:15:00",88696,0.1,0.116,0.149,15.89,15.36,13.81,13.66,14.18,14.32,15.19,14.73,13.5,18.77
"2013-08-02 12:30:00",88697,0.1,0.116,0.149,16.66,15.36,13.94,13.69,14.21,14.31,15.62,15.08,13.51,19.81
"2013-08-02 12:45:00",88698,0.1,0.116,0.149,17.51,15.35,14.1,13.75,14.2,14.31,15.98,15.43,13.52,20.88
"2013-08-02 13:00:00",88699,0.1,0.116,0.149,18.35,15.35,14.27,13.82,14.18,14.31,16.37,15.78,13.53,21.62
"2013-08-02 13:15:00",88700,0.1,0.116,0.149,18.98,15.37,14.48,13.88,14.17,14.3,16.75,16.1,13.51,22.22
"2013-08-02 13:30:00",88701,0.099,0.116,0.149,19.41,15.38,14.73,13.97,14.16,14.3,17.1,16.39,13.5,22.67
"2013-08-02 13:45:00",88702,0.099,0.115,0.149,19.96,15.38,14.99,14.06,14.16,14.32,17.33,16.68,13.49,22.92
"2013-08-02 14:00:00",88703,0.099,0.115,0.148,20.54,15.38,15.23,14.16,14.16,14.33,17.46,16.96,13.48,23.32
"2013-08-02 14:15:00",88704,0.099,0.115,0.148,20.99,15.38,15.49,14.27,14.16,14.33,17.63,17.21,13.49,23.72
"2013-08-02 14:30:00",88705,0.099,0.115,0.148,20.93,15.38,15.76,14.4,14.18,14.32,17.78,17.42,13.51,23.93
"2013-08-02 14:45:00",88706,0.099,0.115,0.148,20.93,15.38,16.01,14.54,14.18,14.31,17.88,17.53,13.52,23.58
"2013-08-02 15:00:00",88707,0.099,0.115,0.148,20.58,15.38,16.25,14.67,14.19,14.29,17.88,17.57,13.52,23.32
"2013-08-02 15:15:00",88708,0.099,0.115,0.148,20.28,15.38,16.46,14.79,14.2,14.29,17.84,17.59,13.52,23.78
"2013-08-02 15:30:00",88709,0.098,0.115,0.148,20.06,15.38,16.6,14.92,14.22,14.29,17.81,17.61,13.53,24.51
"2013-08-02 15:45:00",88710,0.098,0.115,0.148,19.9,15.38,16.73,15.05,14.25,14.29,17.79,17.65,13.51,25.55
"2013-08-02 16:00:00",88711,0.098,0.115,0.148,19.75,15.38,16.82,15.17,14.25,14.29,17.77,17.7,13.53,26.01
"2013-08-02 16:15:00",88712,0.098,0.115,0.148,19.54,15.37,16.88,15.26,14.28,14.29,17.76,17.74,13.54,25.58
"2013-08-02 16:30:00",88713,0.098,0.115,0.148,19.28,15.37,16.94,15.37,14.31,14.29,17.74,17.76,13.54,25.4
"2013-08-02 16:45:00",88714,0.098,0.115,0.148,19.02,15.37,16.99,15.47,14.33,14.28,17.67,17.73,13.53,24.54
"2013-08-02 17:00:00",88715,0.098,0.115,0.148,18.75,15.36,17,15.55,14.35,14.28,17.58,17.67,13.53,23.27
"2013-08-02 17:15:00",88716,0.098,0.115,0.148,18.47,15.35,17.01,15.62,14.38,14.28,17.46,17.59,13.51,22.03
"2013-08-02 17:30:00",88717,0.098,0.115,0.148,18.17,15.33,17,15.68,14.41,14.26,17.32,17.48,13.51,20.91
"2013-08-02 17:45:00",88718,0.098,0.115,0.148,17.88,15.34,16.99,15.72,14.44,14.26,17.17,17.35,13.52,19.92
"2013-08-02 18:00:00",88719,0.098,0.115,0.148,17.64,15.35,16.96,15.76,14.48,14.26,17.01,17.22,13.49,18.97
"2013-08-02 18:15:00",88720,0.098,0.115,0.148,17.4,15.35,16.92,15.79,14.5,14.26,16.87,17.09,13.48,18.15
"2013-08-02 18:30:00",88721,0.098,0.115,0.148,17.18,15.36,16.87,15.81,14.54,14.26,16.73,16.96,13.48,17.59
"2013-08-02 18:45:00",88722,0.099,0.115,0.148,17.02,15.36,16.82,15.83,14.58,14.26,16.6,16.85,13.48,17.36
"2013-08-02 19:00:00",88723,0.099,0.115,0.148,16.88,15.36,16.76,15.84,14.59,14.26,16.49,16.74,13.46,17.19
"2013-08-02 19:15:00",88724,0.099,0.115,0.148,16.75,15.36,16.71,15.85,14.61,14.27,16.39,16.65,13.46,16.79
"2013-08-02 19:30:00",88725,0.099,0.115,0.148,16.59,15.36,16.65,15.84,14.65,14.26,16.28,16.54,13.47,16.24
"2013-08-02 19:45:00",88726,0.099,0.115,0.148,16.41,15.37,16.59,15.85,14.69,14.25,16.16,16.43,13.48,15.73
"2013-08-02 20:00:00",88727,0.099,0.115,0.148,16.25,15.36,16.53,15.84,14.7,14.25,16.05,16.32,13.48,15.24
"2013-08-02 20:15:00",88728,0.099,0.115,0.148,16.08,15.37,16.47,15.82,14.72,14.25,15.94,16.21,13.48,14.83
"2013-08-02 20:30:00",88729,0.099,0.115,0.148,15.92,15.35,16.41,15.8,14.75,14.24,15.82,16.09,13.47,14.35
"2013-08-02 20:45:00",88730,0.099,0.115,0.148,15.73,15.34,16.35,15.76,14.78,14.24,15.7,15.97,13.45,13.9
"2013-08-02 21:00:00",88731,0.099,0.115,0.148,15.59,15.33,16.27,15.76,14.78,14.24,15.59,15.85,13.46,13.56
"2013-08-02 21:15:00",88732,0.099,0.114,0.148,15.44,15.34,16.2,15.73,14.79,14.24,15.48,15.74,13.51,13.4
"2013-08-02 21:30:00",88733,0.099,0.114,0.148,15.33,15.34,16.11,15.71,14.81,14.24,15.38,15.64,13.52,13.14
"2013-08-02 21:45:00",88734,0.099,0.114,0.148,15.16,15.34,16.03,15.68,14.83,14.24,15.28,15.54,13.53,12.74
"2013-08-02 22:00:00",88735,0.099,0.114,0.148,15.02,15.34,15.96,15.67,14.85,14.24,15.18,15.44,13.53,12.39
"2013-08-02 22:15:00",88736,0.099,0.114,0.148,14.92,15.34,15.89,15.63,14.85,14.24,15.08,15.33,13.53,12.3
"2013-08-02 22:30:00",88737,0.099,0.114,0.148,14.83,15.34,15.82,15.59,14.85,14.24,14.99,15.24,13.53,12.14
"2013-08-02 22:45:00",88738,0.099,0.114,0.148,14.71,15.34,15.75,15.58,14.85,14.24,14.9,15.15,13.52,11.98
"2013-08-02 23:00:00",88739,0.099,0.114,0.148,14.63,15.34,15.69,15.54,14.87,14.23,14.81,15.06,13.52,11.98
"2013-08-02 23:15:00",88740,0.099,0.114,0.148,14.56,15.34,15.62,15.5,14.88,14.25,14.73,14.97,13.52,12.05
"2013-08-02 23:30:00",88741,0.099,0.114,0.148,14.49,15.34,15.57,15.47,14.89,14.24,14.66,14.9,13.52,12.14
"2013-08-02 23:45:00",88742,0.099,0.114,0.148,14.41,15.34,15.5,15.41,14.89,14.24,14.59,14.83,13.52,12.12
"2013-08-03 00:00:00",88743,0.099,0.114,0.148,14.34,15.34,15.45,15.36,14.89,14.25,14.53,14.76,13.52,12.14
"2013-08-03 00:15:00",88744,0.099,0.114,0.148,14.26,15.34,15.38,15.34,14.89,14.25,14.46,14.69,13.52,12.14
"2013-08-03 00:30:00",88745,0.099,0.114,0.148,14.18,15.34,15.34,15.31,14.9,14.25,14.39,14.62,13.52,12.09
"2013-08-03 00:45:00",88746,0.099,0.114,0.148,14.13,15.34,15.27,15.25,14.89,14.25,14.33,14.56,13.52,12.05
"2013-08-03 01:00:00",88747,0.099,0.114,0.148,14.04,15.34,15.21,15.21,14.89,14.25,14.27,14.49,13.52,11.91
"2013-08-03 01:15:00",88748,0.099,0.114,0.148,13.95,15.35,15.16,15.19,14.9,14.25,14.21,14.42,13.52,11.7
"2013-08-03 01:30:00",88749,0.099,0.114,0.148,13.86,15.35,15.11,15.16,14.9,14.26,14.14,14.35,13.53,11.36
"2013-08-03 01:45:00",88750,0.099,0.114,0.148,13.75,15.35,15.06,15.12,14.89,14.26,14.06,14.27,13.53,10.93
"2013-08-03 02:00:00",88751,0.099,0.114,0.148,13.65,15.35,15.03,15.08,14.88,14.26,13.98,14.18,13.53,10.65
"2013-08-03 02:15:00",88752,0.099,0.114,0.148,13.54,15.35,14.96,15.02,14.87,14.26,13.89,14.1,13.53,10.34
"2013-08-03 02:30:00",88753,0.099,0.114,0.148,13.42,15.35,14.9,15.02,14.88,14.26,13.81,14.01,13.53,9.95
"2013-08-03 02:45:00",88754,0.099,0.114,0.148,13.31,15.36,14.84,14.98,14.87,14.27,13.72,13.92,13.53,9.64
"2013-08-03 03:00:00",88755,0.099,0.114,0.148,13.22,15.36,14.79,14.93,14.85,14.27,13.63,13.83,13.53,9.5
"2013-08-03 03:15:00",88756,0.099,0.114,0.148,13.17,15.36,14.71,14.91,14.83,14.27,13.55,13.74,13.53,9.57
"2013-08-03 03:30:00",88757,0.099,0.114,0.148,13.12,15.36,14.65,14.88,14.83,14.27,13.49,13.67,13.53,9.66
"2013-08-03 03:45:00",88758,0.099,0.114,0.148,13.05,15.36,14.57,14.83,14.83,14.28,13.43,13.61,13.53,9.71
"2013-08-03 04:00:00",88759,0.099,0.114,0.148,13,15.36,14.53,14.77,14.83,14.27,13.38,13.56,13.53,9.68
"2013-08-03 04:15:00",88760,0.099,0.114,0.148,12.93,15.36,14.47,14.75,14.83,14.27,13.32,13.5,13.53,9.57
"2013-08-03 04:30:00",88761,0.099,0.114,0.148,12.86,15.36,14.42,14.71,14.82,14.27,13.26,13.43,13.53,9.37
"2013-08-03 04:45:00",88762,0.099,0.114,0.148,12.77,15.36,14.38,14.67,14.81,14.27,13.2,13.37,13.52,9.21
"2013-08-03 05:00:00",88763,0.099,0.114,0.148,12.7,15.36,14.33,14.64,14.79,14.27,13.13,13.3,13.52,9.1
"2013-08-03 05:15:00",88764,0.099,0.114,0.148,12.64,15.36,14.28,14.62,14.79,14.27,13.07,13.23,13.52,8.99
"2013-08-03 05:30:00",88765,0.099,0.114,0.148,12.54,15.36,14.22,14.58,14.79,14.27,13.01,13.17,13.52,8.77
"2013-08-03 05:45:00",88766,0.099,0.114,0.148,12.47,15.36,14.18,14.54,14.77,14.27,12.94,13.1,13.51,8.61
"2013-08-03 06:00:00",88767,0.099,0.114,0.148,12.4,15.36,14.13,14.51,14.74,14.27,12.88,13.03,13.51,8.39
"2013-08-03 06:15:00",88768,0.099,0.114,0.148,12.32,15.36,14.08,14.47,14.74,14.27,12.81,12.96,13.51,8.26
"2013-08-03 06:30:00",88769,0.099,0.114,0.148,12.24,15.36,14.03,14.41,14.72,14.27,12.74,12.88,13.51,7.927
"2013-08-03 06:45:00",88770,0.099,0.114,0.148,12.12,15.36,13.97,14.38,14.7,14.27,12.66,12.8,13.51,7.598
"2013-08-03 07:00:00",88771,0.099,0.114,0.148,12.02,15.36,13.92,14.32,14.7,14.27,12.57,12.71,13.51,7.311
"2013-08-03 07:15:00",88772,0.099,0.114,0.148,11.91,15.34,13.86,14.28,14.67,14.28,12.49,12.62,13.51,6.963
"2013-08-03 07:30:00",88773,0.099,0.114,0.148,11.81,15.33,13.81,14.26,14.66,14.28,12.39,12.52,13.52,6.744
"2013-08-03 07:45:00",88774,0.099,0.114,0.148,11.76,15.33,13.75,14.21,14.65,14.28,12.31,12.44,13.52,6.809
"2013-08-03 08:00:00",88775,0.099,0.114,0.148,11.79,15.34,13.71,14.18,14.66,14.28,12.25,12.38,13.52,7.29
"2013-08-03 08:15:00",88776,0.099,0.114,0.148,11.96,15.36,13.65,14.15,14.63,14.29,12.24,12.37,13.52,8.37
"2013-08-03 08:30:00",88777,0.099,0.114,0.148,12.24,15.37,13.61,14.11,14.63,14.32,12.29,12.43,13.53,9.82
"2013-08-03 08:45:00",88778,0.099,0.114,0.148,12.6,15.36,13.57,14.08,14.62,14.33,12.42,12.55,13.53,11.02
"2013-08-03 09:00:00",88779,0.099,0.114,0.148,12.93,15.35,13.57,14.05,14.6,14.32,12.61,12.7,13.53,12
"2013-08-03 09:15:00",88780,0.099,0.114,0.147,13.25,15.36,13.59,14.02,14.59,14.32,12.81,12.87,13.53,13.02
"2013-08-03 09:30:00",88781,0.099,0.114,0.147,13.52,15.39,13.61,13.98,14.57,14.32,13.01,13.04,13.51,14.13
"2013-08-03 09:45:00",88782,0.099,0.114,0.147,13.86,15.39,13.65,13.96,14.57,14.33,13.21,13.25,13.51,15.04
"2013-08-03 10:00:00",88783,0.099,0.114,0.147,14.14,15.38,13.7,13.96,14.53,14.33,13.41,13.49,13.52,15.75
"2013-08-03 10:15:00",88784,0.099,0.114,0.147,14.43,15.38,13.77,13.96,14.52,14.33,13.61,13.74,13.52,16.41
"2013-08-03 10:30:00",88785,0.099,0.114,0.147,14.75,15.37,13.85,13.96,14.52,14.33,13.8,14.02,13.52,17.01
"2013-08-03 10:45:00",88786,0.098,0.114,0.147,15.09,15.37,13.93,13.98,14.5,14.33,14.04,14.31,13.51,17.51
"2013-08-03 11:00:00",88787,0.098,0.114,0.147,15.51,15.36,14.03,13.99,14.48,14.33,14.38,14.61,13.52,17.87
"2013-08-03 11:15:00",88788,0.098,0.114,0.147,15.87,15.36,14.14,14.02,14.46,14.33,14.84,14.89,13.53,18.23
"2013-08-03 11:30:00",88789,0.098,0.114,0.147,16.17,15.36,14.25,14.04,14.44,14.33,15.37,15.14,13.53,18.66
"2013-08-03 11:45:00",88790,0.098,0.114,0.147,16.4,15.36,14.38,14.08,14.42,14.32,15.9,15.4,13.53,19.13
"2013-08-03 12:00:00",88791,0.098,0.114,0.147,16.59,15.36,14.5,14.13,14.42,14.32,16.34,15.67,13.54,19.7
"2013-08-03 12:15:00",88792,0.098,0.114,0.147,17,15.35,14.62,14.17,14.42,14.32,16.75,15.93,13.53,20.34
"2013-08-03 12:30:00",88793,0.098,0.114,0.147,17.6,15.35,14.78,14.24,14.42,14.32,17.08,16.22,13.53,20.8
"2013-08-03 12:45:00",88794,0.097,0.114,0.147,18.23,15.35,14.94,14.31,14.41,14.31,17.31,16.51,13.54,21.04
"2013-08-03 13:00:00",88795,0.097,0.114,0.146,18.98,15.37,15.11,14.38,14.41,14.31,17.58,16.78,13.53,21.67
"2013-08-03 13:15:00",88796,0.097,0.113,0.146,19.62,15.39,15.31,14.48,14.42,14.31,17.9,17.04,13.51,22.11
"2013-08-03 13:30:00",88797,0.097,0.113,0.146,20.04,15.39,15.52,14.57,14.4,14.31,18.19,17.28,13.5,22.28
"2013-08-03 13:45:00",88798,0.097,0.113,0.146,20.57,15.39,15.74,14.66,14.42,14.33,18.34,17.52,13.5,22.33
"2013-08-03 14:00:00",88799,0.097,0.113,0.146,21.13,15.39,15.98,14.76,14.43,14.34,18.4,17.76,13.5,22.45
"2013-08-03 14:15:00",88800,0.097,0.113,0.146,21.55,15.39,16.25,14.87,14.43,14.35,18.51,17.97,13.5,22.45
"2013-08-03 14:30:00",88801,0.097,0.113,0.146,21.52,15.39,16.5,14.99,14.44,14.33,18.6,18.14,13.49,22.45
"2013-08-03 14:45:00",88802,0.096,0.113,0.146,21.67,15.39,16.73,15.11,14.45,14.33,18.63,18.21,13.48,22.59
"2013-08-03 15:00:00",88803,0.096,0.113,0.146,21.73,15.39,16.94,15.23,14.47,14.3,18.6,18.24,13.48,22.81
"2013-08-03 15:15:00",88804,0.096,0.113,0.146,21.4,15.38,17.12,15.38,14.47,14.29,18.53,18.25,13.5,23.18
"2013-08-03 15:30:00",88805,0.096,0.113,0.146,21.01,15.37,17.28,15.53,14.48,14.29,18.43,18.24,13.51,23.7
"2013-08-03 15:45:00",88806,0.096,0.113,0.146,20.68,15.38,17.4,15.66,14.52,14.29,18.34,18.22,13.52,24.04
"2013-08-03 16:00:00",88807,0.096,0.113,0.146,20.35,15.38,17.51,15.78,14.55,14.29,18.25,18.21,13.51,24.39
"2013-08-03 16:15:00",88808,0.096,0.113,0.146,20.05,15.38,17.61,15.88,14.57,14.3,18.17,18.19,13.51,24.01
"2013-08-03 16:30:00",88809,0.096,0.113,0.146,19.75,15.38,17.66,15.97,14.58,14.3,18.08,18.14,13.51,23.41
"2013-08-03 16:45:00",88810,0.096,0.113,0.146,19.43,15.36,17.67,16.05,14.63,14.29,17.99,18.08,13.51,22.17
"2013-08-03 17:00:00",88811,0.096,0.113,0.146,19.09,15.34,17.67,16.11,14.67,14.29,17.86,17.99,13.51,20.99
"2013-08-03 17:15:00",88812,0.096,0.112,0.146,18.78,15.34,17.65,16.18,14.69,14.3,17.71,17.87,13.49,19.78
"2013-08-03 17:30:00",88813,0.096,0.112,0.146,18.48,15.35,17.63,16.22,14.73,14.3,17.55,17.73,13.47,18.69
"2013-08-03 17:45:00",88814,0.096,0.112,0.146,18.2,15.35,17.58,16.27,14.75,14.31,17.37,17.58,13.46,17.82
"2013-08-03 18:00:00",88815,0.096,0.112,0.146,17.91,15.36,17.5,16.29,14.79,14.31,17.2,17.43,13.48,17.09
"2013-08-03 18:15:00",88816,0.096,0.112,0.146,17.66,15.36,17.43,16.29,14.82,14.31,17.03,17.28,13.48,16.56
"2013-08-03 18:30:00",88817,0.096,0.112,0.146,17.42,15.36,17.36,16.32,14.85,14.32,16.87,17.13,13.48,16.14
"2013-08-03 18:45:00",88818,0.097,0.112,0.146,17.19,15.37,17.29,16.32,14.89,14.31,16.71,16.98,13.48,15.73
"2013-08-03 19:00:00",88819,0.096,0.112,0.146,16.99,15.37,17.23,16.32,14.91,14.31,16.56,16.84,13.48,15.48
"2013-08-03 19:15:00",88820,0.097,0.112,0.146,16.84,15.37,17.16,16.32,14.94,14.31,16.42,16.71,13.48,15.26
"2013-08-03 19:30:00",88821,0.097,0.112,0.145,16.68,15.37,17.07,16.3,14.97,14.3,16.29,16.59,13.48,14.97
"2013-08-03 19:45:00",88822,0.097,0.112,0.146,16.51,15.37,16.99,16.28,15,14.3,16.16,16.47,13.48,14.83
"2013-08-03 20:00:00",88823,0.097,0.112,0.145,16.38,15.37,16.92,16.25,15.02,14.3,16.05,16.36,13.48,14.71
"2013-08-03 20:15:00",88824,0.097,0.112,0.146,16.25,15.37,16.84,16.23,15.04,14.29,15.95,16.26,13.48,14.44
"2013-08-03 20:30:00",88825,0.097,0.112,0.145,16.11,15.37,16.77,16.23,15.05,14.29,15.85,16.16,13.48,14.11
"2013-08-03 20:45:00",88826,0.097,0.112,0.145,15.99,15.36,16.68,16.19,15.08,14.29,15.76,16.06,13.48,13.78
"2013-08-03 21:00:00",88827,0.097,0.112,0.145,15.86,15.35,16.61,16.16,15.1,14.29,15.66,15.97,13.49,13.47
"2013-08-03 21:15:00",88828,0.097,0.112,0.145,15.72,15.35,16.54,16.12,15.11,14.29,15.56,15.87,13.5,13.28
"2013-08-03 21:30:00",88829,0.097,0.112,0.145,15.61,15.34,16.47,16.07,15.12,14.29,15.48,15.78,13.49,13.12
"2013-08-03 21:45:00",88830,0.097,0.112,0.145,15.45,15.34,16.39,16.05,15.11,14.29,15.38,15.68,13.49,12.84
"2013-08-03 22:00:00",88831,0.097,0.112,0.145,15.31,15.34,16.32,16.02,15.13,14.3,15.29,15.58,13.49,12.53
"2013-08-03 22:15:00",88832,0.097,0.112,0.145,15.16,15.34,16.25,15.98,15.14,14.3,15.19,15.49,13.5,12.21
"2013-08-03 22:30:00",88833,0.097,0.112,0.145,15.04,15.34,16.18,15.96,15.15,14.3,15.09,15.38,13.5,12
"2013-08-03 22:45:00",88834,0.097,0.112,0.145,14.95,15.34,16.08,15.93,15.16,14.31,14.99,15.28,13.5,11.86
"2013-08-03 23:00:00",88835,0.097,0.112,0.145,14.84,15.34,16.01,15.88,15.18,14.3,14.91,15.19,13.5,11.77
"2013-08-03 23:15:00",88836,0.097,0.112,0.145,14.74,15.35,15.94,15.83,15.19,14.31,14.82,15.1,13.5,11.73
"2013-08-03 23:30:00",88837,0.097,0.112,0.145,14.66,15.35,15.87,15.8,15.2,14.31,14.74,15.02,13.5,11.66
"2013-08-03 23:45:00",88838,0.097,0.112,0.145,14.61,15.35,15.8,15.76,15.2,14.31,14.67,14.93,13.5,11.75
"2013-08-04 00:00:00",88839,0.097,0.112,0.145,14.54,15.35,15.75,15.7,15.2,14.32,14.6,14.86,13.5,11.86
"2013-08-04 00:15:00",88840,0.097,0.112,0.145,14.5,15.35,15.68,15.68,15.2,14.33,14.54,14.8,13.51,12.05
"2013-08-04 00:30:00",88841,0.097,0.112,0.145,14.44,15.35,15.62,15.64,15.19,14.33,14.49,14.75,13.51,12.19
"2013-08-04 00:45:00",88842,0.097,0.112,0.145,14.4,15.35,15.56,15.58,15.18,14.33,14.45,14.7,13.51,12.26
"2013-08-04 01:00:00",88843,0.097,0.112,0.145,14.36,15.34,15.5,15.58,15.17,14.33,14.4,14.66,13.51,12.35
"2013-08-04 01:15:00",88844,0.097,0.112,0.145,14.31,15.34,15.46,15.52,15.16,14.33,14.36,14.61,13.51,12.44
"2013-08-04 01:30:00",88845,0.097,0.112,0.145,14.26,15.34,15.4,15.48,15.15,14.34,14.32,14.57,13.51,12.39
"2013-08-04 01:45:00",88846,0.097,0.112,0.145,14.19,15.34,15.34,15.42,15.15,14.34,14.28,14.53,13.51,12.26
"2013-08-04 02:00:00",88847,0.097,0.112,0.145,14.12,15.34,15.31,15.36,15.14,14.34,14.24,14.48,13.51,12.02
"2013-08-04 02:15:00",88848,0.097,0.112,0.145,14.05,15.34,15.25,15.34,15.13,14.35,14.18,14.42,13.51,11.93
"2013-08-04 02:30:00",88849,0.097,0.112,0.145,13.98,15.34,15.2,15.32,15.11,14.35,14.13,14.37,13.5,11.96
"2013-08-04 02:45:00",88850,0.097,0.112,0.145,13.96,15.34,15.16,15.28,15.11,14.35,14.09,14.32,13.5,12.28
"2013-08-04 03:00:00",88851,0.097,0.112,0.145,13.98,15.34,15.11,15.23,15.11,14.35,14.07,14.3,13.51,12.74
"2013-08-04 03:15:00",88852,0.097,0.112,0.145,14.02,15.35,15.07,15.2,15.11,14.34,14.07,14.29,13.51,13.19
"2013-08-04 03:30:00",88853,0.097,0.112,0.145,14.06,15.36,15.04,15.18,15.11,14.35,14.07,14.3,13.51,13.52
"2013-08-04 03:45:00",88854,0.097,0.112,0.145,14.05,15.36,15.01,15.13,15.1,14.36,14.08,14.3,13.51,13.68
"2013-08-04 04:00:00",88855,0.097,0.112,0.145,14.05,15.38,14.99,15.1,15.1,14.37,14.08,14.3,13.52,13.8
"2013-08-04 04:15:00",88856,0.097,0.112,0.145,14.05,15.37,14.97,15.1,15.08,14.37,14.09,14.3,13.52,13.82
"2013-08-04 04:30:00",88857,0.097,0.112,0.145,14,15.36,14.93,15.06,15.06,14.37,14.08,14.29,13.52,13.66
"2013-08-04 04:45:00",88858,0.097,0.112,0.145,13.95,15.36,14.91,15.03,15.05,14.37,14.06,14.28,13.52,13.28
"2013-08-04 05:00:00",88859,0.097,0.112,0.145,13.88,15.35,14.88,14.99,15.03,14.36,14.03,14.24,13.52,12.98
"2013-08-04 05:15:00",88860,0.097,0.112,0.145,13.82,15.34,14.86,14.96,15.01,14.35,14,14.21,13.51,12.65
"2013-08-04 05:30:00",88861,0.097,0.112,0.146,13.75,15.34,14.84,14.94,15.01,14.34,13.96,14.16,13.51,12.33
"2013-08-04 05:45:00",88862,0.097,0.112,0.146,13.67,15.34,14.8,14.93,14.99,14.34,13.91,14.11,13.51,11.89
"2013-08-04 06:00:00",88863,0.097,0.112,0.146,13.56,15.34,14.77,14.92,14.99,14.35,13.85,14.05,13.51,11.43
"2013-08-04 06:15:00",88864,0.097,0.112,0.146,13.46,15.35,14.71,14.89,14.98,14.35,13.78,13.98,13.51,11.04
"2013-08-04 06:30:00",88865,0.097,0.112,0.146,13.38,15.35,14.67,14.86,14.97,14.35,13.71,13.91,13.5,10.77
"2013-08-04 06:45:00",88866,0.097,0.112,0.146,13.3,15.35,14.62,14.83,14.96,14.36,13.65,13.84,13.5,10.63
"2013-08-04 07:00:00",88867,0.097,0.112,0.146,13.26,15.35,14.58,14.82,14.94,14.35,13.59,13.78,13.51,10.72
"2013-08-04 07:15:00",88868,0.097,0.112,0.146,13.26,15.35,14.54,14.79,14.93,14.36,13.55,13.73,13.51,10.99
"2013-08-04 07:30:00",88869,0.097,0.112,0.146,13.27,15.35,14.51,14.75,14.92,14.36,13.52,13.7,13.51,11.27
"2013-08-04 07:45:00",88870,0.097,0.112,0.146,13.28,15.35,14.48,14.73,14.92,14.36,13.51,13.69,13.52,11.47
"2013-08-04 08:00:00",88871,0.097,0.112,0.146,13.32,15.35,14.45,14.72,14.91,14.36,13.5,13.67,13.52,11.75
"2013-08-04 08:15:00",88872,0.097,0.112,0.145,13.44,15.35,14.42,14.69,14.91,14.37,13.51,13.68,13.52,12.37
"2013-08-04 08:30:00",88873,0.097,0.112,0.145,13.63,15.36,14.4,14.65,14.91,14.39,13.57,13.74,13.52,13.16
"2013-08-04 08:45:00",88874,0.097,0.112,0.145,13.81,15.38,14.38,14.63,14.89,14.39,13.66,13.83,13.52,13.82
"2013-08-04 09:00:00",88875,0.097,0.112,0.145,13.98,15.39,14.39,14.63,14.87,14.4,13.76,13.92,13.52,14.42
"2013-08-04 09:15:00",88876,0.097,0.112,0.145,14.19,15.38,14.4,14.61,14.86,14.41,13.87,14.03,13.51,15.09
"2013-08-04 09:30:00",88877,0.097,0.112,0.145,14.45,15.38,14.42,14.58,14.87,14.4,14.02,14.17,13.52,16.02
"2013-08-04 09:45:00",88878,0.097,0.112,0.145,14.78,15.37,14.43,14.57,14.86,14.4,14.2,14.35,13.52,16.96
"2013-08-04 10:00:00",88879,0.097,0.112,0.145,15.09,15.37,14.49,14.6,14.85,14.4,14.4,14.57,13.49,17.56
"2013-08-04 10:15:00",88880,0.097,0.112,0.145,15.44,15.36,14.54,14.6,14.81,14.41,14.6,14.81,13.51,18.1
"2013-08-04 10:30:00",88881,0.097,0.112,0.145,15.78,15.36,14.62,14.6,14.8,14.41,14.81,15.08,13.52,18.48
"2013-08-04 10:45:00",88882,0.097,0.112,0.145,16.09,15.36,14.69,14.6,14.8,14.41,15.04,15.35,13.53,18.87
"2013-08-04 11:00:00",88883,0.096,0.112,0.145,16.46,15.36,14.82,14.63,14.79,14.41,15.38,15.63,13.53,19.21
"2013-08-04 11:15:00",88884,0.096,0.112,0.145,16.79,15.36,14.91,14.64,14.79,14.41,15.85,15.9,13.51,19.6
"2013-08-04 11:30:00",88885,0.096,0.111,0.145,17.07,15.35,15.03,14.65,14.78,14.4,16.4,16.15,13.51,19.84
"2013-08-04 11:45:00",88886,0.096,0.111,0.145,17.29,15.35,15.13,14.7,14.77,14.4,16.93,16.4,13.5,20.13
"2013-08-04 12:00:00",88887,0.096,0.111,0.145,17.49,15.35,15.24,14.75,14.75,14.4,17.37,16.66,13.49,20.53
"2013-08-04 12:15:00",88888,0.096,0.111,0.145,17.96,15.35,15.38,14.79,14.74,14.4,17.78,16.92,13.48,21.1
"2013-08-04 12:30:00",88889,0.096,0.111,0.145,18.59,15.35,15.52,14.85,14.74,14.41,18.12,17.21,13.47,21.53
"2013-08-04 12:45:00",88890,0.095,0.111,0.145,19.35,15.38,15.68,14.9,14.74,14.42,18.39,17.51,13.46,21.78
"2013-08-04 13:00:00",88891,0.095,0.111,0.144,20.11,15.39,15.85,14.99,14.75,14.43,18.7,17.8,13.48,22.11
"2013-08-04 13:15:00",88892,0.095,0.111,0.144,20.75,15.39,16.06,15.06,14.75,14.44,19.01,18.07,13.47,22.45
"2013-08-04 13:30:00",88893,0.095,0.111,0.144,20.94,15.39,16.32,15.15,14.74,14.44,19.27,18.28,13.47,22.56
"2013-08-04 13:45:00",88894,0.095,0.111,0.144,21.3,15.39,16.55,15.24,14.76,14.44,19.36,18.49,13.46,22.73
"2013-08-04 14:00:00",88895,0.095,0.111,0.144,21.79,15.38,16.78,15.36,14.76,14.43,19.4,18.7,13.5,23.07
"2013-08-04 14:15:00",88896,0.095,0.111,0.144,22.22,15.38,16.99,15.5,14.77,14.43,19.51,18.9,13.52,23.35
"2013-08-04 14:30:00",88897,0.095,0.111,0.144,22.23,15.38,17.22,15.63,14.78,14.43,19.6,19.05,13.52,23.29
"2013-08-04 14:45:00",88898,0.095,0.111,0.144,22.25,15.38,17.43,15.75,14.8,14.43,19.61,19.11,13.53,22.95
"2013-08-04 15:00:00",88899,0.095,0.111,0.144,21.99,15.38,17.67,15.88,14.81,14.4,19.55,19.13,13.52,22.39
"2013-08-04 15:15:00",88900,0.094,0.111,0.144,21.59,15.35,17.83,16,14.82,14.39,19.44,19.1,13.53,22.22
"2013-08-04 15:30:00",88901,0.095,0.111,0.144,21.22,15.34,17.97,16.11,14.85,14.4,19.32,19.07,13.52,21.42
"2013-08-04 15:45:00",88902,0.095,0.11,0.144,20.82,15.34,18.08,16.23,14.87,14.39,19.18,19,13.5,20.77
"2013-08-04 16:00:00",88903,0.095,0.11,0.144,20.43,15.35,18.12,16.33,14.89,14.4,19.03,18.91,13.5,20.18
"2013-08-04 16:15:00",88904,0.095,0.11,0.144,20.1,15.35,18.16,16.43,14.93,14.4,18.87,18.81,13.49,19.81
"2013-08-04 16:30:00",88905,0.095,0.11,0.144,19.81,15.35,18.18,16.53,14.97,14.4,18.72,18.71,13.49,19.65
"2013-08-04 16:45:00",88906,0.095,0.11,0.144,19.56,15.35,18.16,16.61,14.98,14.4,18.58,18.61,13.48,19.84
"2013-08-04 17:00:00",88907,0.095,0.11,0.143,19.32,15.35,18.14,16.67,15.01,14.4,18.45,18.52,13.48,19.6
"2013-08-04 17:15:00",88908,0.095,0.11,0.143,19.04,15.35,18.12,16.71,15.05,14.41,18.31,18.4,13.46,18.95
"2013-08-04 17:30:00",88909,0.095,0.11,0.143,18.75,15.35,18.07,16.76,15.07,14.4,18.15,18.28,13.48,18.28
"2013-08-04 17:45:00",88910,0.095,0.11,0.143,18.46,15.36,18.01,16.78,15.11,14.41,17.98,18.13,13.49,17.51
"2013-08-04 18:00:00",88911,0.095,0.11,0.143,18.19,15.36,17.96,16.78,15.16,14.41,17.81,17.98,13.47,16.98
"2013-08-04 18:15:00",88912,0.095,0.11,0.143,17.96,15.36,17.9,16.79,15.18,14.41,17.63,17.83,13.47,16.59
"2013-08-04 18:30:00",88913,0.095,0.11,0.143,17.74,15.37,17.83,16.8,15.22,14.42,17.47,17.68,13.48,16.19
"2013-08-04 18:45:00",88914,0.095,0.11,0.143,17.54,15.37,17.74,16.79,15.26,14.42,17.31,17.53,13.48,15.97
"2013-08-04 19:00:00",88915,0.095,0.11,0.143,17.35,15.37,17.66,16.79,15.27,14.41,17.16,17.4,13.49,15.77
"2013-08-04 19:15:00",88916,0.095,0.11,0.143,17.19,15.37,17.56,16.76,15.29,14.42,17.03,17.28,13.48,15.51
"2013-08-04 19:30:00",88917,0.095,0.11,0.143,16.97,15.36,17.46,16.74,15.33,14.42,16.89,17.15,13.49,14.97
"2013-08-04 19:45:00",88918,0.095,0.11,0.143,16.79,15.36,17.38,16.71,15.36,14.41,16.75,17.01,13.5,14.47
"2013-08-04 20:00:00",88919,0.095,0.11,0.143,16.59,15.34,17.3,16.7,15.39,14.4,16.6,16.87,13.51,13.99
"2013-08-04 20:15:00",88920,0.095,0.11,0.143,16.4,15.33,17.22,16.67,15.41,14.39,16.46,16.73,13.51,13.47
"2013-08-04 20:30:00",88921,0.095,0.11,0.143,16.2,15.34,17.14,16.64,15.4,14.4,16.31,16.58,13.5,12.91
"2013-08-04 20:45:00",88922,0.095,0.11,0.143,16,15.34,17.05,16.6,15.41,14.41,16.16,16.44,13.51,12.44
"2013-08-04 21:00:00",88923,0.095,0.11,0.143,15.81,15.34,16.96,16.56,15.44,14.41,16.01,16.29,13.51,12.02
"2013-08-04 21:15:00",88924,0.095,0.11,0.143,15.64,15.34,16.87,16.52,15.47,14.42,15.87,16.15,13.5,11.54
"2013-08-04 21:30:00",88925,0.095,0.11,0.143,15.43,15.35,16.78,16.48,15.49,14.42,15.73,16,13.5,11.11
"2013-08-04 21:45:00",88926,0.095,0.11,0.143,15.25,15.35,16.69,16.41,15.49,14.43,15.59,15.85,13.49,10.81
"2013-08-04 22:00:00",88927,0.095,0.11,0.143,15.09,15.35,16.59,16.38,15.49,14.43,15.46,15.72,13.49,10.54
"2013-08-04 22:15:00",88928,0.095,0.11,0.143,14.94,15.35,16.5,16.32,15.49,14.43,15.33,15.59,13.49,10.31
"2013-08-04 22:30:00",88929,0.095,0.11,0.143,14.8,15.35,16.41,16.26,15.49,14.44,15.21,15.46,13.5,10.11
"2013-08-04 22:45:00",88930,0.095,0.11,0.143,14.68,15.35,16.33,16.24,15.5,14.43,15.09,15.34,13.5,10.06
"2013-08-04 23:00:00",88931,0.095,0.11,0.143,14.58,15.35,16.23,16.18,15.5,14.45,14.98,15.22,13.51,10.11
"2013-08-04 23:15:00",88932,0.096,0.11,0.143,14.49,15.35,16.13,16.14,15.5,14.45,14.88,15.12,13.51,10.09
"2013-08-04 23:30:00",88933,0.096,0.11,0.143,14.39,15.35,16.02,16.08,15.5,14.45,14.79,15.02,13.51,10
"2013-08-04 23:45:00",88934,0.096,0.11,0.143,14.29,15.36,15.96,16.03,15.5,14.45,14.7,14.92,13.51,10.02
"2013-08-05 00:00:00",88935,0.096,0.11,0.143,14.21,15.36,15.87,15.98,15.5,14.45,14.61,14.83,13.52,10.04
"2013-08-05 00:15:00",88936,0.096,0.11,0.143,14.14,15.36,15.79,15.91,15.5,14.45,14.53,14.74,13.52,10.2
"2013-08-05 00:30:00",88937,0.096,0.11,0.143,14.09,15.35,15.71,15.87,15.49,14.45,14.46,14.67,13.52,10.4
"2013-08-05 00:45:00",88938,0.096,0.11,0.143,14.05,15.35,15.64,15.81,15.49,14.45,14.41,14.61,13.53,10.67
"2013-08-05 01:00:00",88939,0.096,0.11,0.143,14.02,15.35,15.56,15.78,15.49,14.45,14.35,14.55,13.53,10.88
"2013-08-05 01:15:00",88940,0.096,0.11,0.143,14,15.35,15.51,15.72,15.48,14.45,14.31,14.5,13.53,11.06
"2013-08-05 01:30:00",88941,0.096,0.11,0.143,13.96,15.35,15.45,15.68,15.47,14.45,14.27,14.46,13.53,11.29
"2013-08-05 01:45:00",88942,0.096,0.11,0.143,13.94,15.35,15.4,15.63,15.45,14.45,14.24,14.42,13.53,11.54
"2013-08-05 02:00:00",88943,0.096,0.11,0.143,13.94,15.35,15.34,15.59,15.43,14.46,14.21,14.39,13.53,11.75
"2013-08-05 02:15:00",88944,0.096,0.11,0.143,13.94,15.35,15.29,15.56,15.4,14.47,14.19,14.37,13.53,11.89
"2013-08-05 02:30:00",88945,0.096,0.11,0.143,13.92,15.35,15.23,15.49,15.4,14.47,14.17,14.34,13.53,11.89
"2013-08-05 02:45:00",88946,0.096,0.11,0.143,13.84,15.35,15.19,15.45,15.39,14.46,14.14,14.31,13.52,11.66
"2013-08-05 03:00:00",88947,0.096,0.11,0.143,13.77,15.35,15.14,15.38,15.39,14.46,14.1,14.27,13.52,11.24
"2013-08-05 03:15:00",88948,0.096,0.11,0.143,13.69,15.35,15.11,15.34,15.38,14.45,14.05,14.22,13.53,10.9
"2013-08-05 03:30:00",88949,0.096,0.11,0.143,13.59,15.35,15.05,15.3,15.36,14.45,13.99,14.16,13.53,10.52
"2013-08-05 03:45:00",88950,0.096,0.11,0.143,13.5,15.35,15.04,15.27,15.35,14.45,13.92,14.09,13.52,10.22
"2013-08-05 04:00:00",88951,0.096,0.11,0.143,13.42,15.35,14.98,15.22,15.34,14.45,13.85,14.02,13.52,9.93
"2013-08-05 04:15:00",88952,0.096,0.11,0.143,13.34,15.35,14.92,15.18,15.31,14.46,13.78,13.95,13.52,9.86
"2013-08-05 04:30:00",88953,0.096,0.11,0.143,13.31,15.36,14.9,15.14,15.31,14.47,13.72,13.88,13.52,9.88
"2013-08-05 04:45:00",88954,0.096,0.11,0.143,13.26,15.36,14.84,15.12,15.29,14.48,13.66,13.83,13.52,9.95
"2013-08-05 05:00:00",88955,0.096,0.11,0.143,13.22,15.36,14.79,15.08,15.26,14.48,13.62,13.78,13.52,10
"2013-08-05 05:15:00",88956,0.096,0.11,0.143,13.19,15.36,14.72,15.03,15.24,14.49,13.58,13.73,13.52,9.95
"2013-08-05 05:30:00",88957,0.096,0.11,0.143,13.13,15.36,14.67,15.02,15.22,14.49,13.53,13.69,13.51,9.82
"2013-08-05 05:45:00",88958,0.096,0.11,0.143,13.05,15.36,14.62,14.97,15.2,14.49,13.49,13.64,13.5,9.52
"2013-08-05 06:00:00",88959,0.096,0.11,0.143,12.94,15.36,14.57,14.92,15.2,14.5,13.43,13.58,13.5,9.17
"2013-08-05 06:15:00",88960,0.096,0.11,0.143,12.84,15.36,14.54,14.9,15.17,14.49,13.36,13.51,13.49,8.81
"2013-08-05 06:30:00",88961,0.096,0.11,0.143,12.74,15.36,14.48,14.87,15.15,14.5,13.28,13.43,13.48,8.55
"2013-08-05 06:45:00",88962,0.096,0.11,0.143,12.64,15.36,14.43,14.83,15.13,14.5,13.2,13.35,13.48,8.3
"2013-08-05 07:00:00",88963,0.096,0.11,0.143,12.55,15.36,14.38,14.79,15.12,14.5,13.12,13.27,13.5,8.13
"2013-08-05 07:15:00",88964,0.096,0.11,0.143,12.49,15.36,14.34,14.75,15.12,14.51,13.05,13.19,13.51,7.993
"2013-08-05 07:30:00",88965,0.096,0.11,0.143,12.42,15.36,14.28,14.73,15.09,14.51,12.98,13.12,13.51,7.97
"2013-08-05 07:45:00",88966,0.096,0.11,0.143,12.4,15.36,14.23,14.68,15.07,14.51,12.92,13.05,13.51,8.06
"2013-08-05 08:00:00",88967,0.096,0.11,0.143,12.42,15.37,14.19,14.65,15.05,14.51,12.87,13.01,13.52,8.41
"2013-08-05 08:15:00",88968,0.096,0.11,0.143,12.53,15.36,14.16,14.63,15.04,14.51,12.86,13,13.51,9.21
"2013-08-05 08:30:00",88969,0.096,0.11,0.143,12.77,15.36,14.11,14.59,15.05,14.51,12.91,13.04,13.52,10.56
"2013-08-05 08:45:00",88970,0.096,0.11,0.143,13.14,15.36,14.08,14.57,15.02,14.51,13.02,13.14,13.52,11.82
"2013-08-05 09:00:00",88971,0.096,0.11,0.143,13.53,15.37,14.07,14.54,15.02,14.52,13.21,13.29,13.53,12.93
"2013-08-05 09:15:00",88972,0.096,0.11,0.143,13.85,15.38,14.09,14.52,15.01,14.53,13.42,13.46,13.52,13.85
"2013-08-05 09:30:00",88973,0.096,0.11,0.143,14.1,15.39,14.11,14.48,14.98,14.53,13.61,13.64,13.52,14.68
"2013-08-05 09:45:00",88974,0.096,0.11,0.143,14.33,15.38,14.15,14.44,14.96,14.53,13.78,13.84,13.51,15.43
"2013-08-05 10:00:00",88975,0.095,0.11,0.143,14.59,15.38,14.21,14.45,14.96,14.53,13.96,14.06,13.52,16.07
"2013-08-05 10:15:00",88976,0.095,0.11,0.143,14.83,15.37,14.27,14.44,14.94,14.55,14.13,14.29,13.53,16.66
"2013-08-05 10:30:00",88977,0.095,0.11,0.143,15.14,15.37,14.33,14.45,14.91,14.55,14.31,14.55,13.53,17.19
"2013-08-05 10:45:00",88978,0.095,0.109,0.143,15.49,15.37,14.42,14.47,14.9,14.55,14.54,14.83,13.52,17.69
"2013-08-05 11:00:00",88979,0.095,0.109,0.143,15.85,15.36,14.51,14.5,14.88,14.55,14.9,15.12,13.5,18.23
"2013-08-05 11:15:00",88980,0.095,0.109,0.143,16.18,15.36,14.6,14.5,14.88,14.54,15.37,15.4,13.49,18.71
"2013-08-05 11:30:00",88981,0.095,0.109,0.143,16.47,15.36,14.73,14.53,14.86,14.54,15.83,15.65,13.51,19.18
"2013-08-05 11:45:00",88982,0.095,0.109,0.142,16.75,15.36,14.86,14.57,14.84,14.54,16.32,15.92,13.5,19.65
"2013-08-05 12:00:00",88983,0.094,0.109,0.142,17.03,15.35,14.97,14.62,14.83,14.54,16.78,16.19,13.5,20.08
"2013-08-05 12:15:00",88984,0.094,0.109,0.142,17.65,15.36,15.09,14.65,14.81,14.54,17.24,16.48,13.5,20.69
"2013-08-05 12:30:00",88985,0.094,0.109,0.142,18.25,15.38,15.23,14.71,14.81,14.54,17.62,16.78,13.51,21.37
"2013-08-05 12:45:00",88986,0.094,0.109,0.142,19.02,15.39,15.41,14.77,14.81,14.56,17.93,17.1,13.5,21.81
"2013-08-05 13:00:00",88987,0.094,0.109,0.142,19.81,15.39,15.6,14.84,14.82,14.56,18.28,17.42,13.52,22.17
"2013-08-05 13:15:00",88988,0.094,0.109,0.142,20.44,15.39,15.82,14.92,14.82,14.56,18.62,17.7,13.53,22.42
"2013-08-05 13:30:00",88989,0.094,0.109,0.142,20.81,15.39,16.06,15,14.82,14.56,18.91,17.95,13.53,22.53
"2013-08-05 13:45:00",88990,0.094,0.109,0.142,21.27,15.38,16.33,15.11,14.81,14.56,19.06,18.2,13.52,22.73
"2013-08-05 14:00:00",88991,0.094,0.109,0.142,21.75,15.38,16.58,15.22,14.81,14.56,19.13,18.43,13.51,22.98
"2013-08-05 14:15:00",88992,0.094,0.108,0.142,22.17,15.38,16.82,15.34,14.82,14.56,19.25,18.64,13.52,23.27
"2013-08-05 14:30:00",88993,0.093,0.108,0.142,22.32,15.38,17.06,15.5,14.84,14.54,19.37,18.81,13.52,23.7
"2013-08-05 14:45:00",88994,0.093,0.108,0.141,22.49,15.38,17.29,15.64,14.86,14.55,19.42,18.9,13.5,23.87
"2013-08-05 15:00:00",88995,0.093,0.108,0.141,22.54,15.38,17.51,15.77,14.86,14.55,19.39,18.95,13.5,23.93
"2013-08-05 15:15:00",88996,0.093,0.108,0.141,22.2,15.38,17.74,15.9,14.86,14.55,19.33,18.98,13.5,24.45
"2013-08-05 15:30:00",88997,0.093,0.108,0.141,21.79,15.38,17.9,16.03,14.88,14.55,19.25,18.98,13.52,24.63
"2013-08-05 15:45:00",88998,0.093,0.108,0.141,21.41,15.38,18.05,16.17,14.91,14.54,19.17,18.98,13.53,25.19
"2013-08-05 16:00:00",88999,0.093,0.108,0.141,21.14,15.37,18.15,16.28,14.95,14.54,19.09,18.97,13.51,25.61
"2013-08-05 16:15:00",89000,0.093,0.108,0.141,20.86,15.37,18.21,16.38,14.95,14.53,19.01,18.96,13.51,25.61
"2013-08-05 16:30:00",89001,0.093,0.108,0.141,20.57,15.37,18.26,16.48,14.99,14.52,18.95,18.94,13.52,25.22
"2013-08-05 16:45:00",89002,0.093,0.108,0.141,20.25,15.37,18.27,16.58,15.03,14.52,18.86,18.89,13.53,24.04
"2013-08-05 17:00:00",89003,0.093,0.108,0.141,19.95,15.35,18.27,16.65,15.04,14.51,18.75,18.83,13.52,22.59
"2013-08-05 17:15:00",89004,0.093,0.108,0.141,19.62,15.34,18.27,16.71,15.08,14.49,18.62,18.73,13.51,21.31
"2013-08-05 17:30:00",89005,0.093,0.108,0.141,19.31,15.34,18.24,16.76,15.13,14.49,18.46,18.61,13.51,20.26
"2013-08-05 17:45:00",89006,0.093,0.108,0.141,19.03,15.35,18.21,16.8,15.15,14.5,18.3,18.47,13.52,19.42
"2013-08-05 18:00:00",89007,0.093,0.108,0.141,18.75,15.35,18.15,16.84,15.18,14.51,18.13,18.33,13.52,18.64
"2013-08-05 18:15:00",89008,0.093,0.108,0.141,18.49,15.35,18.11,16.87,15.2,14.51,17.96,18.18,13.5,17.92
"2013-08-05 18:30:00",89009,0.093,0.108,0.141,18.23,15.36,18.04,16.87,15.25,14.52,17.8,18.03,13.48,17.31
"2013-08-05 18:45:00",89010,0.093,0.108,0.141,18,15.36,17.96,16.87,15.28,14.51,17.63,17.88,13.49,16.84
"2013-08-05 19:00:00",89011,0.093,0.108,0.141,17.78,15.36,17.88,16.88,15.31,14.51,17.47,17.74,13.5,16.39
"2013-08-05 19:15:00",89012,0.093,0.108,0.141,17.54,15.37,17.83,16.87,15.35,14.51,17.31,17.59,13.48,15.8
"2013-08-05 19:30:00",89013,0.094,0.108,0.141,17.3,15.36,17.74,16.86,15.38,14.51,17.16,17.44,13.48,15.14
"2013-08-05 19:45:00",89014,0.094,0.108,0.141,17.07,15.37,17.64,16.85,15.41,14.52,17,17.29,13.48,14.47
"2013-08-05 20:00:00",89015,0.094,0.108,0.141,16.86,15.34,17.54,16.82,15.42,14.51,16.84,17.13,13.51,13.82
"2013-08-05 20:15:00",89016,0.094,0.108,0.141,16.64,15.33,17.43,16.81,15.45,14.49,16.68,16.97,13.51,13.23
"2013-08-05 20:30:00",89017,0.094,0.108,0.141,16.43,15.34,17.33,16.8,15.48,14.48,16.52,16.81,13.51,12.72
"2013-08-05 20:45:00",89018,0.094,0.107,0.141,16.24,15.34,17.25,16.76,15.49,14.49,16.37,16.65,13.51,12.28
"2013-08-05 21:00:00",89019,0.094,0.108,0.141,16.06,15.34,17.17,16.72,15.5,14.49,16.22,16.5,13.52,11.84
"2013-08-05 21:15:00",89020,0.094,0.107,0.141,15.84,15.34,17.07,16.67,15.52,14.5,16.07,16.35,13.52,11.27
"2013-08-05 21:30:00",89021,0.094,0.107,0.141,15.64,15.35,16.97,16.63,15.54,14.5,15.9,16.18,13.52,10.83
"2013-08-05 21:45:00",89022,0.094,0.108,0.141,15.44,15.35,16.88,16.6,15.57,14.5,15.75,16.03,13.52,10.65
"2013-08-05 22:00:00",89023,0.094,0.108,0.141,15.3,15.35,16.79,16.54,15.59,14.5,15.61,15.89,13.52,10.58
"2013-08-05 22:15:00",89024,0.094,0.108,0.141,15.17,15.35,16.68,16.49,15.59,14.5,15.49,15.76,13.52,10.47
"2013-08-05 22:30:00",89025,0.094,0.107,0.141,15.07,15.35,16.58,16.42,15.59,14.51,15.38,15.64,13.52,10.63
"2013-08-05 22:45:00",89026,0.094,0.108,0.141,15,15.35,16.49,16.38,15.59,14.52,15.28,15.54,13.52,10.99
"2013-08-05 23:00:00",89027,0.094,0.107,0.141,14.97,15.35,16.41,16.32,15.6,14.52,15.21,15.46,13.52,11.52
"2013-08-05 23:15:00",89028,0.094,0.108,0.141,14.96,15.35,16.34,16.28,15.61,14.52,15.15,15.4,13.52,11.84
"2013-08-05 23:30:00",89029,0.094,0.108,0.141,14.9,15.35,16.26,16.22,15.62,14.52,15.11,15.35,13.52,12.05
"2013-08-05 23:45:00",89030,0.094,0.107,0.141,14.87,15.35,16.19,16.17,15.61,14.53,15.07,15.31,13.52,12.23
"2013-08-06 00:00:00",89031,0.094,0.108,0.141,14.82,15.34,16.1,16.13,15.61,14.53,15.02,15.26,13.52,12.23
"2013-08-06 00:15:00",89032,0.094,0.107,0.141,14.74,15.34,16.03,16.07,15.6,14.53,14.98,15.21,13.52,12.28
"2013-08-06 00:30:00",89033,0.094,0.107,0.141,14.72,15.34,15.97,16.04,15.59,14.53,14.93,15.16,13.52,12.42
"2013-08-06 00:45:00",89034,0.094,0.107,0.141,14.67,15.34,15.91,15.99,15.58,14.54,14.89,15.12,13.52,12.44
"2013-08-06 01:00:00",89035,0.094,0.107,0.141,14.62,15.34,15.85,15.96,15.58,14.53,14.85,15.08,13.52,12.39
"2013-08-06 01:15:00",89036,0.094,0.107,0.141,14.56,15.34,15.79,15.91,15.58,14.54,14.8,15.03,13.52,12.35
"2013-08-06 01:30:00",89037,0.094,0.107,0.141,14.5,15.34,15.76,15.86,15.56,14.54,14.75,14.97,13.52,12.23
"2013-08-06 01:45:00",89038,0.094,0.107,0.141,14.41,15.34,15.7,15.81,15.55,14.55,14.7,14.92,13.52,11.89
"2013-08-06 02:00:00",89039,0.094,0.108,0.141,14.3,15.35,15.66,15.78,15.54,14.55,14.63,14.85,13.52,11.47
"2013-08-06 02:15:00",89040,0.094,0.107,0.141,14.2,15.35,15.6,15.74,15.53,14.55,14.55,14.77,13.52,11.13
"2013-08-06 02:30:00",89041,0.094,0.107,0.141,14.12,15.35,15.54,15.7,15.52,14.55,14.47,14.69,13.52,10.93
"2013-08-06 02:45:00",89042,0.094,0.108,0.141,14.01,15.35,15.49,15.68,15.5,14.55,14.4,14.61,13.52,10.61
"2013-08-06 03:00:00",89043,0.094,0.107,0.141,13.9,15.35,15.44,15.64,15.49,14.55,14.32,14.53,13.52,10.34
"2013-08-06 03:15:00",89044,0.094,0.107,0.141,13.8,15.35,15.38,15.58,15.47,14.55,14.24,14.44,13.52,10.02
"2013-08-06 03:30:00",89045,0.094,0.107,0.141,13.69,15.35,15.31,15.54,15.46,14.56,14.15,14.35,13.51,9.79
"2013-08-06 03:45:00",89046,0.094,0.107,0.141,13.62,15.36,15.25,15.5,15.47,14.56,14.06,14.27,13.51,9.59
"2013-08-06 04:00:00",89047,0.094,0.107,0.141,13.51,15.36,15.19,15.46,15.45,14.57,13.98,14.18,13.5,9.37
"2013-08-06 04:15:00",89048,0.094,0.108,0.141,13.42,15.36,15.13,15.4,15.43,14.58,13.9,14.1,13.49,9.19
"2013-08-06 04:30:00",89049,0.094,0.108,0.141,13.34,15.35,15.08,15.36,15.41,14.59,13.83,14.02,13.49,8.99
"2013-08-06 04:45:00",89050,0.094,0.108,0.141,13.25,15.36,15.02,15.31,15.4,14.59,13.75,13.94,13.49,8.81
"2013-08-06 05:00:00",89051,0.094,0.107,0.141,13.15,15.36,14.97,15.26,15.39,14.59,13.67,13.86,13.49,8.63
"2013-08-06 05:15:00",89052,0.094,0.108,0.141,13.05,15.36,14.91,15.21,15.37,14.59,13.59,13.77,13.48,8.37
"2013-08-06 05:30:00",89053,0.094,0.107,0.141,12.93,15.35,14.85,15.19,15.36,14.6,13.5,13.68,13.48,8.13
"2013-08-06 05:45:00",89054,0.094,0.107,0.141,12.82,15.36,14.79,15.13,15.34,14.61,13.42,13.59,13.49,7.882
"2013-08-06 06:00:00",89055,0.094,0.107,0.141,12.72,15.36,14.72,15.11,15.32,14.61,13.32,13.5,13.49,7.641
