"TOA5","WTC06","CR1000","33293","CR1000.Std.19","CPU:WTCsensors_Ch6.CR1","34106","Table1"
"TIMESTAMP","RECORD","VW_Avg(1)","VW_Avg(2)","VW_Avg(3)","VW_Avg(4)","SoilTempProbe_Avg(1)","SoilTempProbe_Avg(2)","SoilTempProbe_Avg(3)","SoilTempProbe_Avg(4)","SoilTempProbe_Avg(5)","SoilTempProbe_Avg(6)","SoilTemp_Avg(1)","SoilTemp_Avg(2)","BattV_Min","PTemp"
"TS","RN","","","","","Deg C","Deg C","Deg C","Deg C","Deg C","Deg C","Deg C","Deg C","Volts",""
"","","Avg","Avg","Avg","Avg","Avg","Avg","Avg","Avg","Avg","Avg","Avg","Avg","Min","Smp"
"2013-07-31 06:15:00",88479,0.103,0.099,0.126,0.164,14.83,14.77,14.98,14.93,14.65,14.41,15.19,15.21,13.53,16.09
"2013-07-31 06:30:00",88480,0.103,0.099,0.126,0.164,14.83,14.75,14.97,14.92,14.64,14.41,15.18,15.21,13.53,16.09
"2013-07-31 06:45:00",88481,0.103,0.099,0.126,0.164,14.83,14.74,14.96,14.92,14.64,14.41,15.18,15.21,13.53,16.12
"2013-07-31 07:00:00",88482,0.103,0.099,0.126,0.164,14.8,14.74,14.96,14.92,14.64,14.41,15.17,15.2,13.53,16.14
"2013-07-31 07:15:00",88483,0.103,0.099,0.126,0.164,14.79,14.74,14.94,14.91,14.64,14.42,15.16,15.19,13.53,16.19
"2013-07-31 07:30:00",88484,0.103,0.099,0.126,0.164,14.79,14.73,14.93,14.9,14.63,14.42,15.15,15.18,13.53,16.22
"2013-07-31 07:45:00",88485,0.103,0.099,0.126,0.164,14.8,14.74,14.93,14.9,14.63,14.42,15.14,15.17,13.53,16.32
"2013-07-31 08:00:00",88486,0.103,0.099,0.126,0.164,14.84,14.74,14.93,14.89,14.62,14.42,15.14,15.18,13.53,16.41
"2013-07-31 08:15:00",88487,0.103,0.099,0.126,0.164,14.91,14.74,14.92,14.88,14.62,14.43,15.16,15.2,13.53,16.51
"2013-07-31 08:30:00",88488,0.103,0.099,0.126,0.164,14.96,14.78,14.92,14.88,14.61,14.45,15.18,15.23,13.53,16.61
"2013-07-31 08:45:00",88489,0.103,0.099,0.126,0.164,15.03,14.81,14.93,14.87,14.61,14.44,15.21,15.26,13.53,16.84
"2013-07-31 09:00:00",88490,0.103,0.099,0.126,0.164,15.16,14.89,14.93,14.86,14.6,14.44,15.26,15.32,13.53,17.11
"2013-07-31 09:15:00",88491,0.103,0.099,0.126,0.164,15.31,14.99,14.93,14.86,14.6,14.44,15.34,15.4,13.53,17.39
"2013-07-31 09:30:00",88492,0.103,0.099,0.126,0.164,15.48,15.09,14.94,14.85,14.59,14.45,15.44,15.5,13.53,17.66
"2013-07-31 09:45:00",88493,0.103,0.099,0.126,0.164,15.72,15.2,14.97,14.85,14.59,14.44,15.56,15.63,13.53,18.02
"2013-07-31 10:00:00",88494,0.103,0.099,0.126,0.164,16.06,15.36,15.01,14.85,14.59,14.44,15.68,15.81,13.53,18.35
"2013-07-31 10:15:00",88495,0.103,0.099,0.126,0.164,16.3,15.55,15.07,14.87,14.59,14.45,15.81,16.01,13.53,18.58
"2013-07-31 10:30:00",88496,0.103,0.099,0.126,0.164,16.44,15.69,15.11,14.87,14.59,14.44,15.96,16.17,13.53,18.84
"2013-07-31 10:45:00",88497,0.103,0.099,0.126,0.164,16.58,15.81,15.2,14.88,14.59,14.44,16.1,16.29,13.53,19.15
"2013-07-31 11:00:00",88498,0.103,0.098,0.126,0.164,16.7,15.94,15.24,14.92,14.59,14.44,16.25,16.41,13.54,19.36
"2013-07-31 11:15:00",88499,0.103,0.098,0.126,0.164,16.78,16.06,15.32,14.94,14.59,14.44,16.39,16.51,13.54,19.57
"2013-07-31 11:30:00",88500,0.103,0.098,0.126,0.164,16.84,16.14,15.37,14.96,14.59,14.44,16.51,16.59,13.54,19.65
"2013-07-31 11:45:00",88501,0.103,0.098,0.126,0.164,16.81,16.21,15.46,14.98,14.59,14.44,16.61,16.65,13.54,19.55
"2013-07-31 12:00:00",88502,0.103,0.098,0.126,0.164,16.73,16.23,15.5,15.02,14.59,14.44,16.66,16.65,13.54,19.39
"2013-07-31 12:15:00",88503,0.102,0.098,0.126,0.164,16.72,16.24,15.56,15.05,14.59,14.44,16.68,16.64,13.54,19.44
"2013-07-31 12:30:00",88504,0.102,0.098,0.126,0.164,16.87,16.25,15.6,15.09,14.6,14.45,16.72,16.67,13.54,19.76
"2013-07-31 12:45:00",88505,0.102,0.098,0.126,0.163,17.02,16.35,15.62,15.13,14.6,14.44,16.82,16.76,13.54,19.89
"2013-07-31 13:00:00",88506,0.102,0.098,0.126,0.163,16.99,16.39,15.66,15.15,14.6,14.44,16.9,16.82,13.54,19.84
"2013-07-31 13:15:00",88507,0.102,0.098,0.125,0.163,16.95,16.42,15.71,15.17,14.6,14.44,16.94,16.84,13.54,19.81
"2013-07-31 13:30:00",88508,0.102,0.098,0.125,0.163,16.95,16.43,15.72,15.21,14.6,14.44,16.96,16.84,13.54,19.89
"2013-07-31 13:45:00",88509,0.102,0.098,0.125,0.163,17.04,16.47,15.77,15.24,14.62,14.45,17,16.87,13.54,20.08
"2013-07-31 14:00:00",88510,0.102,0.098,0.125,0.163,17.07,16.49,15.81,15.25,14.63,14.45,17.06,16.92,13.54,20.08
"2013-07-31 14:15:00",88511,0.102,0.098,0.125,0.163,17.03,16.53,15.84,15.27,14.63,14.45,17.1,16.95,13.54,19.92
"2013-07-31 14:30:00",88512,0.102,0.098,0.125,0.163,16.91,16.5,15.87,15.31,14.64,14.44,17.1,16.92,13.54,19.65
"2013-07-31 14:45:00",88513,0.102,0.098,0.125,0.163,16.8,16.47,15.92,15.34,14.65,14.45,17.07,16.87,13.54,19.42
"2013-07-31 15:00:00",88514,0.102,0.098,0.125,0.163,16.71,16.42,15.94,15.34,14.67,14.45,17.02,16.82,13.54,19.26
"2013-07-31 15:15:00",88515,0.102,0.098,0.125,0.163,16.64,16.37,15.95,15.35,14.68,14.46,16.97,16.77,13.54,19.15
"2013-07-31 15:30:00",88516,0.102,0.098,0.125,0.163,16.58,16.34,15.95,15.36,14.68,14.45,16.92,16.72,13.53,19.05
"2013-07-31 15:45:00",88517,0.102,0.098,0.125,0.163,16.53,16.28,15.95,15.39,14.7,14.46,16.88,16.68,13.54,18.97
"2013-07-31 16:00:00",88518,0.102,0.098,0.125,0.163,16.48,16.24,15.95,15.41,14.71,14.47,16.84,16.64,13.53,18.87
"2013-07-31 16:15:00",88519,0.102,0.098,0.125,0.163,16.43,16.22,15.95,15.43,14.72,14.47,16.8,16.61,13.53,18.74
"2013-07-31 16:30:00",88520,0.102,0.098,0.125,0.163,16.35,16.17,15.93,15.44,14.72,14.47,16.76,16.57,13.54,18.64
"2013-07-31 16:45:00",88521,0.102,0.098,0.125,0.163,16.3,16.13,15.91,15.44,14.73,14.48,16.71,16.52,13.53,18.51
"2013-07-31 17:00:00",88522,0.102,0.098,0.125,0.163,16.24,16.1,15.89,15.44,14.73,14.47,16.67,16.48,13.53,18.38
"2013-07-31 17:15:00",88523,0.102,0.098,0.125,0.163,16.19,16.05,15.86,15.44,14.74,14.48,16.62,16.44,13.53,18.2
"2013-07-31 17:30:00",88524,0.102,0.098,0.125,0.163,16.12,15.98,15.84,15.44,14.76,14.48,16.57,16.39,13.53,17.92
"2013-07-31 17:45:00",88525,0.102,0.098,0.125,0.163,16.03,15.91,15.82,15.45,14.78,14.49,16.51,16.33,13.53,17.51
"2013-07-31 18:00:00",88526,0.102,0.098,0.125,0.163,15.92,15.86,15.82,15.44,14.78,14.49,16.45,16.26,13.53,17.06
"2013-07-31 18:15:00",88527,0.102,0.098,0.125,0.163,15.79,15.76,15.81,15.44,14.78,14.49,16.37,16.19,13.53,16.54
"2013-07-31 18:30:00",88528,0.102,0.098,0.125,0.163,15.65,15.7,15.78,15.45,14.79,14.48,16.28,16.1,13.53,15.92
"2013-07-31 18:45:00",88529,0.102,0.098,0.125,0.163,15.5,15.63,15.73,15.45,14.8,14.47,16.19,16,13.53,15.26
"2013-07-31 19:00:00",88530,0.102,0.098,0.125,0.163,15.34,15.51,15.69,15.44,14.8,14.47,16.09,15.89,13.53,14.64
"2013-07-31 19:15:00",88531,0.102,0.098,0.125,0.163,15.18,15.4,15.66,15.43,14.79,14.45,15.99,15.78,13.53,14.11
"2013-07-31 19:30:00",88532,0.102,0.098,0.125,0.163,15.05,15.3,15.64,15.41,14.79,14.46,15.88,15.66,13.53,13.66
"2013-07-31 19:45:00",88533,0.102,0.098,0.125,0.163,14.91,15.2,15.58,15.41,14.8,14.46,15.77,15.54,13.53,13.28
"2013-07-31 20:00:00",88534,0.102,0.098,0.125,0.163,14.78,15.1,15.54,15.4,14.82,14.47,15.66,15.42,13.53,13.02
"2013-07-31 20:15:00",88535,0.102,0.098,0.125,0.163,14.66,15,15.49,15.38,14.83,14.47,15.56,15.32,13.53,12.77
"2013-07-31 20:30:00",88536,0.102,0.098,0.125,0.163,14.54,14.88,15.42,15.37,14.83,14.47,15.46,15.22,13.53,12.44
"2013-07-31 20:45:00",88537,0.102,0.098,0.125,0.163,14.4,14.76,15.37,15.34,14.83,14.47,15.36,15.11,13.53,12.26
"2013-07-31 21:00:00",88538,0.102,0.098,0.125,0.163,14.28,14.66,15.3,15.31,14.84,14.47,15.26,15.01,13.53,12.21
"2013-07-31 21:15:00",88539,0.102,0.098,0.125,0.163,14.22,14.58,15.26,15.28,14.84,14.47,15.17,14.92,13.53,12.14
"2013-07-31 21:30:00",88540,0.102,0.098,0.125,0.163,14.12,14.49,15.19,15.27,14.85,14.47,15.09,14.84,13.53,12.07
"2013-07-31 21:45:00",88541,0.102,0.098,0.125,0.163,14.05,14.42,15.14,15.26,14.84,14.47,15.01,14.77,13.53,12.05
"2013-07-31 22:00:00",88542,0.102,0.098,0.125,0.163,13.99,14.34,15.09,15.22,14.85,14.47,14.93,14.69,13.53,12.05
"2013-07-31 22:15:00",88543,0.102,0.098,0.125,0.163,13.95,14.31,15.03,15.18,14.84,14.47,14.87,14.63,13.53,12.12
"2013-07-31 22:30:00",88544,0.102,0.098,0.125,0.163,13.91,14.24,14.98,15.17,14.84,14.47,14.81,14.58,13.53,12.26
"2013-07-31 22:45:00",88545,0.102,0.098,0.125,0.163,13.89,14.21,14.92,15.14,14.83,14.48,14.76,14.55,13.53,12.44
"2013-07-31 23:00:00",88546,0.102,0.098,0.125,0.163,13.86,14.18,14.87,15.08,14.82,14.48,14.71,14.51,13.53,12.63
"2013-07-31 23:15:00",88547,0.102,0.098,0.125,0.163,13.86,14.15,14.84,15.07,14.81,14.48,14.68,14.49,13.53,12.79
"2013-07-31 23:30:00",88548,0.102,0.098,0.125,0.163,13.85,14.13,14.8,15.04,14.8,14.48,14.65,14.47,13.53,12.91
"2013-07-31 23:45:00",88549,0.102,0.098,0.125,0.163,13.87,14.09,14.76,15,14.8,14.49,14.62,14.46,13.53,12.98
"2013-08-01 00:00:00",88550,0.102,0.098,0.125,0.163,13.85,14.08,14.74,14.97,14.8,14.48,14.59,14.44,13.53,13
"2013-08-01 00:15:00",88551,0.102,0.098,0.125,0.163,13.82,14.08,14.71,14.93,14.8,14.5,14.56,14.42,13.53,13.02
"2013-08-01 00:30:00",88552,0.102,0.098,0.125,0.163,13.79,14.04,14.68,14.9,14.8,14.49,14.53,14.4,13.53,13
"2013-08-01 00:45:00",88553,0.102,0.098,0.125,0.163,13.76,14.01,14.63,14.89,14.79,14.5,14.5,14.37,13.53,12.95
"2013-08-01 01:00:00",88554,0.102,0.098,0.125,0.163,13.73,13.96,14.61,14.87,14.79,14.5,14.47,14.34,13.53,12.81
"2013-08-01 01:15:00",88555,0.102,0.098,0.125,0.163,13.66,13.94,14.56,14.84,14.78,14.51,14.43,14.3,13.53,12.51
"2013-08-01 01:30:00",88556,0.102,0.098,0.125,0.163,13.58,13.88,14.53,14.8,14.76,14.51,14.38,14.25,13.53,12.16
"2013-08-01 01:45:00",88557,0.102,0.098,0.125,0.163,13.48,13.83,14.49,14.77,14.75,14.51,14.32,14.19,13.53,11.73
"2013-08-01 02:00:00",88558,0.102,0.098,0.125,0.163,13.37,13.74,14.47,14.75,14.74,14.51,14.26,14.11,13.53,11.36
"2013-08-01 02:15:00",88559,0.102,0.098,0.125,0.163,13.27,13.63,14.44,14.73,14.72,14.51,14.19,14.02,13.53,11.11
"2013-08-01 02:30:00",88560,0.102,0.098,0.125,0.163,13.17,13.56,14.38,14.71,14.72,14.52,14.11,13.93,13.53,10.81
"2013-08-01 02:45:00",88561,0.102,0.098,0.125,0.163,13.06,13.49,14.35,14.69,14.71,14.52,14.03,13.84,13.53,10.56
"2013-08-01 03:00:00",88562,0.102,0.098,0.125,0.163,12.93,13.42,14.31,14.67,14.71,14.52,13.95,13.75,13.53,10.31
"2013-08-01 03:15:00",88563,0.102,0.098,0.125,0.163,12.84,13.34,14.25,14.63,14.68,14.52,13.87,13.66,13.53,10.09
"2013-08-01 03:30:00",88564,0.102,0.098,0.125,0.163,12.73,13.25,14.22,14.62,14.67,14.52,13.79,13.57,13.53,9.84
"2013-08-01 03:45:00",88565,0.102,0.098,0.125,0.163,12.6,13.17,14.16,14.59,14.66,14.52,13.7,13.48,13.53,9.55
"2013-08-01 04:00:00",88566,0.102,0.098,0.125,0.163,12.49,13.08,14.11,14.56,14.65,14.52,13.62,13.39,13.53,9.26
"2013-08-01 04:15:00",88567,0.102,0.098,0.125,0.163,12.38,12.98,14.05,14.51,14.63,14.52,13.53,13.29,13.53,8.94
"2013-08-01 04:30:00",88568,0.102,0.098,0.125,0.163,12.26,12.89,13.98,14.46,14.62,14.53,13.45,13.19,13.53,8.68
"2013-08-01 04:45:00",88569,0.102,0.098,0.125,0.163,12.16,12.81,13.95,14.43,14.62,14.52,13.35,13.09,13.53,8.48
"2013-08-01 05:00:00",88570,0.102,0.098,0.125,0.163,12.06,12.7,13.88,14.41,14.62,14.52,13.26,12.99,13.53,8.3
"2013-08-01 05:15:00",88571,0.102,0.098,0.125,0.163,11.96,12.59,13.84,14.37,14.62,14.52,13.18,12.9,13.53,8.17
"2013-08-01 05:30:00",88572,0.102,0.098,0.125,0.163,11.87,12.5,13.77,14.33,14.6,14.51,13.09,12.81,13.53,8.06
"2013-08-01 05:45:00",88573,0.102,0.098,0.125,0.163,11.78,12.42,13.71,14.3,14.58,14.51,13.01,12.72,13.53,7.905
"2013-08-01 06:00:00",88574,0.102,0.098,0.125,0.163,11.69,12.33,13.64,14.25,14.56,14.51,12.92,12.63,13.53,7.729
"2013-08-01 06:15:00",88575,0.102,0.098,0.125,0.163,11.57,12.25,13.59,14.2,14.54,14.51,12.84,12.55,13.53,7.575
"2013-08-01 06:30:00",88576,0.102,0.098,0.125,0.163,11.47,12.16,13.52,14.19,14.53,14.5,12.75,12.45,13.53,7.399
"2013-08-01 06:45:00",88577,0.102,0.098,0.125,0.163,11.38,12.08,13.48,14.14,14.52,14.5,12.67,12.36,13.53,7.225
"2013-08-01 07:00:00",88578,0.102,0.098,0.125,0.163,11.29,11.99,13.41,14.08,14.49,14.5,12.59,12.27,13.53,7.114
"2013-08-01 07:15:00",88579,0.102,0.098,0.125,0.163,11.22,11.92,13.34,14.06,14.47,14.51,12.5,12.18,13.53,7.071
"2013-08-01 07:30:00",88580,0.102,0.098,0.125,0.163,11.16,11.83,13.26,14.02,14.46,14.5,12.42,12.11,13.53,7.094
"2013-08-01 07:45:00",88581,0.102,0.098,0.125,0.163,11.12,11.79,13.2,13.97,14.44,14.5,12.36,12.05,13.53,7.18
"2013-08-01 08:00:00",88582,0.102,0.098,0.125,0.163,11.12,11.74,13.13,13.94,14.44,14.5,12.31,12,13.53,7.444
"2013-08-01 08:15:00",88583,0.102,0.098,0.125,0.163,11.2,11.7,13.1,13.89,14.42,14.51,12.28,11.98,13.53,7.905
"2013-08-01 08:30:00",88584,0.102,0.098,0.125,0.163,11.31,11.73,13.03,13.86,14.39,14.52,12.28,12,13.53,8.48
"2013-08-01 08:45:00",88585,0.102,0.098,0.125,0.163,11.47,11.8,13.01,13.8,14.38,14.53,12.31,12.07,13.53,9.03
"2013-08-01 09:00:00",88586,0.102,0.098,0.125,0.163,11.65,11.86,12.98,13.76,14.36,14.53,12.37,12.16,13.53,9.66
"2013-08-01 09:15:00",88587,0.102,0.098,0.125,0.163,11.86,11.96,12.96,13.74,14.35,14.52,12.43,12.27,13.53,10.36
"2013-08-01 09:30:00",88588,0.102,0.098,0.125,0.163,12.15,12.09,12.96,13.69,14.33,14.53,12.53,12.41,13.53,11.2
"2013-08-01 09:45:00",88589,0.102,0.098,0.125,0.163,12.56,12.28,12.96,13.67,14.31,14.52,12.65,12.64,13.53,12.05
"2013-08-01 10:00:00",88590,0.102,0.098,0.125,0.163,13.23,12.58,13,13.64,14.29,14.53,12.82,13.04,13.53,13
"2013-08-01 10:15:00",88591,0.102,0.098,0.125,0.163,14,13.02,13.06,13.59,14.28,14.52,13.04,13.53,13.53,14.04
"2013-08-01 10:30:00",88592,0.102,0.098,0.125,0.163,14.64,13.45,13.14,13.58,14.25,14.52,13.37,14.02,13.53,14.95
"2013-08-01 10:45:00",88593,0.102,0.098,0.125,0.163,15.18,13.87,13.26,13.56,14.21,14.51,13.81,14.53,13.53,15.85
"2013-08-01 11:00:00",88594,0.102,0.098,0.125,0.163,15.67,14.25,13.42,13.58,14.19,14.5,14.32,14.96,13.53,16.71
"2013-08-01 11:15:00",88595,0.102,0.098,0.125,0.163,16.18,14.66,13.58,13.63,14.17,14.51,14.81,15.27,13.53,17.46
"2013-08-01 11:30:00",88596,0.102,0.098,0.125,0.163,16.6,15.09,13.75,13.7,14.14,14.51,15.29,15.59,13.53,18.2
"2013-08-01 11:45:00",88597,0.102,0.098,0.125,0.163,17.24,15.46,13.93,13.73,14.12,14.5,15.77,15.92,13.53,18.92
"2013-08-01 12:00:00",88598,0.102,0.098,0.125,0.163,18.12,15.95,14.12,13.8,14.12,14.51,16.25,16.27,13.53,19.57
"2013-08-01 12:15:00",88599,0.102,0.098,0.125,0.163,18.87,16.51,14.32,13.85,14.11,14.52,16.67,16.63,13.54,20.21
"2013-08-01 12:30:00",88600,0.102,0.098,0.125,0.163,19.58,17.06,14.57,13.95,14.11,14.53,17.05,16.99,13.54,20.66
"2013-08-01 12:45:00",88601,0.102,0.098,0.125,0.163,20.2,17.59,14.86,14.03,14.11,14.53,17.48,17.34,13.53,21.21
"2013-08-01 13:00:00",88602,0.102,0.098,0.125,0.163,20.66,18.04,15.12,14.12,14.09,14.53,17.88,17.65,13.53,21.7
"2013-08-01 13:15:00",88603,0.102,0.098,0.125,0.163,21.01,18.47,15.39,14.23,14.08,14.53,18.23,17.88,13.53,22.08
"2013-08-01 13:30:00",88604,0.102,0.098,0.125,0.163,21.46,18.86,15.66,14.36,14.09,14.53,18.46,18.05,13.53,22.33
"2013-08-01 13:45:00",88605,0.102,0.098,0.125,0.163,21.82,19.22,15.93,14.49,14.09,14.53,18.69,18.16,13.53,22.64
"2013-08-01 14:00:00",88606,0.101,0.098,0.125,0.163,21.91,19.54,16.19,14.63,14.1,14.53,18.96,18.2,13.53,22.9
"2013-08-01 14:15:00",88607,0.101,0.098,0.125,0.163,21.82,19.71,16.43,14.77,14.11,14.53,19.22,18.21,13.53,23.07
"2013-08-01 14:30:00",88608,0.101,0.098,0.125,0.163,21.59,19.78,16.66,14.91,14.14,14.53,19.42,18.19,13.53,23.38
"2013-08-01 14:45:00",88609,0.101,0.097,0.125,0.163,21.41,19.76,16.84,15.07,14.15,14.53,19.56,18.15,13.54,24.04
"2013-08-01 15:00:00",88610,0.101,0.097,0.125,0.163,21.2,19.72,16.99,15.2,14.17,14.52,19.59,18.09,13.54,25.1
"2013-08-01 15:15:00",88611,0.101,0.097,0.125,0.163,20.94,19.67,17.13,15.32,14.2,14.52,19.52,18.04,13.53,26.44
"2013-08-01 15:30:00",88612,0.101,0.097,0.125,0.163,20.68,19.57,17.27,15.44,14.26,14.52,19.4,17.99,13.53,27.66
"2013-08-01 15:45:00",88613,0.101,0.097,0.125,0.163,20.43,19.44,17.34,15.57,14.3,14.52,19.28,17.96,13.53,28.56
"2013-08-01 16:00:00",88614,0.101,0.097,0.125,0.163,20.22,19.28,17.4,15.68,14.32,14.51,19.15,17.93,13.53,27.88
"2013-08-01 16:15:00",88615,0.101,0.097,0.125,0.163,19.95,19.13,17.41,15.78,14.35,14.51,19.02,17.9,13.53,26.47
"2013-08-01 16:30:00",88616,0.101,0.097,0.125,0.163,19.68,18.98,17.44,15.86,14.4,14.51,18.89,17.86,13.53,24.66
"2013-08-01 16:45:00",88617,0.101,0.097,0.125,0.163,19.38,18.83,17.45,15.91,14.42,14.51,18.76,17.8,13.53,23.15
"2013-08-01 17:00:00",88618,0.101,0.097,0.125,0.163,19.07,18.64,17.44,15.98,14.46,14.51,18.6,17.7,13.53,21.92
"2013-08-01 17:15:00",88619,0.101,0.097,0.125,0.163,18.79,18.46,17.41,16.03,14.51,14.51,18.45,17.59,13.53,20.83
"2013-08-01 17:30:00",88620,0.101,0.097,0.125,0.163,18.47,18.25,17.37,16.07,14.53,14.51,18.28,17.47,13.53,19.78
"2013-08-01 17:45:00",88621,0.101,0.097,0.125,0.163,18.19,18.05,17.33,16.1,14.58,14.5,18.11,17.34,13.53,18.79
"2013-08-01 18:00:00",88622,0.101,0.097,0.125,0.163,17.93,17.87,17.3,16.13,14.6,14.49,17.93,17.2,13.53,17.79
"2013-08-01 18:15:00",88623,0.101,0.097,0.125,0.163,17.65,17.67,17.2,16.13,14.65,14.49,17.75,17.04,13.53,16.86
"2013-08-01 18:30:00",88624,0.101,0.097,0.125,0.163,17.4,17.48,17.12,16.14,14.69,14.49,17.57,16.89,13.53,16.14
"2013-08-01 18:45:00",88625,0.101,0.097,0.125,0.163,17.14,17.29,17.02,16.16,14.7,14.49,17.4,16.75,13.53,15.48
"2013-08-01 19:00:00",88626,0.101,0.097,0.125,0.163,16.9,17.08,16.95,16.16,14.74,14.48,17.23,16.61,13.53,15.02
"2013-08-01 19:15:00",88627,0.101,0.097,0.125,0.163,16.71,16.89,16.87,16.15,14.78,14.48,17.07,16.48,13.53,14.56
"2013-08-01 19:30:00",88628,0.101,0.097,0.125,0.163,16.5,16.72,16.77,16.13,14.79,14.47,16.91,16.34,13.53,14.11
"2013-08-01 19:45:00",88629,0.101,0.097,0.125,0.163,16.29,16.55,16.7,16.11,14.81,14.47,16.76,16.21,13.53,13.54
"2013-08-01 20:00:00",88630,0.101,0.097,0.125,0.163,16.07,16.39,16.62,16.1,14.84,14.47,16.59,16.07,13.53,13
"2013-08-01 20:15:00",88631,0.101,0.097,0.125,0.163,15.88,16.22,16.53,16.08,14.87,14.47,16.43,15.92,13.53,12.63
"2013-08-01 20:30:00",88632,0.101,0.097,0.125,0.163,15.68,16.05,16.45,16.06,14.9,14.48,16.27,15.78,13.53,12.39
"2013-08-01 20:45:00",88633,0.101,0.097,0.125,0.163,15.52,15.89,16.36,16.02,14.89,14.47,16.13,15.66,13.53,12.23
"2013-08-01 21:00:00",88634,0.101,0.097,0.125,0.163,15.37,15.75,16.26,15.98,14.9,14.47,16,15.54,13.53,12.07
"2013-08-01 21:15:00",88635,0.101,0.097,0.125,0.163,15.23,15.62,16.19,15.96,14.93,14.47,15.87,15.43,13.53,11.91
"2013-08-01 21:30:00",88636,0.101,0.097,0.125,0.163,15.09,15.5,16.1,15.92,14.94,14.47,15.74,15.33,13.53,11.79
"2013-08-01 21:45:00",88637,0.101,0.097,0.125,0.163,14.96,15.38,16.02,15.86,14.95,14.47,15.63,15.23,13.53,11.63
"2013-08-01 22:00:00",88638,0.101,0.097,0.124,0.163,14.81,15.26,15.93,15.84,14.97,14.47,15.51,15.12,13.53,11.38
"2013-08-01 22:15:00",88639,0.101,0.097,0.124,0.163,14.67,15.14,15.82,15.79,14.98,14.48,15.39,15.02,13.53,11.22
"2013-08-01 22:30:00",88640,0.101,0.097,0.124,0.163,14.56,15.03,15.74,15.75,14.99,14.48,15.28,14.92,13.53,11.13
"2013-08-01 22:45:00",88641,0.101,0.097,0.124,0.163,14.44,14.92,15.66,15.73,14.99,14.48,15.17,14.82,13.53,11.02
"2013-08-01 23:00:00",88642,0.101,0.097,0.124,0.163,14.29,14.78,15.61,15.67,15,14.49,15.06,14.73,13.53,10.79
"2013-08-01 23:15:00",88643,0.101,0.097,0.124,0.163,14.16,14.67,15.51,15.62,15,14.49,14.95,14.63,13.53,10.49
"2013-08-01 23:30:00",88644,0.101,0.097,0.124,0.163,14.01,14.54,15.45,15.56,15.01,14.49,14.84,14.52,13.53,10.18
"2013-08-01 23:45:00",88645,0.101,0.097,0.124,0.163,13.87,14.43,15.38,15.49,15,14.49,14.72,14.41,13.53,9.88
"2013-08-02 00:00:00",88646,0.101,0.097,0.125,0.163,13.74,14.32,15.29,15.47,15,14.49,14.6,14.3,13.53,9.64
"2013-08-02 00:15:00",88647,0.101,0.097,0.125,0.163,13.61,14.19,15.21,15.41,15,14.5,14.49,14.19,13.53,9.35
"2013-08-02 00:30:00",88648,0.101,0.097,0.125,0.163,13.48,14.09,15.12,15.38,15,14.5,14.38,14.09,13.53,9.12
"2013-08-02 00:45:00",88649,0.101,0.097,0.125,0.163,13.37,13.97,15.05,15.34,14.99,14.51,14.27,13.98,13.53,8.94
"2013-08-02 01:00:00",88650,0.101,0.097,0.124,0.163,13.25,13.87,14.97,15.29,14.97,14.51,14.17,13.87,13.53,8.77
"2013-08-02 01:15:00",88651,0.101,0.097,0.124,0.163,13.13,13.74,14.88,15.24,14.96,14.51,14.08,13.77,13.53,8.59
"2013-08-02 01:30:00",88652,0.101,0.097,0.124,0.163,13,13.63,14.8,15.2,14.96,14.51,13.99,13.67,13.53,8.3
"2013-08-02 01:45:00",88653,0.101,0.097,0.125,0.163,12.86,13.53,14.72,15.14,14.95,14.52,13.9,13.56,13.53,8.15
"2013-08-02 02:00:00",88654,0.101,0.097,0.124,0.163,12.75,13.42,14.65,15.1,14.93,14.51,13.81,13.46,13.53,8.02
"2013-08-02 02:15:00",88655,0.101,0.097,0.124,0.162,12.63,13.32,14.55,15.04,14.91,14.51,13.73,13.36,13.53,7.905
"2013-08-02 02:30:00",88656,0.101,0.097,0.125,0.163,12.53,13.23,14.46,14.98,14.91,14.51,13.64,13.26,13.53,7.839
"2013-08-02 02:45:00",88657,0.101,0.097,0.125,0.162,12.44,13.15,14.4,14.95,14.9,14.5,13.55,13.17,13.53,7.641
"2013-08-02 03:00:00",88658,0.101,0.097,0.125,0.162,12.33,13.05,14.32,14.88,14.88,14.51,13.47,13.08,13.53,7.421
"2013-08-02 03:15:00",88659,0.101,0.097,0.124,0.162,12.21,12.95,14.24,14.83,14.86,14.51,13.39,12.98,13.53,7.378
"2013-08-02 03:30:00",88660,0.101,0.097,0.124,0.162,12.15,12.86,14.18,14.79,14.84,14.51,13.31,12.9,13.53,7.487
"2013-08-02 03:45:00",88661,0.101,0.097,0.124,0.162,12.09,12.8,14.1,14.73,14.84,14.5,13.23,12.82,13.53,7.706
"2013-08-02 04:00:00",88662,0.101,0.097,0.124,0.162,12.07,12.72,14.04,14.69,14.82,14.51,13.17,12.77,13.53,7.97
"2013-08-02 04:15:00",88663,0.101,0.097,0.124,0.162,12.07,12.65,13.97,14.62,14.82,14.51,13.13,12.73,13.53,8.23
"2013-08-02 04:30:00",88664,0.101,0.097,0.124,0.162,12.06,12.62,13.92,14.58,14.79,14.52,13.09,12.7,13.53,8.5
"2013-08-02 04:45:00",88665,0.101,0.097,0.124,0.162,12.06,12.55,13.86,14.52,14.77,14.53,13.06,12.68,13.53,8.72
"2013-08-02 05:00:00",88666,0.101,0.097,0.124,0.162,12.03,12.53,13.8,14.46,14.74,14.53,13.03,12.67,13.53,8.83
"2013-08-02 05:15:00",88667,0.101,0.097,0.124,0.162,12,12.51,13.75,14.43,14.72,14.52,13,12.64,13.53,8.88
"2013-08-02 05:30:00",88668,0.101,0.097,0.124,0.162,11.96,12.46,13.72,14.38,14.72,14.52,12.97,12.62,13.53,8.86
"2013-08-02 05:45:00",88669,0.101,0.097,0.124,0.162,11.94,12.43,13.66,14.34,14.71,14.52,12.94,12.59,13.53,8.79
"2013-08-02 06:00:00",88670,0.101,0.097,0.124,0.162,11.88,12.4,13.63,14.3,14.67,14.52,12.89,12.55,13.53,8.72
"2013-08-02 06:15:00",88671,0.101,0.097,0.124,0.162,11.85,12.34,13.58,14.24,14.65,14.52,12.85,12.51,13.53,8.63
"2013-08-02 06:30:00",88672,0.101,0.097,0.124,0.162,11.79,12.3,13.52,14.21,14.62,14.52,12.81,12.47,13.53,8.48
"2013-08-02 06:45:00",88673,0.101,0.097,0.124,0.162,11.71,12.24,13.49,14.18,14.62,14.52,12.77,12.42,13.53,8.33
"2013-08-02 07:00:00",88674,0.101,0.097,0.124,0.162,11.66,12.17,13.45,14.13,14.61,14.52,12.72,12.37,13.53,8.28
"2013-08-02 07:15:00",88675,0.101,0.097,0.124,0.162,11.6,12.15,13.41,14.09,14.58,14.53,12.67,12.32,13.53,8.33
"2013-08-02 07:30:00",88676,0.101,0.097,0.124,0.162,11.59,12.1,13.38,14.06,14.56,14.52,12.63,12.29,13.53,8.41
"2013-08-02 07:45:00",88677,0.101,0.097,0.124,0.162,11.59,12.07,13.33,14.03,14.53,14.53,12.6,12.26,13.53,8.63
"2013-08-02 08:00:00",88678,0.101,0.097,0.124,0.162,11.64,12.06,13.27,13.97,14.51,14.53,12.59,12.25,13.53,8.9
"2013-08-02 08:15:00",88679,0.101,0.097,0.124,0.162,11.7,12.06,13.24,13.95,14.49,14.53,12.59,12.26,13.53,9.21
"2013-08-02 08:30:00",88680,0.101,0.097,0.124,0.162,11.75,12.06,13.21,13.93,14.48,14.53,12.6,12.29,13.53,9.59
"2013-08-02 08:45:00",88681,0.101,0.097,0.124,0.162,11.85,12.11,13.17,13.88,14.44,14.53,12.62,12.32,13.53,10
"2013-08-02 09:00:00",88682,0.101,0.097,0.124,0.162,11.98,12.17,13.16,13.86,14.42,14.53,12.67,12.38,13.53,10.45
"2013-08-02 09:15:00",88683,0.101,0.097,0.124,0.162,12.18,12.24,13.16,13.84,14.39,14.53,12.74,12.47,13.53,10.97
"2013-08-02 09:30:00",88684,0.101,0.097,0.124,0.162,12.37,12.36,13.16,13.8,14.39,14.54,12.85,12.59,13.53,11.52
"2013-08-02 09:45:00",88685,0.101,0.097,0.124,0.162,12.6,12.48,13.16,13.76,14.38,14.55,12.97,12.74,13.53,12.12
"2013-08-02 10:00:00",88686,0.101,0.097,0.124,0.162,13.03,12.67,13.18,13.76,14.36,14.55,13.12,12.91,13.53,13
"2013-08-02 10:15:00",88687,0.101,0.097,0.124,0.162,13.81,13.01,13.2,13.75,14.33,14.56,13.33,13.21,13.53,13.97
"2013-08-02 10:30:00",88688,0.101,0.097,0.124,0.162,14.54,13.44,13.28,13.75,14.32,14.56,13.67,13.6,13.53,14.52
"2013-08-02 10:45:00",88689,0.101,0.097,0.124,0.162,14.88,13.83,13.4,13.73,14.31,14.56,14.09,13.99,13.53,14.9
"2013-08-02 11:00:00",88690,0.101,0.097,0.124,0.162,15.15,14.11,13.5,13.74,14.29,14.55,14.44,14.26,13.53,15.41
"2013-08-02 11:15:00",88691,0.101,0.097,0.124,0.162,15.36,14.35,13.64,13.75,14.26,14.55,14.77,14.49,13.53,15.8
"2013-08-02 11:30:00",88692,0.101,0.097,0.124,0.162,15.69,14.58,13.77,13.79,14.23,14.55,15.04,14.72,13.53,16.56
"2013-08-02 11:45:00",88693,0.101,0.097,0.124,0.162,16.32,14.92,13.9,13.84,14.22,14.54,15.37,15.03,13.53,17.34
"2013-08-02 12:00:00",88694,0.101,0.097,0.124,0.162,17.15,15.38,14.04,13.86,14.2,14.55,15.79,15.4,13.53,18.12
"2013-08-02 12:15:00",88695,0.101,0.097,0.124,0.162,17.95,15.88,14.21,13.92,14.18,14.54,16.18,15.79,13.53,19.18
"2013-08-02 12:30:00",88696,0.101,0.097,0.124,0.162,18.74,16.44,14.4,13.96,14.16,14.54,16.59,16.23,13.53,20.02
"2013-08-02 12:45:00",88697,0.101,0.097,0.124,0.162,19.45,16.99,14.63,14.05,14.15,14.54,17.05,16.66,13.54,20.88
"2013-08-02 13:00:00",88698,0.101,0.097,0.124,0.162,20.08,17.55,14.9,14.12,14.15,14.54,17.51,17.04,13.53,21.59
"2013-08-02 13:15:00",88699,0.101,0.097,0.124,0.162,20.53,17.99,15.16,14.2,14.14,14.55,17.91,17.35,13.53,22.17
"2013-08-02 13:30:00",88700,0.1,0.097,0.124,0.162,21.08,18.46,15.42,14.32,14.15,14.56,18.18,17.59,13.53,22.67
"2013-08-02 13:45:00",88701,0.1,0.097,0.124,0.162,21.55,18.88,15.68,14.44,14.15,14.56,18.46,17.76,13.53,23.04
"2013-08-02 14:00:00",88702,0.1,0.097,0.124,0.162,21.83,19.26,15.97,14.56,14.15,14.56,18.78,17.86,13.54,23.44
"2013-08-02 14:15:00",88703,0.1,0.097,0.124,0.162,21.93,19.57,16.24,14.69,14.16,14.55,19.09,17.94,13.54,23.75
"2013-08-02 14:30:00",88704,0.1,0.097,0.124,0.162,21.85,19.73,16.47,14.83,14.17,14.55,19.34,17.98,13.54,24.19
"2013-08-02 14:45:00",88705,0.1,0.097,0.124,0.162,21.72,19.81,16.69,14.98,14.19,14.55,19.51,17.99,13.54,24.22
"2013-08-02 15:00:00",88706,0.1,0.097,0.124,0.162,21.36,19.79,16.86,15.11,14.22,14.54,19.57,17.97,13.53,24.36
"2013-08-02 15:15:00",88707,0.1,0.097,0.124,0.162,21.05,19.69,17.01,15.24,14.27,14.54,19.51,17.95,13.53,25.22
"2013-08-02 15:30:00",88708,0.1,0.097,0.124,0.162,20.82,19.6,17.14,15.37,14.29,14.54,19.43,17.94,13.53,26.5
"2013-08-02 15:45:00",88709,0.1,0.097,0.124,0.162,20.66,19.51,17.28,15.47,14.31,14.53,19.36,17.96,13.53,27.78
"2013-08-02 16:00:00",88710,0.1,0.097,0.124,0.162,20.52,19.43,17.33,15.6,14.33,14.52,19.3,18,13.53,27.53
"2013-08-02 16:15:00",88711,0.1,0.097,0.124,0.162,20.35,19.32,17.39,15.71,14.37,14.52,19.24,18.04,13.53,26.47
"2013-08-02 16:30:00",88712,0.1,0.097,0.124,0.162,20.1,19.2,17.41,15.79,14.41,14.52,19.18,18.05,13.53,25.16
"2013-08-02 16:45:00",88713,0.1,0.097,0.124,0.162,19.77,19.04,17.45,15.88,14.42,14.52,19.08,18,13.53,24.1
"2013-08-02 17:00:00",88714,0.1,0.097,0.124,0.162,19.49,18.88,17.46,15.94,14.47,14.52,18.96,17.92,13.53,23.1
"2013-08-02 17:15:00",88715,0.1,0.096,0.124,0.162,19.2,18.72,17.46,15.99,14.51,14.52,18.83,17.82,13.53,22.19
"2013-08-02 17:30:00",88716,0.1,0.096,0.124,0.162,18.92,18.54,17.44,16.04,14.53,14.52,18.68,17.71,13.53,21.37
"2013-08-02 17:45:00",88717,0.1,0.096,0.124,0.162,18.65,18.36,17.4,16.08,14.58,14.52,18.53,17.6,13.53,20.58
"2013-08-02 18:00:00",88718,0.1,0.096,0.124,0.162,18.37,18.16,17.35,16.12,14.61,14.51,18.38,17.47,13.53,19.86
"2013-08-02 18:15:00",88719,0.1,0.096,0.124,0.162,18.14,17.99,17.33,16.16,14.64,14.51,18.21,17.34,13.53,19.18
"2013-08-02 18:30:00",88720,0.1,0.096,0.124,0.162,17.92,17.82,17.27,16.15,14.68,14.5,18.06,17.21,13.53,18.74
"2013-08-02 18:45:00",88721,0.1,0.096,0.124,0.162,17.74,17.66,17.2,16.17,14.72,14.49,17.91,17.1,13.53,18.48
"2013-08-02 19:00:00",88722,0.1,0.096,0.124,0.162,17.58,17.52,17.11,16.18,14.74,14.5,17.77,16.99,13.53,18.28
"2013-08-02 19:15:00",88723,0.1,0.096,0.124,0.162,17.42,17.39,17.04,16.19,14.78,14.5,17.64,16.89,13.53,17.89
"2013-08-02 19:30:00",88724,0.1,0.096,0.124,0.162,17.24,17.26,16.99,16.19,14.82,14.5,17.52,16.8,13.53,17.41
"2013-08-02 19:45:00",88725,0.1,0.096,0.124,0.162,17.01,17.07,16.9,16.17,14.83,14.5,17.39,16.69,13.53,16.96
"2013-08-02 20:00:00",88726,0.1,0.096,0.124,0.162,16.85,16.94,16.86,16.16,14.85,14.5,17.26,16.58,13.53,16.49
"2013-08-02 20:15:00",88727,0.1,0.096,0.124,0.162,16.68,16.79,16.78,16.15,14.88,14.5,17.13,16.47,13.53,16.02
"2013-08-02 20:30:00",88728,0.1,0.096,0.124,0.162,16.5,16.65,16.72,16.12,14.91,14.5,17.01,16.36,13.53,15.55
"2013-08-02 20:45:00",88729,0.1,0.096,0.124,0.162,16.34,16.52,16.66,16.11,14.93,14.49,16.88,16.25,13.53,15.07
"2013-08-02 21:00:00",88730,0.1,0.096,0.124,0.162,16.18,16.39,16.57,16.11,14.94,14.49,16.76,16.13,13.53,14.73
"2013-08-02 21:15:00",88731,0.1,0.096,0.124,0.162,16.03,16.26,16.49,16.08,14.95,14.5,16.64,16.03,13.53,14.56
"2013-08-02 21:30:00",88732,0.1,0.096,0.124,0.162,15.92,16.15,16.42,16.05,14.95,14.49,16.53,15.93,13.53,14.32
"2013-08-02 21:45:00",88733,0.1,0.096,0.124,0.162,15.77,16.01,16.35,16.01,14.97,14.5,16.42,15.84,13.53,13.92
"2013-08-02 22:00:00",88734,0.1,0.096,0.124,0.162,15.61,15.87,16.28,16,14.98,14.49,16.31,15.74,13.53,13.59
"2013-08-02 22:15:00",88735,0.1,0.096,0.124,0.162,15.49,15.77,16.21,15.98,15,14.5,16.19,15.63,13.53,13.42
"2013-08-02 22:30:00",88736,0.1,0.096,0.124,0.162,15.38,15.66,16.13,15.94,15.03,14.5,16.09,15.54,13.53,13.23
"2013-08-02 22:45:00",88737,0.1,0.096,0.124,0.162,15.27,15.58,16.07,15.9,15.04,14.5,15.99,15.45,13.53,13.05
"2013-08-02 23:00:00",88738,0.1,0.096,0.124,0.162,15.17,15.47,16.01,15.88,15.05,14.51,15.89,15.36,13.53,13.05
"2013-08-02 23:15:00",88739,0.1,0.096,0.124,0.162,15.08,15.38,15.94,15.84,15.06,14.51,15.8,15.28,13.53,13.14
"2013-08-02 23:30:00",88740,0.1,0.096,0.124,0.162,15.01,15.32,15.85,15.79,15.07,14.51,15.71,15.22,13.53,13.21
"2013-08-02 23:45:00",88741,0.1,0.096,0.124,0.162,14.93,15.23,15.77,15.75,15.08,14.51,15.64,15.15,13.53,13.14
"2013-08-03 00:00:00",88742,0.1,0.096,0.124,0.162,14.86,15.15,15.72,15.73,15.07,14.51,15.56,15.1,13.53,13.14
"2013-08-03 00:15:00",88743,0.1,0.096,0.124,0.162,14.78,15.1,15.65,15.69,15.08,14.51,15.49,15.05,13.53,13.09
"2013-08-03 00:30:00",88744,0.1,0.096,0.124,0.162,14.71,15.02,15.62,15.65,15.08,14.51,15.43,14.99,13.53,13.02
"2013-08-03 00:45:00",88745,0.1,0.096,0.124,0.162,14.63,14.97,15.55,15.63,15.08,14.51,15.36,14.93,13.53,12.98
"2013-08-03 01:00:00",88746,0.1,0.096,0.124,0.162,14.56,14.86,15.51,15.57,15.06,14.51,15.29,14.88,13.53,12.84
"2013-08-03 01:15:00",88747,0.1,0.096,0.124,0.162,14.47,14.78,15.45,15.52,15.06,14.51,15.23,14.82,13.53,12.63
"2013-08-03 01:30:00",88748,0.1,0.096,0.124,0.162,14.34,14.7,15.39,15.49,15.05,14.51,15.16,14.75,13.53,12.33
"2013-08-03 01:45:00",88749,0.1,0.096,0.124,0.162,14.21,14.61,15.35,15.44,15.04,14.51,15.08,14.67,13.53,11.93
"2013-08-03 02:00:00",88750,0.1,0.096,0.124,0.162,14.11,14.52,15.28,15.39,15.04,14.51,15,14.59,13.53,11.68
"2013-08-03 02:15:00",88751,0.1,0.096,0.124,0.162,14.01,14.43,15.24,15.37,15.04,14.52,14.91,14.51,13.53,11.33
"2013-08-03 02:30:00",88752,0.1,0.096,0.124,0.162,13.89,14.34,15.16,15.35,15.03,14.51,14.84,14.42,13.53,10.95
"2013-08-03 02:45:00",88753,0.1,0.096,0.124,0.162,13.78,14.25,15.11,15.31,15.01,14.52,14.75,14.33,13.53,10.67
"2013-08-03 03:00:00",88754,0.1,0.096,0.124,0.162,13.68,14.16,15.05,15.28,15,14.52,14.66,14.24,13.53,10.54
"2013-08-03 03:15:00",88755,0.1,0.096,0.124,0.162,13.62,14.07,14.99,15.26,15,14.52,14.57,14.15,13.53,10.61
"2013-08-03 03:30:00",88756,0.1,0.096,0.124,0.162,13.56,14.01,14.93,15.21,14.99,14.53,14.49,14.08,13.53,10.67
"2013-08-03 03:45:00",88757,0.1,0.096,0.124,0.162,13.5,13.95,14.86,15.16,14.98,14.53,14.43,14.02,13.53,10.67
"2013-08-03 04:00:00",88758,0.1,0.096,0.124,0.161,13.45,13.89,14.81,15.14,14.96,14.53,14.36,13.97,13.53,10.65
"2013-08-03 04:15:00",88759,0.1,0.096,0.124,0.162,13.38,13.83,14.75,15.1,14.95,14.53,14.3,13.9,13.53,10.56
"2013-08-03 04:30:00",88760,0.1,0.096,0.123,0.161,13.29,13.74,14.71,15.05,14.94,14.53,14.23,13.85,13.53,10.36
"2013-08-03 04:45:00",88761,0.1,0.096,0.123,0.162,13.22,13.65,14.64,15.02,14.92,14.53,14.17,13.78,13.53,10.2
"2013-08-03 05:00:00",88762,0.1,0.096,0.123,0.162,13.13,13.58,14.57,14.98,14.91,14.53,14.1,13.71,13.53,10.11
"2013-08-03 05:15:00",88763,0.1,0.096,0.123,0.161,13.09,13.53,14.49,14.93,14.9,14.53,14.04,13.66,13.53,10
"2013-08-03 05:30:00",88764,0.1,0.096,0.123,0.162,13,13.46,14.45,14.88,14.89,14.53,13.98,13.6,13.53,9.77
"2013-08-03 05:45:00",88765,0.1,0.096,0.123,0.161,12.9,13.4,14.4,14.84,14.89,14.53,13.91,13.54,13.53,9.64
"2013-08-03 06:00:00",88766,0.1,0.096,0.123,0.161,12.83,13.32,14.34,14.82,14.87,14.54,13.84,13.47,13.53,9.41
"2013-08-03 06:15:00",88767,0.1,0.096,0.123,0.161,12.74,13.27,14.31,14.76,14.86,14.54,13.78,13.4,13.53,9.26
"2013-08-03 06:30:00",88768,0.1,0.096,0.123,0.161,12.64,13.2,14.24,14.72,14.84,14.55,13.71,13.33,13.53,8.94
"2013-08-03 06:45:00",88769,0.1,0.096,0.123,0.161,12.53,13.11,14.2,14.71,14.82,14.55,13.64,13.26,13.53,8.63
"2013-08-03 07:00:00",88770,0.1,0.096,0.123,0.161,12.42,13.04,14.13,14.66,14.81,14.56,13.56,13.17,13.53,8.37
"2013-08-03 07:15:00",88771,0.1,0.096,0.123,0.161,12.33,12.94,14.09,14.61,14.78,14.56,13.48,13.09,13.53,8.02
"2013-08-03 07:30:00",88772,0.1,0.096,0.123,0.161,12.21,12.85,14.03,14.57,14.77,14.57,13.4,13,13.53,7.751
"2013-08-03 07:45:00",88773,0.1,0.096,0.123,0.161,12.15,12.79,13.97,14.55,14.75,14.57,13.32,12.91,13.53,7.839
"2013-08-03 08:00:00",88774,0.1,0.096,0.123,0.161,12.14,12.71,13.91,14.49,14.72,14.57,13.26,12.85,13.53,8.26
"2013-08-03 08:15:00",88775,0.1,0.096,0.123,0.161,12.25,12.68,13.87,14.45,14.72,14.56,13.22,12.83,13.53,9.28
"2013-08-03 08:30:00",88776,0.1,0.096,0.123,0.161,12.48,12.75,13.81,14.43,14.72,14.57,13.24,12.89,13.53,10.65
"2013-08-03 08:45:00",88777,0.1,0.096,0.123,0.161,12.78,12.87,13.77,14.38,14.7,14.58,13.32,13.01,13.53,11.89
"2013-08-03 09:00:00",88778,0.099,0.096,0.123,0.161,13.05,13,13.77,14.35,14.67,14.57,13.44,13.17,13.53,12.91
"2013-08-03 09:15:00",88779,0.1,0.096,0.123,0.161,13.31,13.15,13.76,14.31,14.67,14.58,13.57,13.33,13.53,13.92
"2013-08-03 09:30:00",88780,0.1,0.096,0.123,0.161,13.67,13.33,13.8,14.28,14.66,14.59,13.7,13.53,13.53,15.02
"2013-08-03 09:45:00",88781,0.099,0.096,0.123,0.161,14.12,13.56,13.81,14.26,14.64,14.6,13.88,13.79,13.53,15.9
"2013-08-03 10:00:00",88782,0.099,0.096,0.123,0.161,14.78,13.91,13.85,14.22,14.61,14.6,14.07,14.12,13.53,16.66
"2013-08-03 10:15:00",88783,0.099,0.096,0.123,0.161,15.5,14.32,13.94,14.22,14.59,14.6,14.29,14.48,13.53,17.34
"2013-08-03 10:30:00",88784,0.099,0.096,0.123,0.161,16.04,14.75,14.04,14.22,14.59,14.59,14.6,14.85,13.53,17.95
"2013-08-03 10:45:00",88785,0.099,0.096,0.123,0.161,16.49,15.15,14.18,14.23,14.57,14.6,15.02,15.21,13.53,18.51
"2013-08-03 11:00:00",88786,0.099,0.096,0.123,0.161,16.85,15.48,14.33,14.27,14.55,14.59,15.5,15.52,13.53,18.89
"2013-08-03 11:15:00",88787,0.099,0.096,0.123,0.161,17.28,15.78,14.49,14.31,14.54,14.6,16.01,15.8,13.53,19.28
"2013-08-03 11:30:00",88788,0.099,0.096,0.123,0.161,17.7,16.14,14.68,14.34,14.5,14.59,16.5,16.13,13.53,19.7
"2013-08-03 11:45:00",88789,0.099,0.096,0.123,0.161,18.27,16.5,14.86,14.41,14.49,14.59,16.96,16.48,13.54,20.18
"2013-08-03 12:00:00",88790,0.099,0.096,0.123,0.161,19.1,16.96,15.05,14.47,14.49,14.59,17.42,16.84,13.54,20.61
"2013-08-03 12:15:00",88791,0.099,0.096,0.123,0.161,19.77,17.51,15.24,14.54,14.49,14.59,17.79,17.2,13.53,21.04
"2013-08-03 12:30:00",88792,0.099,0.096,0.123,0.161,20.37,17.96,15.46,14.6,14.48,14.59,18.14,17.57,13.53,21.31
"2013-08-03 12:45:00",88793,0.099,0.096,0.123,0.161,20.85,18.43,15.68,14.71,14.48,14.59,18.5,17.92,13.53,21.59
"2013-08-03 13:00:00",88794,0.099,0.096,0.123,0.161,21.37,18.85,15.95,14.8,14.48,14.58,18.83,18.21,13.53,22.08
"2013-08-03 13:15:00",88795,0.099,0.096,0.123,0.161,21.82,19.26,16.2,14.9,14.48,14.59,19.13,18.44,13.53,22.5
"2013-08-03 13:30:00",88796,0.099,0.096,0.123,0.161,22.32,19.7,16.44,15.04,14.49,14.58,19.34,18.64,13.53,22.7
"2013-08-03 13:45:00",88797,0.099,0.096,0.123,0.161,22.66,20.07,16.7,15.16,14.5,14.58,19.58,18.75,13.53,22.9
"2013-08-03 14:00:00",88798,0.099,0.096,0.123,0.161,22.85,20.36,16.95,15.3,14.51,14.58,19.85,18.8,13.53,23.04
"2013-08-03 14:15:00",88799,0.099,0.096,0.123,0.161,22.81,20.6,17.21,15.42,14.53,14.58,20.12,18.82,13.54,23.04
"2013-08-03 14:30:00",88800,0.099,0.096,0.123,0.161,22.62,20.67,17.45,15.56,14.53,14.58,20.33,18.8,13.54,23.12
"2013-08-03 14:45:00",88801,0.098,0.096,0.123,0.161,22.54,20.71,17.64,15.71,14.55,14.58,20.45,18.76,13.54,23.58
"2013-08-03 15:00:00",88802,0.098,0.096,0.123,0.161,22.34,20.71,17.79,15.86,14.59,14.58,20.46,18.71,13.54,24.36
"2013-08-03 15:15:00",88803,0.099,0.096,0.123,0.161,22.06,20.65,17.92,15.98,14.62,14.57,20.39,18.67,13.54,25.34
"2013-08-03 15:30:00",88804,0.098,0.095,0.123,0.161,21.74,20.52,18.02,16.09,14.66,14.57,20.26,18.63,13.53,26.31
"2013-08-03 15:45:00",88805,0.098,0.095,0.123,0.161,21.43,20.36,18.1,16.2,14.67,14.57,20.12,18.59,13.53,27.06
"2013-08-03 16:00:00",88806,0.098,0.095,0.123,0.161,21.13,20.21,18.14,16.31,14.7,14.56,19.99,18.57,13.53,26.44
"2013-08-03 16:15:00",88807,0.098,0.095,0.123,0.16,20.86,20.05,18.17,16.39,14.75,14.56,19.85,18.54,13.53,25.1
"2013-08-03 16:30:00",88808,0.098,0.095,0.123,0.16,20.56,19.89,18.19,16.47,14.78,14.57,19.71,18.49,13.53,23.55
"2013-08-03 16:45:00",88809,0.098,0.095,0.123,0.16,20.22,19.7,18.18,16.55,14.81,14.57,19.55,18.41,13.53,22.25
"2013-08-03 17:00:00",88810,0.098,0.095,0.123,0.16,19.86,19.48,18.17,16.61,14.86,14.57,19.37,18.3,13.53,21.18
"2013-08-03 17:15:00",88811,0.098,0.095,0.123,0.16,19.52,19.21,18.14,16.66,14.88,14.57,19.19,18.16,13.53,20.24
"2013-08-03 17:30:00",88812,0.098,0.095,0.123,0.16,19.2,19,18.08,16.69,14.93,14.58,18.99,18.02,13.53,19.47
"2013-08-03 17:45:00",88813,0.098,0.095,0.123,0.16,18.91,18.79,18.04,16.73,14.97,14.58,18.8,17.87,13.53,18.82
"2013-08-03 18:00:00",88814,0.098,0.095,0.123,0.16,18.63,18.58,17.96,16.73,15.02,14.58,18.61,17.72,13.53,18.28
"2013-08-03 18:15:00",88815,0.098,0.095,0.123,0.16,18.34,18.38,17.9,16.75,15.05,14.58,18.42,17.58,13.53,17.79
"2013-08-03 18:30:00",88816,0.098,0.095,0.123,0.16,18.13,18.16,17.83,16.76,15.09,14.59,18.25,17.44,13.53,17.39
"2013-08-03 18:45:00",88817,0.098,0.095,0.123,0.16,17.91,17.97,17.75,16.75,15.13,14.59,18.07,17.31,13.53,17.01
"2013-08-03 19:00:00",88818,0.098,0.095,0.123,0.16,17.72,17.83,17.66,16.74,15.14,14.58,17.91,17.18,13.53,16.74
"2013-08-03 19:15:00",88819,0.098,0.095,0.123,0.16,17.52,17.66,17.57,16.73,15.19,14.59,17.75,17.06,13.53,16.51
"2013-08-03 19:30:00",88820,0.098,0.095,0.123,0.16,17.36,17.5,17.5,16.71,15.24,14.59,17.6,16.95,13.53,16.22
"2013-08-03 19:45:00",88821,0.098,0.095,0.123,0.16,17.16,17.36,17.42,16.69,15.27,14.59,17.46,16.84,13.53,16.04
"2013-08-03 20:00:00",88822,0.098,0.095,0.122,0.16,16.99,17.22,17.32,16.68,15.29,14.58,17.33,16.74,13.53,15.9
"2013-08-03 20:15:00",88823,0.098,0.095,0.122,0.16,16.85,17.05,17.25,16.65,15.32,14.59,17.2,16.64,13.53,15.65
"2013-08-03 20:30:00",88824,0.098,0.095,0.122,0.16,16.71,16.91,17.12,16.62,15.35,14.59,17.08,16.55,13.53,15.36
"2013-08-03 20:45:00",88825,0.098,0.095,0.122,0.16,16.55,16.79,17.04,16.59,15.35,14.59,16.96,16.46,13.53,15.04
"2013-08-03 21:00:00",88826,0.098,0.095,0.122,0.16,16.4,16.66,16.97,16.57,15.35,14.59,16.85,16.36,13.53,14.78
"2013-08-03 21:15:00",88827,0.098,0.095,0.122,0.16,16.27,16.54,16.88,16.53,15.36,14.59,16.73,16.26,13.53,14.52
"2013-08-03 21:30:00",88828,0.098,0.095,0.122,0.16,16.12,16.42,16.81,16.49,15.39,14.59,16.61,16.17,13.53,14.23
"2013-08-03 21:45:00",88829,0.098,0.095,0.122,0.16,15.98,16.3,16.73,16.45,15.4,14.59,16.5,16.07,13.53,13.94
"2013-08-03 22:00:00",88830,0.098,0.095,0.122,0.16,15.85,16.18,16.65,16.43,15.41,14.59,16.38,15.97,13.53,13.64
"2013-08-03 22:15:00",88831,0.098,0.095,0.122,0.16,15.68,16.06,16.59,16.38,15.43,14.58,16.26,15.86,13.53,13.33
"2013-08-03 22:30:00",88832,0.098,0.095,0.122,0.16,15.55,15.91,16.5,16.33,15.44,14.58,16.14,15.75,13.53,13.09
"2013-08-03 22:45:00",88833,0.098,0.095,0.122,0.16,15.44,15.8,16.43,16.31,15.44,14.58,16.03,15.66,13.53,12.98
"2013-08-03 23:00:00",88834,0.098,0.095,0.122,0.16,15.34,15.7,16.36,16.26,15.45,14.59,15.93,15.58,13.53,12.84
"2013-08-03 23:15:00",88835,0.098,0.095,0.122,0.16,15.25,15.6,16.27,16.22,15.45,14.58,15.83,15.5,13.53,12.77
"2013-08-03 23:30:00",88836,0.098,0.095,0.122,0.16,15.17,15.53,16.22,16.19,15.45,14.58,15.75,15.43,13.53,12.65
"2013-08-03 23:45:00",88837,0.098,0.095,0.122,0.16,15.08,15.45,16.14,16.14,15.44,14.58,15.66,15.36,13.53,12.72
"2013-08-04 00:00:00",88838,0.098,0.095,0.122,0.16,15.01,15.37,16.08,16.09,15.44,14.59,15.59,15.29,13.53,12.79
"2013-08-04 00:15:00",88839,0.098,0.095,0.122,0.16,14.95,15.3,16.01,16.06,15.44,14.6,15.51,15.24,13.53,12.91
"2013-08-04 00:30:00",88840,0.098,0.095,0.122,0.16,14.93,15.23,15.95,16,15.44,14.59,15.45,15.19,13.53,13.05
"2013-08-04 00:45:00",88841,0.098,0.095,0.122,0.16,14.88,15.2,15.86,15.98,15.43,14.6,15.4,15.16,13.53,13.09
"2013-08-04 01:00:00",88842,0.098,0.095,0.122,0.16,14.81,15.13,15.79,15.93,15.42,14.61,15.35,15.12,13.53,13.19
"2013-08-04 01:15:00",88843,0.098,0.095,0.122,0.16,14.76,15.1,15.75,15.89,15.41,14.61,15.29,15.08,13.53,13.3
"2013-08-04 01:30:00",88844,0.098,0.095,0.122,0.16,14.73,15.04,15.68,15.87,15.41,14.61,15.25,15.04,13.53,13.3
"2013-08-04 01:45:00",88845,0.098,0.095,0.122,0.16,14.66,14.99,15.65,15.81,15.4,14.61,15.2,15.01,13.53,13.19
"2013-08-04 02:00:00",88846,0.098,0.095,0.122,0.16,14.6,14.94,15.62,15.77,15.38,14.61,15.15,14.96,13.53,13.02
"2013-08-04 02:15:00",88847,0.098,0.095,0.122,0.16,14.52,14.83,15.56,15.75,15.37,14.61,15.09,14.91,13.53,12.95
"2013-08-04 02:30:00",88848,0.098,0.095,0.122,0.16,14.48,14.78,15.53,15.72,15.36,14.61,15.03,14.86,13.53,12.95
"2013-08-04 02:45:00",88849,0.098,0.095,0.122,0.16,14.44,14.71,15.48,15.66,15.35,14.61,14.98,14.82,13.53,13.19
"2013-08-04 03:00:00",88850,0.098,0.095,0.122,0.16,14.47,14.7,15.42,15.65,15.33,14.62,14.95,14.8,13.53,13.64
"2013-08-04 03:15:00",88851,0.098,0.095,0.122,0.16,14.49,14.7,15.39,15.59,15.34,14.63,14.92,14.8,13.53,14.09
"2013-08-04 03:30:00",88852,0.098,0.095,0.122,0.16,14.51,14.69,15.34,15.55,15.33,14.63,14.92,14.8,13.53,14.37
"2013-08-04 03:45:00",88853,0.098,0.095,0.122,0.16,14.5,14.67,15.3,15.51,15.32,14.64,14.92,14.82,13.53,14.52
"2013-08-04 04:00:00",88854,0.098,0.095,0.122,0.16,14.5,14.66,15.28,15.46,15.31,14.64,14.91,14.83,13.53,14.64
"2013-08-04 04:15:00",88855,0.098,0.095,0.122,0.16,14.5,14.65,15.26,15.44,15.3,14.64,14.9,14.83,13.53,14.68
"2013-08-04 04:30:00",88856,0.098,0.095,0.122,0.16,14.49,14.63,15.23,15.42,15.27,14.64,14.89,14.82,13.53,14.52
"2013-08-04 04:45:00",88857,0.098,0.095,0.122,0.16,14.42,14.6,15.2,15.39,15.26,14.65,14.87,14.81,13.53,14.23
"2013-08-04 05:00:00",88858,0.098,0.095,0.122,0.16,14.34,14.58,15.17,15.36,15.24,14.65,14.84,14.78,13.53,13.94
"2013-08-04 05:15:00",88859,0.098,0.095,0.122,0.16,14.27,14.53,15.17,15.34,15.22,14.65,14.8,14.74,13.53,13.66
"2013-08-04 05:30:00",88860,0.098,0.095,0.122,0.16,14.21,14.46,15.14,15.31,15.2,14.66,14.75,14.69,13.53,13.35
"2013-08-04 05:45:00",88861,0.098,0.095,0.122,0.16,14.12,14.43,15.1,15.29,15.18,14.67,14.69,14.63,13.53,12.95
"2013-08-04 06:00:00",88862,0.098,0.095,0.122,0.16,14.02,14.35,15.06,15.27,15.18,14.67,14.63,14.57,13.53,12.53
"2013-08-04 06:15:00",88863,0.098,0.095,0.122,0.16,13.92,14.3,15.04,15.27,15.17,14.68,14.57,14.5,13.53,12.16
"2013-08-04 06:30:00",88864,0.098,0.095,0.122,0.16,13.83,14.21,15,15.24,15.15,14.67,14.5,14.43,13.53,11.86
"2013-08-04 06:45:00",88865,0.098,0.095,0.122,0.16,13.75,14.15,14.95,15.2,15.13,14.67,14.43,14.36,13.53,11.73
"2013-08-04 07:00:00",88866,0.098,0.095,0.122,0.16,13.69,14.07,14.89,15.17,15.12,14.68,14.36,14.29,13.53,11.82
"2013-08-04 07:15:00",88867,0.098,0.095,0.122,0.16,13.66,14.04,14.85,15.17,15.11,14.68,14.31,14.24,13.53,12.09
"2013-08-04 07:30:00",88868,0.098,0.095,0.122,0.16,13.68,14,14.82,15.13,15.09,14.69,14.27,14.21,13.53,12.35
"2013-08-04 07:45:00",88869,0.098,0.095,0.122,0.16,13.7,13.97,14.76,15.09,15.08,14.69,14.25,14.2,13.53,12.53
"2013-08-04 08:00:00",88870,0.098,0.095,0.122,0.16,13.72,13.96,14.74,15.08,15.08,14.69,14.23,14.19,13.53,12.84
"2013-08-04 08:15:00",88871,0.098,0.095,0.122,0.16,13.81,13.97,14.71,15.06,15.08,14.7,14.23,14.21,13.53,13.47
"2013-08-04 08:30:00",88872,0.098,0.095,0.122,0.16,14.01,14.05,14.68,15.02,15.07,14.7,14.27,14.26,13.53,14.16
"2013-08-04 08:45:00",88873,0.098,0.095,0.122,0.16,14.2,14.14,14.66,14.98,15.04,14.7,14.35,14.36,13.53,14.68
"2013-08-04 09:00:00",88874,0.098,0.095,0.122,0.16,14.36,14.23,14.66,14.94,15.02,14.69,14.46,14.47,13.53,15.19
"2013-08-04 09:15:00",88875,0.098,0.095,0.122,0.16,14.58,14.35,14.67,14.91,14.99,14.69,14.56,14.59,13.53,15.82
"2013-08-04 09:30:00",88876,0.098,0.095,0.122,0.16,14.91,14.49,14.69,14.92,14.98,14.7,14.68,14.74,13.53,16.79
"2013-08-04 09:45:00",88877,0.098,0.095,0.122,0.16,15.38,14.71,14.72,14.92,14.98,14.7,14.85,14.97,13.53,17.72
"2013-08-04 10:00:00",88878,0.098,0.095,0.122,0.16,15.97,15.05,14.77,14.9,14.97,14.7,15.06,15.28,13.53,18.43
"2013-08-04 10:15:00",88879,0.098,0.095,0.122,0.16,16.62,15.43,14.84,14.88,14.97,14.7,15.31,15.62,13.53,19.1
"2013-08-04 10:30:00",88880,0.098,0.095,0.122,0.16,17.17,15.81,14.96,14.9,14.95,14.69,15.65,15.98,13.54,19.6
"2013-08-04 10:45:00",88881,0.098,0.095,0.122,0.16,17.59,16.18,15.09,14.92,14.92,14.69,16.07,16.32,13.54,20.05
"2013-08-04 11:00:00",88882,0.098,0.095,0.122,0.16,17.97,16.51,15.24,14.95,14.92,14.69,16.52,16.63,13.54,20.45
"2013-08-04 11:15:00",88883,0.098,0.095,0.122,0.16,18.45,16.85,15.38,14.97,14.9,14.69,17.03,16.92,13.53,20.8
"2013-08-04 11:30:00",88884,0.098,0.095,0.122,0.16,18.89,17.23,15.55,15.03,14.89,14.69,17.54,17.27,13.53,21.15
"2013-08-04 11:45:00",88885,0.098,0.095,0.122,0.16,19.41,17.58,15.7,15.09,14.88,14.69,18,17.63,13.53,21.45
"2013-08-04 12:00:00",88886,0.098,0.095,0.122,0.16,20.21,18.01,15.9,15.15,14.88,14.69,18.46,17.99,13.53,21.81
"2013-08-04 12:15:00",88887,0.097,0.094,0.122,0.16,20.86,18.52,16.1,15.22,14.88,14.7,18.83,18.34,13.53,22.19
"2013-08-04 12:30:00",88888,0.097,0.095,0.122,0.16,21.53,19,16.32,15.29,14.89,14.7,19.19,18.72,13.53,22.47
"2013-08-04 12:45:00",88889,0.097,0.095,0.122,0.159,22.14,19.53,16.55,15.38,14.89,14.7,19.57,19.09,13.53,22.81
"2013-08-04 13:00:00",88890,0.097,0.095,0.121,0.159,22.69,20.01,16.8,15.48,14.89,14.71,19.94,19.42,13.53,23.1
"2013-08-04 13:15:00",88891,0.097,0.094,0.121,0.159,23.12,20.45,17.08,15.6,14.9,14.7,20.25,19.65,13.53,23.32
"2013-08-04 13:30:00",88892,0.097,0.094,0.121,0.159,23.44,20.85,17.37,15.74,14.91,14.7,20.45,19.8,13.54,23.44
"2013-08-04 13:45:00",88893,0.097,0.094,0.121,0.159,23.67,21.15,17.63,15.87,14.91,14.7,20.63,19.87,13.54,23.58
"2013-08-04 14:00:00",88894,0.097,0.094,0.121,0.159,23.88,21.42,17.87,16.01,14.91,14.71,20.86,19.91,13.54,23.78
"2013-08-04 14:15:00",88895,0.097,0.094,0.121,0.159,23.97,21.66,18.09,16.14,14.94,14.71,21.1,19.93,13.54,23.84
"2013-08-04 14:30:00",88896,0.097,0.094,0.121,0.159,23.98,21.83,18.29,16.28,14.96,14.7,21.29,19.91,13.54,24.01
"2013-08-04 14:45:00",88897,0.097,0.094,0.121,0.159,23.83,21.9,18.51,16.41,15,14.7,21.41,19.85,13.54,23.96
"2013-08-04 15:00:00",88898,0.097,0.094,0.121,0.159,23.44,21.85,18.68,16.55,15.03,14.7,21.41,19.78,13.54,23.7
"2013-08-04 15:15:00",88899,0.097,0.094,0.121,0.159,23.03,21.7,18.81,16.68,15.07,14.7,21.31,19.71,13.54,23.7
"2013-08-04 15:30:00",88900,0.097,0.094,0.121,0.159,22.61,21.5,18.91,16.8,15.09,14.7,21.18,19.65,13.53,22.9
"2013-08-04 15:45:00",88901,0.097,0.094,0.121,0.159,22.19,21.27,18.97,16.91,15.12,14.71,21.02,19.56,13.53,22.14
"2013-08-04 16:00:00",88902,0.097,0.094,0.121,0.159,21.79,21.03,19,17,15.15,14.7,20.84,19.46,13.53,21.48
"2013-08-04 16:15:00",88903,0.097,0.094,0.121,0.159,21.41,20.79,18.99,17.1,15.21,14.69,20.65,19.34,13.53,20.99
"2013-08-04 16:30:00",88904,0.097,0.094,0.121,0.159,21.05,20.54,18.97,17.16,15.26,14.7,20.47,19.22,13.53,20.61
"2013-08-04 16:45:00",88905,0.097,0.094,0.121,0.159,20.76,20.31,18.95,17.25,15.3,14.7,20.3,19.1,13.53,20.29
"2013-08-04 17:00:00",88906,0.097,0.094,0.121,0.159,20.48,20.1,18.91,17.29,15.36,14.71,20.13,18.98,13.53,19.92
"2013-08-04 17:15:00",88907,0.097,0.094,0.121,0.159,20.2,19.91,18.85,17.32,15.39,14.71,19.96,18.86,13.53,19.44
"2013-08-04 17:30:00",88908,0.097,0.094,0.121,0.159,19.87,19.69,18.79,17.36,15.43,14.72,19.78,18.72,13.53,18.89
"2013-08-04 17:45:00",88909,0.097,0.094,0.121,0.159,19.54,19.46,18.72,17.38,15.47,14.72,19.59,18.57,13.53,18.33
"2013-08-04 18:00:00",88910,0.097,0.094,0.121,0.159,19.24,19.2,18.65,17.38,15.51,14.72,19.39,18.41,13.53,17.89
"2013-08-04 18:15:00",88911,0.097,0.094,0.121,0.159,18.97,18.98,18.56,17.38,15.55,14.72,19.2,18.25,13.53,17.56
"2013-08-04 18:30:00",88912,0.097,0.094,0.121,0.159,18.73,18.79,18.44,17.38,15.58,14.72,19.02,18.11,13.53,17.21
"2013-08-04 18:45:00",88913,0.097,0.094,0.121,0.159,18.48,18.59,18.35,17.37,15.6,14.72,18.84,17.96,13.53,17.01
"2013-08-04 19:00:00",88914,0.097,0.094,0.121,0.159,18.28,18.42,18.26,17.35,15.62,14.72,18.67,17.83,13.53,16.81
"2013-08-04 19:15:00",88915,0.097,0.094,0.121,0.159,18.11,18.24,18.17,17.35,15.65,14.72,18.51,17.7,13.53,16.51
"2013-08-04 19:30:00",88916,0.097,0.094,0.121,0.159,17.91,18.07,18.07,17.33,15.69,14.72,18.35,17.58,13.53,16.04
"2013-08-04 19:45:00",88917,0.097,0.094,0.121,0.159,17.71,17.91,17.98,17.3,15.71,14.71,18.2,17.45,13.53,15.55
"2013-08-04 20:00:00",88918,0.097,0.094,0.121,0.159,17.49,17.75,17.9,17.26,15.73,14.7,18.04,17.32,13.53,15.09
"2013-08-04 20:15:00",88919,0.097,0.094,0.121,0.159,17.3,17.59,17.81,17.24,15.73,14.69,17.89,17.19,13.53,14.61
"2013-08-04 20:30:00",88920,0.097,0.094,0.121,0.159,17.04,17.42,17.72,17.21,15.75,14.7,17.74,17.05,13.53,14.06
"2013-08-04 20:45:00",88921,0.097,0.094,0.121,0.159,16.83,17.26,17.63,17.16,15.78,14.69,17.59,16.91,13.53,13.59
"2013-08-04 21:00:00",88922,0.097,0.094,0.121,0.159,16.65,17.06,17.53,17.1,15.79,14.7,17.43,16.76,13.53,13.19
"2013-08-04 21:15:00",88923,0.097,0.094,0.121,0.159,16.45,16.88,17.44,17.06,15.8,14.7,17.28,16.62,13.53,12.72
"2013-08-04 21:30:00",88924,0.097,0.094,0.121,0.159,16.25,16.73,17.34,17.02,15.8,14.71,17.13,16.47,13.53,12.26
"2013-08-04 21:45:00",88925,0.097,0.094,0.121,0.159,16.06,16.56,17.25,16.97,15.79,14.7,16.98,16.33,13.53,11.91
"2013-08-04 22:00:00",88926,0.097,0.094,0.121,0.159,15.91,16.41,17.1,16.92,15.8,14.71,16.83,16.2,13.53,11.63
"2013-08-04 22:15:00",88927,0.097,0.094,0.121,0.159,15.72,16.26,17,16.88,15.81,14.71,16.69,16.06,13.53,11.38
"2013-08-04 22:30:00",88928,0.097,0.094,0.121,0.159,15.57,16.11,16.9,16.82,15.82,14.71,16.56,15.93,13.53,11.2
"2013-08-04 22:45:00",88929,0.097,0.094,0.121,0.159,15.43,15.97,16.81,16.77,15.81,14.72,16.43,15.81,13.53,11.13
"2013-08-04 23:00:00",88930,0.097,0.094,0.121,0.159,15.32,15.84,16.71,16.72,15.82,14.72,16.3,15.7,13.53,11.18
"2013-08-04 23:15:00",88931,0.097,0.094,0.121,0.159,15.22,15.72,16.62,16.68,15.81,14.74,16.19,15.61,13.53,11.13
"2013-08-04 23:30:00",88932,0.097,0.094,0.121,0.159,15.11,15.62,16.54,16.62,15.82,14.73,16.08,15.51,13.53,11.02
"2013-08-04 23:45:00",88933,0.097,0.094,0.121,0.159,15,15.53,16.46,16.55,15.81,14.74,15.98,15.42,13.53,11.04
"2013-08-05 00:00:00",88934,0.097,0.094,0.121,0.159,14.9,15.44,16.36,16.51,15.8,14.76,15.88,15.33,13.53,11.04
"2013-08-05 00:15:00",88935,0.097,0.094,0.121,0.159,14.83,15.34,16.28,16.43,15.8,14.75,15.79,15.26,13.53,11.13
"2013-08-05 00:30:00",88936,0.097,0.094,0.121,0.159,14.74,15.26,16.21,16.39,15.79,14.75,15.71,15.19,13.53,11.31
"2013-08-05 00:45:00",88937,0.097,0.094,0.121,0.159,14.69,15.2,16.13,16.34,15.78,14.76,15.63,15.12,13.53,11.52
"2013-08-05 01:00:00",88938,0.097,0.094,0.121,0.159,14.65,15.11,16.05,16.29,15.77,14.75,15.56,15.07,13.53,11.75
"2013-08-05 01:15:00",88939,0.097,0.094,0.121,0.159,14.61,15.07,15.99,16.22,15.77,14.75,15.5,15.03,13.53,11.91
"2013-08-05 01:30:00",88940,0.097,0.094,0.121,0.159,14.61,15.01,15.92,16.19,15.76,14.76,15.45,15,13.53,12.12
"2013-08-05 01:45:00",88941,0.097,0.094,0.121,0.159,14.57,14.98,15.84,16.13,15.75,14.76,15.4,14.97,13.53,12.33
"2013-08-05 02:00:00",88942,0.097,0.094,0.121,0.159,14.52,14.94,15.77,16.09,15.75,14.77,15.35,14.94,13.53,12.49
"2013-08-05 02:15:00",88943,0.097,0.094,0.121,0.159,14.51,14.86,15.73,16.05,15.73,14.78,15.31,14.91,13.53,12.63
"2013-08-05 02:30:00",88944,0.097,0.094,0.121,0.159,14.5,14.81,15.66,15.99,15.7,14.78,15.27,14.89,13.53,12.67
"2013-08-05 02:45:00",88945,0.097,0.094,0.121,0.159,14.45,14.78,15.65,15.96,15.69,14.8,15.23,14.87,13.53,12.53
"2013-08-05 03:00:00",88946,0.097,0.094,0.12,0.159,14.37,14.72,15.6,15.91,15.66,14.8,15.18,14.83,13.53,12.23
"2013-08-05 03:15:00",88947,0.097,0.094,0.12,0.159,14.27,14.69,15.55,15.87,15.66,14.8,15.13,14.79,13.53,11.91
"2013-08-05 03:30:00",88948,0.097,0.094,0.12,0.159,14.19,14.62,15.51,15.84,15.65,14.8,15.07,14.74,13.53,11.56
"2013-08-05 03:45:00",88949,0.097,0.094,0.12,0.159,14.1,14.54,15.45,15.8,15.64,14.8,15,14.67,13.53,11.29
"2013-08-05 04:00:00",88950,0.097,0.094,0.12,0.159,13.99,14.45,15.39,15.75,15.62,14.8,14.93,14.6,13.53,11.04
"2013-08-05 04:15:00",88951,0.097,0.094,0.12,0.159,13.9,14.4,15.37,15.73,15.61,14.8,14.86,14.52,13.53,10.95
"2013-08-05 04:30:00",88952,0.097,0.094,0.12,0.159,13.85,14.33,15.32,15.69,15.58,14.8,14.79,14.45,13.53,10.9
"2013-08-05 04:45:00",88953,0.097,0.094,0.12,0.159,13.78,14.27,15.26,15.63,15.56,14.8,14.72,14.39,13.53,10.95
"2013-08-05 05:00:00",88954,0.097,0.094,0.12,0.159,13.76,14.2,15.21,15.6,15.56,14.8,14.66,14.34,13.53,10.99
"2013-08-05 05:15:00",88955,0.097,0.094,0.12,0.159,13.72,14.16,15.15,15.53,15.54,14.8,14.61,14.29,13.53,10.99
"2013-08-05 05:30:00",88956,0.097,0.094,0.12,0.159,13.66,14.1,15.12,15.49,15.54,14.8,14.56,14.25,13.53,10.9
"2013-08-05 05:45:00",88957,0.097,0.094,0.12,0.159,13.62,14.05,15.06,15.46,15.52,14.8,14.51,14.21,13.53,10.67
"2013-08-05 06:00:00",88958,0.097,0.094,0.12,0.159,13.52,14,15.01,15.41,15.51,14.81,14.45,14.15,13.53,10.34
"2013-08-05 06:15:00",88959,0.097,0.094,0.12,0.159,13.43,13.94,14.99,15.38,15.48,14.81,14.39,14.08,13.53,9.97
"2013-08-05 06:30:00",88960,0.097,0.094,0.12,0.159,13.33,13.85,14.91,15.37,15.46,14.81,14.31,14,13.53,9.71
"2013-08-05 06:45:00",88961,0.097,0.094,0.12,0.159,13.24,13.76,14.85,15.32,15.43,14.81,14.24,13.92,13.53,9.44
"2013-08-05 07:00:00",88962,0.097,0.094,0.12,0.159,13.13,13.66,14.81,15.28,15.42,14.82,14.17,13.85,13.53,9.24
"2013-08-05 07:15:00",88963,0.097,0.094,0.12,0.159,13.07,13.59,14.75,15.24,15.39,14.81,14.1,13.77,13.53,9.1
"2013-08-05 07:30:00",88964,0.097,0.094,0.12,0.159,12.96,13.52,14.7,15.22,15.38,14.82,14.03,13.7,13.53,9.01
"2013-08-05 07:45:00",88965,0.097,0.094,0.12,0.159,12.9,13.45,14.63,15.16,15.38,14.81,13.97,13.64,13.53,9.08
"2013-08-05 08:00:00",88966,0.097,0.094,0.12,0.159,12.89,13.42,14.55,15.13,15.36,14.82,13.91,13.59,13.53,9.44
"2013-08-05 08:15:00",88967,0.097,0.094,0.12,0.159,13.01,13.39,14.49,15.1,15.34,14.83,13.89,13.57,13.53,10.27
"2013-08-05 08:30:00",88968,0.097,0.094,0.12,0.159,13.24,13.46,14.46,15.05,15.32,14.83,13.9,13.61,13.53,11.54
"2013-08-05 08:45:00",88969,0.097,0.094,0.12,0.159,13.48,13.53,14.42,15.02,15.3,14.83,13.97,13.71,13.53,12.84
"2013-08-05 09:00:00",88970,0.097,0.094,0.12,0.159,13.73,13.67,14.4,14.97,15.29,14.84,14.07,13.85,13.53,13.99
"2013-08-05 09:15:00",88971,0.097,0.094,0.12,0.159,13.98,13.83,14.4,14.92,15.26,14.83,14.19,14.02,13.53,15.02
"2013-08-05 09:30:00",88972,0.097,0.094,0.12,0.159,14.33,14,14.41,14.91,15.23,14.84,14.32,14.23,13.53,15.9
"2013-08-05 09:45:00",88973,0.097,0.094,0.12,0.158,14.77,14.23,14.44,14.89,15.2,14.84,14.47,14.48,13.53,16.69
"2013-08-05 10:00:00",88974,0.097,0.094,0.12,0.158,15.34,14.52,14.49,14.87,15.17,14.86,14.64,14.78,13.53,17.29
"2013-08-05 10:15:00",88975,0.097,0.094,0.12,0.158,16.04,14.94,14.58,14.84,15.16,14.86,14.84,15.14,13.53,17.79
"2013-08-05 10:30:00",88976,0.097,0.094,0.12,0.158,16.55,15.36,14.71,14.83,15.15,14.87,15.15,15.5,13.53,18.3
"2013-08-05 10:45:00",88977,0.097,0.093,0.12,0.158,16.97,15.69,14.84,14.85,15.15,14.87,15.54,15.86,13.53,18.82
"2013-08-05 11:00:00",88978,0.097,0.094,0.12,0.158,17.41,16.02,14.99,14.88,15.12,14.87,15.99,16.18,13.53,19.34
"2013-08-05 11:15:00",88979,0.096,0.094,0.12,0.158,17.92,16.38,15.14,14.91,15.09,14.87,16.51,16.48,13.54,19.89
"2013-08-05 11:30:00",88980,0.096,0.094,0.12,0.158,18.33,16.76,15.3,14.96,15.06,14.87,17.01,16.83,13.54,20.42
"2013-08-05 11:45:00",88981,0.096,0.093,0.12,0.158,18.91,17.13,15.47,15.01,15.06,14.87,17.48,17.22,13.53,20.99
"2013-08-05 12:00:00",88982,0.096,0.093,0.12,0.158,19.68,17.6,15.65,15.07,15.05,14.87,17.95,17.6,13.53,21.51
"2013-08-05 12:15:00",88983,0.096,0.093,0.12,0.158,20.39,18.09,15.85,15.14,15.05,14.86,18.35,17.99,13.53,21.95
"2013-08-05 12:30:00",88984,0.096,0.093,0.12,0.158,21.04,18.61,16.09,15.22,15.04,14.86,18.73,18.4,13.53,22.36
"2013-08-05 12:45:00",88985,0.096,0.093,0.12,0.158,21.71,19.13,16.32,15.3,15.04,14.86,19.14,18.8,13.53,22.75
"2013-08-05 13:00:00",88986,0.096,0.093,0.12,0.158,22.31,19.66,16.58,15.39,15.03,14.85,19.54,19.16,13.54,23.01
"2013-08-05 13:15:00",88987,0.096,0.093,0.12,0.158,22.76,20.11,16.85,15.5,15.04,14.86,19.87,19.41,13.54,23.29
"2013-08-05 13:30:00",88988,0.096,0.093,0.12,0.158,23.25,20.53,17.14,15.64,15.03,14.86,20.09,19.6,13.54,23.44
"2013-08-05 13:45:00",88989,0.096,0.093,0.12,0.158,23.58,20.93,17.44,15.77,15.05,14.86,20.34,19.7,13.54,23.64
"2013-08-05 14:00:00",88990,0.096,0.093,0.12,0.158,23.77,21.25,17.69,15.92,15.06,14.86,20.63,19.74,13.54,23.81
"2013-08-05 14:15:00",88991,0.096,0.093,0.12,0.158,23.83,21.47,17.93,16.05,15.07,14.86,20.89,19.76,13.54,24.04
"2013-08-05 14:30:00",88992,0.096,0.093,0.12,0.158,23.92,21.66,18.15,16.18,15.09,14.86,21.1,19.75,13.54,24.39
"2013-08-05 14:45:00",88993,0.096,0.093,0.12,0.158,23.92,21.81,18.36,16.33,15.1,14.85,21.23,19.72,13.53,25.01
"2013-08-05 15:00:00",88994,0.096,0.093,0.12,0.158,23.66,21.85,18.56,16.47,15.12,14.85,21.26,19.69,13.53,25.55
"2013-08-05 15:15:00",88995,0.096,0.093,0.12,0.157,23.26,21.78,18.72,16.6,15.15,14.85,21.2,19.65,13.53,26.31
"2013-08-05 15:30:00",88996,0.096,0.093,0.12,0.157,22.7,21.57,18.84,16.73,15.19,14.85,21.07,19.59,13.53,26.59
"2013-08-05 15:45:00",88997,0.096,0.093,0.12,0.157,22.15,21.28,18.91,16.85,15.23,14.85,20.87,19.49,13.53,27.15
"2013-08-05 16:00:00",88998,0.096,0.093,0.12,0.157,21.73,21.01,18.96,16.95,15.28,14.85,20.65,19.38,13.53,26.74
"2013-08-05 16:15:00",88999,0.096,0.093,0.12,0.157,21.31,20.75,18.97,17.04,15.32,14.84,20.44,19.27,13.53,25.64
"2013-08-05 16:30:00",89000,0.096,0.093,0.12,0.157,20.91,20.47,18.96,17.15,15.34,14.85,20.25,19.17,13.53,24.45
"2013-08-05 16:45:00",89001,0.096,0.093,0.12,0.157,20.5,20.2,18.91,17.22,15.4,14.84,20.04,19.03,13.53,23.41
"2013-08-05 17:00:00",89002,0.096,0.093,0.119,0.157,20.13,19.94,18.88,17.27,15.42,14.85,19.83,18.86,13.53,22.47
"2013-08-05 17:15:00",89003,0.096,0.093,0.119,0.157,19.73,19.68,18.81,17.31,15.46,14.84,19.61,18.69,13.53,21.64
"2013-08-05 17:30:00",89004,0.096,0.093,0.12,0.157,19.39,19.41,18.74,17.34,15.51,14.84,19.39,18.51,13.53,20.96
"2013-08-05 17:45:00",89005,0.096,0.093,0.12,0.157,19.07,19.14,18.65,17.37,15.53,14.84,19.18,18.33,13.53,20.34
"2013-08-05 18:00:00",89006,0.096,0.093,0.12,0.157,18.79,18.91,18.56,17.37,15.58,14.84,18.97,18.16,13.53,19.73
"2013-08-05 18:15:00",89007,0.096,0.093,0.119,0.157,18.51,18.7,18.44,17.38,15.62,14.85,18.76,18,13.53,19.13
"2013-08-05 18:30:00",89008,0.096,0.093,0.119,0.157,18.24,18.48,18.34,17.38,15.63,14.86,18.58,17.84,13.53,18.61
"2013-08-05 18:45:00",89009,0.096,0.093,0.119,0.157,18.03,18.28,18.24,17.37,15.66,14.86,18.39,17.69,13.53,18.17
"2013-08-05 19:00:00",89010,0.096,0.093,0.119,0.157,17.83,18.09,18.15,17.35,15.7,14.86,18.22,17.54,13.53,17.69
"2013-08-05 19:15:00",89011,0.096,0.093,0.119,0.157,17.62,17.9,18.04,17.31,15.73,14.85,18.05,17.4,13.53,17.06
"2013-08-05 19:30:00",89012,0.096,0.093,0.119,0.157,17.4,17.74,17.95,17.28,15.73,14.85,17.88,17.26,13.53,16.41
"2013-08-05 19:45:00",89013,0.096,0.093,0.119,0.157,17.15,17.57,17.87,17.25,15.77,14.84,17.71,17.11,13.53,15.73
"2013-08-05 20:00:00",89014,0.096,0.093,0.119,0.157,16.91,17.39,17.76,17.23,15.79,14.84,17.54,16.96,13.53,15.07
"2013-08-05 20:15:00",89015,0.096,0.093,0.119,0.157,16.71,17.2,17.66,17.19,15.81,14.83,17.38,16.81,13.53,14.42
"2013-08-05 20:30:00",89016,0.096,0.093,0.119,0.157,16.48,16.98,17.56,17.14,15.82,14.83,17.21,16.66,13.53,13.9
"2013-08-05 20:45:00",89017,0.096,0.093,0.119,0.157,16.31,16.81,17.46,17.08,15.83,14.83,17.04,16.51,13.53,13.49
"2013-08-05 21:00:00",89018,0.096,0.093,0.119,0.157,16.13,16.66,17.35,17.03,15.84,14.83,16.88,16.37,13.53,13.02
"2013-08-05 21:15:00",89019,0.096,0.093,0.119,0.157,15.94,16.48,17.27,17,15.85,14.83,16.72,16.23,13.53,12.49
"2013-08-05 21:30:00",89020,0.096,0.093,0.119,0.157,15.71,16.33,17.11,16.94,15.87,14.84,16.56,16.08,13.53,12.07
"2013-08-05 21:45:00",89021,0.096,0.093,0.119,0.157,15.53,16.15,17.01,16.89,15.88,14.84,16.4,15.93,13.53,11.86
"2013-08-05 22:00:00",89022,0.096,0.093,0.119,0.157,15.38,15.99,16.9,16.85,15.89,14.84,16.25,15.79,13.53,11.79
"2013-08-05 22:15:00",89023,0.096,0.093,0.119,0.157,15.26,15.85,16.8,16.79,15.89,14.84,16.12,15.68,13.53,11.68
"2013-08-05 22:30:00",89024,0.096,0.093,0.119,0.157,15.15,15.72,16.69,16.74,15.89,14.85,15.99,15.56,13.53,11.86
"2013-08-05 22:45:00",89025,0.096,0.093,0.119,0.157,15.07,15.62,16.6,16.69,15.89,14.84,15.88,15.47,13.53,12.26
"2013-08-05 23:00:00",89026,0.096,0.093,0.119,0.157,15.04,15.54,16.52,16.64,15.89,14.84,15.78,15.39,13.53,12.72
"2013-08-05 23:15:00",89027,0.097,0.093,0.119,0.157,15.02,15.47,16.44,16.57,15.88,14.85,15.71,15.34,13.53,13.02
"2013-08-05 23:30:00",89028,0.097,0.093,0.119,0.157,14.97,15.42,16.36,16.52,15.88,14.85,15.66,15.3,13.53,13.23
"2013-08-05 23:45:00",89029,0.097,0.093,0.119,0.157,14.94,15.37,16.28,16.46,15.87,14.86,15.62,15.25,13.53,13.38
"2013-08-06 00:00:00",89030,0.097,0.093,0.119,0.157,14.9,15.32,16.22,16.4,15.85,14.86,15.57,15.22,13.53,13.38
"2013-08-06 00:15:00",89031,0.097,0.093,0.119,0.157,14.82,15.25,16.14,16.34,15.84,14.86,15.52,15.17,13.53,13.42
"2013-08-06 00:30:00",89032,0.097,0.093,0.119,0.157,14.77,15.21,16.09,16.31,15.84,14.86,15.48,15.13,13.53,13.54
"2013-08-06 00:45:00",89033,0.097,0.093,0.119,0.157,14.75,15.14,16.03,16.25,15.84,14.86,15.43,15.09,13.53,13.54
"2013-08-06 01:00:00",89034,0.097,0.093,0.119,0.157,14.69,15.11,15.97,16.22,15.82,14.87,15.39,15.05,13.53,13.49
"2013-08-06 01:15:00",89035,0.097,0.093,0.119,0.157,14.63,15.06,15.91,16.16,15.82,14.88,15.35,15.01,13.53,13.4
"2013-08-06 01:30:00",89036,0.097,0.093,0.119,0.157,14.59,15,15.83,16.12,15.81,14.88,15.3,14.97,13.53,13.28
"2013-08-06 01:45:00",89037,0.097,0.093,0.119,0.157,14.51,14.96,15.77,16.08,15.79,14.89,15.26,14.92,13.53,12.93
"2013-08-06 02:00:00",89038,0.097,0.093,0.119,0.157,14.42,14.84,15.73,16.02,15.78,14.9,15.2,14.87,13.53,12.53
"2013-08-06 02:15:00",89039,0.097,0.093,0.119,0.157,14.29,14.76,15.66,15.98,15.75,14.91,15.15,14.8,13.53,12.26
"2013-08-06 02:30:00",89040,0.097,0.093,0.119,0.157,14.21,14.69,15.64,15.96,15.74,14.92,15.08,14.73,13.53,12.02
"2013-08-06 02:45:00",89041,0.097,0.093,0.119,0.157,14.12,14.61,15.58,15.9,15.71,14.93,15.01,14.66,13.53,11.68
"2013-08-06 03:00:00",89042,0.097,0.093,0.119,0.157,14.02,14.53,15.51,15.85,15.7,14.91,14.94,14.58,13.53,11.4
"2013-08-06 03:15:00",89043,0.097,0.093,0.119,0.157,13.91,14.44,15.47,15.83,15.67,14.9,14.87,14.5,13.53,11.08
"2013-08-06 03:30:00",89044,0.097,0.093,0.119,0.157,13.82,14.36,15.4,15.78,15.66,14.91,14.8,14.42,13.53,10.88
"2013-08-06 03:45:00",89045,0.097,0.093,0.119,0.157,13.75,14.29,15.35,15.74,15.66,14.92,14.72,14.34,13.53,10.7
"2013-08-06 04:00:00",89046,0.097,0.093,0.119,0.157,13.67,14.2,15.29,15.71,15.65,14.92,14.64,14.26,13.53,10.49
"2013-08-06 04:15:00",89047,0.097,0.093,0.119,0.157,13.6,14.14,15.24,15.67,15.64,14.93,14.57,14.19,13.53,10.31
"2013-08-06 04:30:00",89048,0.097,0.093,0.119,0.157,13.5,14.06,15.17,15.61,15.62,14.93,14.5,14.12,13.53,10.11
"2013-08-06 04:45:00",89049,0.097,0.093,0.119,0.157,13.43,13.98,15.12,15.55,15.6,14.93,14.43,14.04,13.53,9.91
"2013-08-06 05:00:00",89050,0.097,0.093,0.119,0.157,13.34,13.91,15.05,15.48,15.58,14.93,14.35,13.97,13.53,9.73
"2013-08-06 05:15:00",89051,0.097,0.093,0.119,0.157,13.24,13.83,15,15.47,15.56,14.94,14.28,13.89,13.53,9.46
"2013-08-06 05:30:00",89052,0.097,0.093,0.119,0.157,13.12,13.71,14.93,15.42,15.55,14.94,14.2,13.81,13.53,9.21
"2013-08-06 05:45:00",89053,0.097,0.093,0.119,0.157,13.01,13.62,14.85,15.37,15.53,14.94,14.13,13.73,13.53,8.94
"2013-08-06 06:00:00",89054,0.097,0.093,0.119,0.157,12.89,13.54,14.8,15.35,15.51,14.95,14.05,13.64,13.53,8.72
