"TOA5","WTC12","CR1000","33276","CR1000.Std.19","CPU:WTCsensors_Ch12.CR1","5824","Table1"
"TIMESTAMP","RECORD","VW_Avg(1)","VW_Avg(2)","VW_Avg(3)","VW_Avg(4)","SoilTempProbe_Avg(1)","SoilTempProbe_Avg(2)","SoilTempProbe_Avg(3)","SoilTempProbe_Avg(4)","SoilTempProbe_Avg(5)","SoilTempProbe_Avg(6)","SoilTemp_Avg(1)","SoilTemp_Avg(2)","BattV_Min","PTemp"
"TS","RN","","","","","Deg C","Deg C","Deg C","Deg C","Deg C","Deg C","Deg C","Deg C","Volts",""
"","","Avg","Avg","Avg","Avg","Avg","Avg","Avg","Avg","Avg","Avg","Avg","Avg","Min","Smp"
"2013-07-31 06:15:00",83770,0.095,0.103,0.12,0.159,15.12,14.95,15.19,15.15,15.01,14.82,15.4,15.41,13.4,15.65
"2013-07-31 06:30:00",83771,0.095,0.103,0.12,0.159,15.1,14.95,15.18,15.15,15.01,14.82,15.4,15.4,13.39,15.65
"2013-07-31 06:45:00",83772,0.095,0.103,0.12,0.159,15.09,14.95,15.18,15.14,15,14.83,15.39,15.4,13.4,15.68
"2013-07-31 07:00:00",83773,0.095,0.103,0.12,0.159,15.09,14.95,15.17,15.14,15.01,14.82,15.38,15.39,13.4,15.7
"2013-07-31 07:15:00",83774,0.095,0.103,0.12,0.159,15.08,14.94,15.16,15.13,15.01,14.82,15.37,15.38,13.4,15.73
"2013-07-31 07:30:00",83775,0.095,0.103,0.12,0.159,15.09,14.94,15.14,15.12,15.01,14.83,15.37,15.38,13.41,15.75
"2013-07-31 07:45:00",83776,0.095,0.103,0.12,0.159,15.09,14.93,15.14,15.11,15.01,14.83,15.37,15.38,13.41,15.82
"2013-07-31 08:00:00",83777,0.095,0.103,0.12,0.159,15.14,14.94,15.14,15.09,15.01,14.82,15.37,15.39,13.41,15.95
"2013-07-31 08:15:00",83778,0.095,0.103,0.12,0.159,15.19,14.94,15.14,15.09,15,14.84,15.39,15.41,13.4,16.04
"2013-07-31 08:30:00",83779,0.095,0.103,0.12,0.159,15.22,14.95,15.13,15.09,15.01,14.83,15.41,15.43,13.4,16.17
"2013-07-31 08:45:00",83780,0.095,0.103,0.12,0.159,15.28,14.95,15.13,15.09,15.01,14.83,15.44,15.45,13.4,16.41
"2013-07-31 09:00:00",83781,0.095,0.103,0.12,0.159,15.43,15.02,15.14,15.09,15,14.84,15.5,15.53,13.4,16.69
"2013-07-31 09:15:00",83782,0.095,0.103,0.12,0.159,15.57,15.12,15.14,15.09,15.01,14.85,15.59,15.62,13.4,16.96
"2013-07-31 09:30:00",83783,0.095,0.103,0.12,0.159,15.72,15.19,15.15,15.1,15.01,14.84,15.69,15.72,13.41,17.21
"2013-07-31 09:45:00",83784,0.095,0.103,0.12,0.159,15.93,15.3,15.19,15.1,15,14.85,15.8,15.85,13.41,17.54
"2013-07-31 10:00:00",83785,0.095,0.103,0.12,0.159,16.18,15.43,15.22,15.09,14.99,14.85,15.92,16.05,13.41,17.89
"2013-07-31 10:15:00",83786,0.095,0.103,0.12,0.159,16.39,15.56,15.25,15.11,14.98,14.84,16.05,16.27,13.4,18.17
"2013-07-31 10:30:00",83787,0.095,0.103,0.12,0.159,16.5,15.7,15.29,15.12,14.98,14.84,16.2,16.42,13.4,18.51
"2013-07-31 10:45:00",83788,0.095,0.103,0.12,0.159,16.66,15.81,15.36,15.12,14.98,14.84,16.33,16.54,13.41,18.84
"2013-07-31 11:00:00",83789,0.095,0.102,0.12,0.158,16.78,15.94,15.41,15.12,14.98,14.84,16.48,16.68,13.42,19.1
"2013-07-31 11:15:00",83790,0.095,0.102,0.12,0.159,16.86,16.04,15.46,15.12,14.98,14.86,16.61,16.77,13.42,19.31
"2013-07-31 11:30:00",83791,0.095,0.102,0.12,0.158,16.94,16.13,15.54,15.14,14.97,14.85,16.72,16.87,13.42,19.44
"2013-07-31 11:45:00",83792,0.095,0.102,0.12,0.158,16.88,16.15,15.62,15.17,14.98,14.85,16.78,16.92,13.42,19.31
"2013-07-31 12:00:00",83793,0.095,0.102,0.12,0.158,16.79,16.17,15.66,15.21,14.97,14.86,16.81,16.92,13.41,19.21
"2013-07-31 12:15:00",83794,0.095,0.102,0.12,0.158,16.79,16.17,15.71,15.22,14.98,14.86,16.81,16.91,13.41,19.26
"2013-07-31 12:30:00",83795,0.095,0.103,0.12,0.158,16.98,16.23,15.76,15.23,14.98,14.86,16.86,16.96,13.4,19.55
"2013-07-31 12:45:00",83796,0.095,0.102,0.12,0.158,17.15,16.31,15.78,15.26,14.98,14.87,16.96,17.07,13.39,19.68
"2013-07-31 13:00:00",83797,0.095,0.102,0.12,0.158,17.09,16.39,15.82,15.3,14.98,14.86,17.03,17.13,13.4,19.65
"2013-07-31 13:15:00",83798,0.095,0.102,0.12,0.158,17.02,16.4,15.87,15.34,14.98,14.87,17.05,17.13,13.42,19.6
"2013-07-31 13:30:00",83799,0.095,0.102,0.12,0.158,17.04,16.42,15.88,15.35,14.99,14.86,17.06,17.14,13.42,19.68
"2013-07-31 13:45:00",83800,0.095,0.102,0.12,0.158,17.16,16.44,15.93,15.37,15,14.88,17.1,17.18,13.42,19.86
"2013-07-31 14:00:00",83801,0.095,0.102,0.12,0.158,17.19,16.49,15.97,15.39,15.01,14.87,17.15,17.23,13.42,19.89
"2013-07-31 14:15:00",83802,0.095,0.102,0.119,0.158,17.13,16.51,16.01,15.42,15.02,14.87,17.17,17.25,13.42,19.76
"2013-07-31 14:30:00",83803,0.095,0.102,0.12,0.158,16.99,16.49,16.01,15.44,15.03,14.87,17.15,17.22,13.42,19.47
"2013-07-31 14:45:00",83804,0.095,0.102,0.12,0.158,16.88,16.45,16.04,15.48,15.03,14.87,17.1,17.16,13.41,19.23
"2013-07-31 15:00:00",83805,0.094,0.102,0.12,0.158,16.8,16.42,16.06,15.49,15.04,14.85,17.05,17.1,13.39,19.05
"2013-07-31 15:15:00",83806,0.094,0.102,0.12,0.158,16.75,16.36,16.06,15.49,15.05,14.86,17,17.06,13.39,18.92
"2013-07-31 15:30:00",83807,0.094,0.102,0.12,0.158,16.67,16.33,16.07,15.5,15.05,14.85,16.96,17.01,13.37,18.79
"2013-07-31 15:45:00",83808,0.094,0.102,0.12,0.158,16.63,16.28,16.06,15.53,15.05,14.86,16.92,16.97,13.36,18.69
"2013-07-31 16:00:00",83809,0.094,0.102,0.12,0.158,16.6,16.25,16.07,15.55,15.06,14.85,16.88,16.93,13.35,18.56
"2013-07-31 16:15:00",83810,0.094,0.102,0.12,0.158,16.54,16.24,16.06,15.58,15.07,14.85,16.84,16.89,13.35,18.43
"2013-07-31 16:30:00",83811,0.094,0.102,0.12,0.158,16.49,16.19,16.06,15.59,15.08,14.85,16.8,16.85,13.36,18.3
"2013-07-31 16:45:00",83812,0.094,0.102,0.12,0.158,16.43,16.15,16.04,15.6,15.08,14.86,16.75,16.81,13.36,18.15
"2013-07-31 17:00:00",83813,0.094,0.102,0.12,0.158,16.37,16.13,16.03,15.6,15.09,14.85,16.71,16.76,13.36,18.02
"2013-07-31 17:15:00",83814,0.094,0.102,0.12,0.158,16.29,16.09,16.02,15.61,15.11,14.86,16.66,16.72,13.36,17.84
"2013-07-31 17:30:00",83815,0.094,0.102,0.12,0.158,16.23,16.04,16,15.62,15.12,14.86,16.61,16.67,13.35,17.54
"2013-07-31 17:45:00",83816,0.094,0.102,0.119,0.158,16.13,16,15.98,15.63,15.12,14.86,16.56,16.61,13.35,17.11
"2013-07-31 18:00:00",83817,0.094,0.102,0.119,0.158,16.01,15.94,15.98,15.64,15.13,14.86,16.48,16.52,13.34,16.61
"2013-07-31 18:15:00",83818,0.094,0.102,0.119,0.158,15.9,15.86,15.98,15.64,15.13,14.88,16.4,16.43,13.34,16.09
"2013-07-31 18:30:00",83819,0.094,0.102,0.119,0.158,15.78,15.76,15.95,15.64,15.14,14.88,16.31,16.34,13.35,15.51
"2013-07-31 18:45:00",83820,0.094,0.102,0.119,0.158,15.63,15.68,15.9,15.64,15.14,14.88,16.22,16.24,13.35,14.9
"2013-07-31 19:00:00",83821,0.094,0.102,0.119,0.158,15.46,15.58,15.87,15.63,15.14,14.88,16.12,16.11,13.35,14.28
"2013-07-31 19:15:00",83822,0.094,0.102,0.119,0.158,15.32,15.48,15.83,15.62,15.15,14.89,16,15.98,13.35,13.73
"2013-07-31 19:30:00",83823,0.094,0.102,0.119,0.158,15.15,15.36,15.8,15.61,15.16,14.9,15.89,15.84,13.36,13.28
"2013-07-31 19:45:00",83824,0.094,0.102,0.119,0.158,15.02,15.26,15.75,15.58,15.17,14.9,15.78,15.72,13.36,12.91
"2013-07-31 20:00:00",83825,0.094,0.102,0.119,0.158,14.89,15.16,15.69,15.55,15.18,14.89,15.67,15.59,13.37,12.6
"2013-07-31 20:15:00",83826,0.094,0.102,0.119,0.158,14.82,15.06,15.64,15.53,15.18,14.89,15.57,15.48,13.38,12.35
"2013-07-31 20:30:00",83827,0.094,0.102,0.119,0.158,14.69,14.96,15.6,15.52,15.19,14.88,15.47,15.36,13.38,12.02
"2013-07-31 20:45:00",83828,0.094,0.102,0.119,0.158,14.55,14.85,15.53,15.51,15.19,14.88,15.37,15.24,13.39,11.84
"2013-07-31 21:00:00",83829,0.094,0.103,0.119,0.158,14.48,14.76,15.45,15.49,15.18,14.88,15.26,15.13,13.39,11.75
"2013-07-31 21:15:00",83830,0.094,0.103,0.119,0.158,14.39,14.67,15.4,15.47,15.18,14.88,15.18,15.04,13.39,11.68
"2013-07-31 21:30:00",83831,0.094,0.103,0.119,0.158,14.3,14.6,15.33,15.44,15.17,14.88,15.1,14.96,13.39,11.61
"2013-07-31 21:45:00",83832,0.094,0.103,0.119,0.158,14.22,14.5,15.28,15.41,15.17,14.88,15.02,14.87,13.38,11.59
"2013-07-31 22:00:00",83833,0.094,0.102,0.119,0.158,14.18,14.42,15.23,15.37,15.18,14.88,14.95,14.8,13.38,11.61
"2013-07-31 22:15:00",83834,0.094,0.102,0.119,0.158,14.13,14.38,15.17,15.35,15.18,14.88,14.89,14.74,13.38,11.7
"2013-07-31 22:30:00",83835,0.094,0.102,0.119,0.158,14.12,14.32,15.14,15.35,15.17,14.89,14.84,14.69,13.37,11.84
"2013-07-31 22:45:00",83836,0.094,0.102,0.119,0.158,14.12,14.3,15.08,15.3,15.19,14.89,14.8,14.65,13.37,11.98
"2013-07-31 23:00:00",83837,0.094,0.102,0.119,0.158,14.12,14.26,15.02,15.26,15.17,14.88,14.77,14.62,13.37,12.16
"2013-07-31 23:15:00",83838,0.094,0.102,0.119,0.158,14.12,14.22,15,15.25,15.18,14.89,14.75,14.6,13.36,12.33
"2013-07-31 23:30:00",83839,0.094,0.102,0.119,0.158,14.12,14.21,14.96,15.23,15.18,14.91,14.72,14.58,13.36,12.44
"2013-07-31 23:45:00",83840,0.094,0.102,0.119,0.158,14.11,14.19,14.91,15.2,15.17,14.9,14.7,14.57,13.37,12.51
"2013-08-01 00:00:00",83841,0.094,0.102,0.119,0.158,14.08,14.17,14.88,15.16,15.17,14.92,14.68,14.55,13.37,12.53
"2013-08-01 00:15:00",83842,0.094,0.102,0.119,0.158,14.06,14.17,14.88,15.15,15.16,14.94,14.65,14.52,13.38,12.56
"2013-08-01 00:30:00",83843,0.094,0.102,0.119,0.158,14.02,14.13,14.85,15.13,15.16,14.92,14.63,14.5,13.38,12.53
"2013-08-01 00:45:00",83844,0.094,0.102,0.119,0.158,13.99,14.1,14.81,15.11,15.14,14.94,14.6,14.47,13.37,12.44
"2013-08-01 01:00:00",83845,0.094,0.102,0.119,0.158,13.94,14.06,14.78,15.07,15.14,14.96,14.57,14.43,13.37,12.3
"2013-08-01 01:15:00",83846,0.094,0.102,0.119,0.158,13.86,14.03,14.78,15.05,15.12,14.95,14.53,14.38,13.37,12.02
"2013-08-01 01:30:00",83847,0.094,0.103,0.119,0.158,13.76,13.97,14.76,15.02,15.11,14.92,14.48,14.32,13.37,11.7
"2013-08-01 01:45:00",83848,0.094,0.103,0.119,0.158,13.65,13.92,14.73,15.01,15.11,14.93,14.41,14.24,13.37,11.33
"2013-08-01 02:00:00",83849,0.094,0.103,0.119,0.158,13.52,13.84,14.68,14.98,15.11,14.92,14.34,14.16,13.36,10.95
"2013-08-01 02:15:00",83850,0.094,0.103,0.119,0.158,13.42,13.77,14.63,14.97,15.08,14.92,14.26,14.06,13.39,10.65
"2013-08-01 02:30:00",83851,0.094,0.103,0.119,0.158,13.31,13.68,14.59,14.93,15.07,14.92,14.18,13.97,13.4,10.31
"2013-08-01 02:45:00",83852,0.094,0.103,0.119,0.158,13.2,13.61,14.56,14.91,15.06,14.92,14.09,13.87,13.39,10.04
"2013-08-01 03:00:00",83853,0.094,0.103,0.119,0.158,13.1,13.54,14.5,14.88,15.07,14.92,14.01,13.77,13.39,9.79
"2013-08-01 03:15:00",83854,0.094,0.103,0.119,0.158,13,13.46,14.48,14.84,15.06,14.93,13.92,13.67,13.4,9.55
"2013-08-01 03:30:00",83855,0.094,0.103,0.119,0.158,12.89,13.37,14.41,14.81,15.04,14.93,13.83,13.58,13.4,9.3
"2013-08-01 03:45:00",83856,0.094,0.103,0.119,0.158,12.76,13.28,14.35,14.79,15.04,14.94,13.74,13.47,13.4,9.01
"2013-08-01 04:00:00",83857,0.094,0.103,0.119,0.158,12.63,13.18,14.31,14.79,15.03,14.94,13.65,13.37,13.39,8.75
"2013-08-01 04:15:00",83858,0.094,0.103,0.119,0.158,12.51,13.06,14.24,14.74,15.02,14.94,13.56,13.27,13.4,8.44
"2013-08-01 04:30:00",83859,0.094,0.103,0.119,0.158,12.38,12.98,14.2,14.7,15,14.94,13.46,13.16,13.4,8.17
"2013-08-01 04:45:00",83860,0.094,0.103,0.119,0.158,12.27,12.89,14.13,14.66,15,14.94,13.36,13.05,13.39,7.97
"2013-08-01 05:00:00",83861,0.094,0.103,0.119,0.158,12.16,12.78,14.07,14.65,14.99,14.94,13.27,12.95,13.41,7.774
"2013-08-01 05:15:00",83862,0.094,0.103,0.119,0.158,12.06,12.7,14.02,14.61,14.99,14.94,13.18,12.84,13.41,7.618
"2013-08-01 05:30:00",83863,0.094,0.103,0.119,0.158,11.98,12.61,13.96,14.57,14.98,14.95,13.08,12.74,13.41,7.51
"2013-08-01 05:45:00",83864,0.094,0.103,0.119,0.158,11.89,12.51,13.9,14.53,14.96,14.95,13,12.66,13.41,7.333
"2013-08-01 06:00:00",83865,0.094,0.103,0.119,0.158,11.78,12.44,13.85,14.52,14.96,14.95,12.91,12.56,13.41,7.18
"2013-08-01 06:15:00",83866,0.094,0.103,0.119,0.158,11.68,12.36,13.78,14.47,14.95,14.95,12.83,12.47,13.41,7.028
"2013-08-01 06:30:00",83867,0.094,0.103,0.119,0.158,11.59,12.26,13.71,14.43,14.93,14.95,12.74,12.37,13.42,6.875
"2013-08-01 06:45:00",83868,0.094,0.103,0.119,0.158,11.49,12.19,13.65,14.4,14.91,14.96,12.66,12.28,13.42,6.744
"2013-08-01 07:00:00",83869,0.094,0.103,0.119,0.158,11.39,12.1,13.59,14.36,14.9,14.95,12.57,12.18,13.42,6.635
"2013-08-01 07:15:00",83870,0.094,0.103,0.119,0.158,11.32,12.02,13.54,14.3,14.87,14.95,12.49,12.09,13.42,6.59
"2013-08-01 07:30:00",83871,0.094,0.103,0.119,0.158,11.27,11.95,13.48,14.27,14.85,14.96,12.41,12.02,13.42,6.59
"2013-08-01 07:45:00",83872,0.094,0.103,0.119,0.158,11.22,11.88,13.41,14.23,14.83,14.95,12.36,11.96,13.41,6.656
"2013-08-01 08:00:00",83873,0.094,0.103,0.119,0.158,11.22,11.83,13.35,14.18,14.82,14.95,12.31,11.91,13.41,6.809
"2013-08-01 08:15:00",83874,0.094,0.103,0.119,0.158,11.26,11.8,13.3,14.15,14.82,14.95,12.28,11.88,13.41,7.137
"2013-08-01 08:30:00",83875,0.094,0.103,0.119,0.158,11.41,11.81,13.25,14.13,14.8,14.96,12.28,11.9,13.41,7.751
"2013-08-01 08:45:00",83876,0.094,0.103,0.119,0.158,11.74,11.88,13.22,14.07,14.77,14.95,12.34,11.99,13.41,8.48
"2013-08-01 09:00:00",83877,0.094,0.103,0.119,0.158,12.11,12.02,13.19,14.05,14.73,14.96,12.5,12.16,13.42,9.17
"2013-08-01 09:15:00",83878,0.094,0.103,0.119,0.158,12.44,12.19,13.16,14.01,14.71,14.95,12.66,12.41,13.41,9.91
"2013-08-01 09:30:00",83879,0.094,0.103,0.119,0.158,12.82,12.38,13.18,13.98,14.7,14.96,12.83,12.8,13.4,10.72
"2013-08-01 09:45:00",83880,0.094,0.103,0.119,0.158,13.24,12.61,13.21,13.95,14.66,14.95,13.02,13.22,13.4,11.49
"2013-08-01 10:00:00",83881,0.094,0.103,0.119,0.158,13.67,12.88,13.27,13.93,14.67,14.95,13.24,13.71,13.41,12.3
"2013-08-01 10:15:00",83882,0.094,0.103,0.119,0.157,14.2,13.19,13.32,13.91,14.65,14.97,13.47,14.19,13.41,13.19
"2013-08-01 10:30:00",83883,0.094,0.102,0.119,0.157,14.86,13.54,13.42,13.92,14.61,14.97,13.79,14.65,13.41,14.09
"2013-08-01 10:45:00",83884,0.094,0.102,0.119,0.157,15.49,13.91,13.52,13.92,14.59,14.96,14.26,15.14,13.42,15
"2013-08-01 11:00:00",83885,0.094,0.102,0.119,0.157,15.88,14.28,13.65,13.92,14.58,14.96,14.82,15.54,13.43,15.97
"2013-08-01 11:15:00",83886,0.094,0.102,0.119,0.157,16.13,14.61,13.8,13.95,14.57,14.96,15.43,15.9,13.43,16.84
"2013-08-01 11:30:00",83887,0.094,0.102,0.119,0.157,16.4,14.89,13.95,13.97,14.57,14.96,16,16.37,13.43,17.69
"2013-08-01 11:45:00",83888,0.094,0.102,0.119,0.157,17.01,15.21,14.11,14,14.53,14.95,16.49,16.93,13.41,18.48
"2013-08-01 12:00:00",83889,0.094,0.102,0.119,0.157,17.95,15.66,14.27,14.06,14.52,14.95,16.97,17.5,13.4,19.18
"2013-08-01 12:15:00",83890,0.094,0.102,0.119,0.157,18.97,16.22,14.45,14.11,14.52,14.94,17.35,18.09,13.4,19.84
"2013-08-01 12:30:00",83891,0.094,0.102,0.119,0.157,19.97,16.82,14.66,14.15,14.51,14.93,17.7,18.68,13.4,20.37
"2013-08-01 12:45:00",83892,0.094,0.102,0.119,0.157,20.91,17.52,14.9,14.23,14.5,14.94,18.08,19.24,13.39,20.88
"2013-08-01 13:00:00",83893,0.094,0.102,0.119,0.157,21.58,18.13,15.18,14.3,14.49,14.95,18.46,19.73,13.39,21.29
"2013-08-01 13:15:00",83894,0.094,0.101,0.119,0.157,21.63,18.58,15.5,14.39,14.49,14.95,18.73,20.02,13.38,21.64
"2013-08-01 13:30:00",83895,0.094,0.101,0.119,0.157,21.66,18.88,15.8,14.51,14.49,14.96,18.89,20.12,13.39,21.89
"2013-08-01 13:45:00",83896,0.094,0.101,0.119,0.157,21.95,19.14,16.07,14.63,14.49,14.96,19,20.15,13.38,22.14
"2013-08-01 14:00:00",83897,0.094,0.101,0.119,0.157,22.18,19.43,16.31,14.74,14.5,14.97,19.13,20.12,13.37,22.36
"2013-08-01 14:15:00",83898,0.094,0.101,0.119,0.157,22.17,19.65,16.54,14.88,14.51,14.97,19.27,20.05,13.37,22.59
"2013-08-01 14:30:00",83899,0.094,0.101,0.119,0.157,22.06,19.78,16.75,15.01,14.54,14.97,19.36,19.94,13.36,23.04
"2013-08-01 14:45:00",83900,0.094,0.101,0.119,0.157,21.83,19.81,16.94,15.13,14.54,14.96,19.41,19.81,13.35,23.75
"2013-08-01 15:00:00",83901,0.094,0.101,0.119,0.156,21.47,19.78,17.08,15.25,14.57,14.96,19.39,19.67,13.34,24.98
"2013-08-01 15:15:00",83902,0.094,0.101,0.119,0.156,21.12,19.68,17.22,15.37,14.59,14.96,19.33,19.54,13.33,26.47
"2013-08-01 15:30:00",83903,0.094,0.101,0.119,0.156,20.81,19.56,17.34,15.49,14.62,14.95,19.25,19.43,13.35,27.63
"2013-08-01 15:45:00",83904,0.093,0.1,0.119,0.156,20.55,19.42,17.4,15.61,14.62,14.94,19.16,19.33,13.37,28.56
"2013-08-01 16:00:00",83905,0.093,0.1,0.119,0.156,20.32,19.29,17.46,15.72,14.65,14.93,19.07,19.24,13.38,28.01
"2013-08-01 16:15:00",83906,0.093,0.1,0.119,0.156,20.09,19.18,17.48,15.81,14.69,14.93,18.99,19.17,13.38,27.18
"2013-08-01 16:30:00",83907,0.093,0.1,0.119,0.156,19.85,19.04,17.5,15.88,14.72,14.92,18.9,19.09,13.4,26.1
"2013-08-01 16:45:00",83908,0.093,0.1,0.118,0.156,19.6,18.89,17.52,15.95,14.77,14.92,18.8,18.99,13.4,24.78
"2013-08-01 17:00:00",83909,0.093,0.1,0.118,0.156,19.33,18.72,17.52,16.02,14.81,14.91,18.68,18.86,13.4,23.21
"2013-08-01 17:15:00",83910,0.093,0.1,0.118,0.156,19.02,18.53,17.5,16.06,14.84,14.93,18.54,18.71,13.39,21.72
"2013-08-01 17:30:00",83911,0.093,0.1,0.118,0.156,18.73,18.36,17.47,16.09,14.89,14.92,18.38,18.53,13.39,20.42
"2013-08-01 17:45:00",83912,0.093,0.1,0.118,0.156,18.44,18.19,17.43,16.14,14.92,14.91,18.22,18.35,13.39,19.13
"2013-08-01 18:00:00",83913,0.093,0.1,0.118,0.156,18.16,17.99,17.38,16.15,14.93,14.89,18.05,18.16,13.39,17.95
"2013-08-01 18:15:00",83914,0.093,0.1,0.118,0.156,17.89,17.82,17.33,16.19,14.97,14.89,17.87,17.96,13.39,16.91
"2013-08-01 18:30:00",83915,0.093,0.1,0.118,0.156,17.66,17.64,17.28,16.22,15.01,14.9,17.7,17.76,13.4,16.04
"2013-08-01 18:45:00",83916,0.093,0.1,0.118,0.156,17.43,17.47,17.2,16.25,15.03,14.9,17.54,17.58,13.41,15.29
"2013-08-01 19:00:00",83917,0.093,0.1,0.118,0.156,17.21,17.25,17.12,16.24,15.06,14.89,17.38,17.4,13.4,14.68
"2013-08-01 19:15:00",83918,0.093,0.1,0.118,0.156,17.01,17.08,17.06,16.23,15.1,14.9,17.23,17.23,13.4,14.23
"2013-08-01 19:30:00",83919,0.093,0.1,0.118,0.156,16.83,16.93,16.99,16.23,15.12,14.91,17.09,17.07,13.4,13.75
"2013-08-01 19:45:00",83920,0.093,0.1,0.118,0.156,16.61,16.77,16.93,16.21,15.14,14.91,16.95,16.91,13.41,13.19
"2013-08-01 20:00:00",83921,0.093,0.1,0.118,0.156,16.39,16.61,16.84,16.19,15.17,14.89,16.8,16.73,13.41,12.65
"2013-08-01 20:15:00",83922,0.093,0.1,0.118,0.156,16.19,16.46,16.76,16.19,15.19,14.89,16.65,16.56,13.41,12.26
"2013-08-01 20:30:00",83923,0.093,0.1,0.118,0.156,16.03,16.31,16.69,16.19,15.2,14.89,16.51,16.39,13.41,11.98
"2013-08-01 20:45:00",83924,0.093,0.1,0.118,0.156,15.89,16.17,16.59,16.17,15.21,14.88,16.37,16.24,13.41,11.77
"2013-08-01 21:00:00",83925,0.093,0.1,0.118,0.156,15.75,16.05,16.53,16.15,15.25,14.88,16.25,16.1,13.41,11.56
"2013-08-01 21:15:00",83926,0.093,0.1,0.118,0.156,15.61,15.92,16.45,16.11,15.26,14.88,16.14,15.97,13.41,11.43
"2013-08-01 21:30:00",83927,0.093,0.1,0.118,0.156,15.46,15.78,16.36,16.07,15.29,14.88,16.03,15.85,13.41,11.29
"2013-08-01 21:45:00",83928,0.093,0.101,0.118,0.156,15.34,15.66,16.29,16.05,15.29,14.88,15.92,15.72,13.41,11.08
"2013-08-01 22:00:00",83929,0.093,0.101,0.118,0.156,15.21,15.55,16.21,16.03,15.3,14.88,15.81,15.6,13.41,10.86
"2013-08-01 22:15:00",83930,0.093,0.101,0.118,0.155,15.07,15.43,16.12,16,15.3,14.88,15.7,15.48,13.41,10.67
"2013-08-01 22:30:00",83931,0.093,0.101,0.118,0.155,14.95,15.31,16.06,15.95,15.31,14.88,15.6,15.36,13.42,10.54
"2013-08-01 22:45:00",83932,0.093,0.101,0.118,0.155,14.84,15.21,15.99,15.91,15.3,14.88,15.5,15.25,13.41,10.4
"2013-08-01 23:00:00",83933,0.093,0.101,0.118,0.155,14.73,15.11,15.89,15.9,15.31,14.88,15.4,15.14,13.41,10.2
"2013-08-01 23:15:00",83934,0.093,0.101,0.118,0.155,14.59,14.99,15.83,15.85,15.32,14.88,15.3,15.02,13.4,9.93
"2013-08-01 23:30:00",83935,0.093,0.101,0.118,0.155,14.44,14.88,15.74,15.82,15.34,14.88,15.18,14.89,13.4,9.62
"2013-08-01 23:45:00",83936,0.093,0.101,0.118,0.155,14.29,14.76,15.69,15.79,15.35,14.89,15.07,14.75,13.41,9.32
"2013-08-02 00:00:00",83937,0.093,0.101,0.118,0.155,14.15,14.64,15.62,15.76,15.35,14.89,14.96,14.62,13.41,9.06
"2013-08-02 00:15:00",83938,0.093,0.101,0.118,0.155,14.02,14.5,15.54,15.69,15.35,14.9,14.85,14.5,13.42,8.81
"2013-08-02 00:30:00",83939,0.093,0.101,0.118,0.155,13.89,14.38,15.43,15.66,15.35,14.89,14.74,14.38,13.42,8.57
"2013-08-02 00:45:00",83940,0.093,0.101,0.118,0.155,13.76,14.26,15.35,15.63,15.35,14.9,14.63,14.25,13.42,8.39
"2013-08-02 01:00:00",83941,0.093,0.101,0.118,0.155,13.64,14.16,15.27,15.56,15.34,14.9,14.53,14.14,13.41,8.21
"2013-08-02 01:15:00",83942,0.093,0.101,0.118,0.155,13.52,14.07,15.21,15.53,15.33,14.91,14.43,14.02,13.42,8.04
"2013-08-02 01:30:00",83943,0.093,0.101,0.118,0.155,13.39,13.95,15.12,15.47,15.33,14.91,14.33,13.9,13.43,7.794
"2013-08-02 01:45:00",83944,0.093,0.101,0.118,0.155,13.26,13.86,15.05,15.42,15.32,14.92,14.22,13.78,13.42,7.618
"2013-08-02 02:00:00",83945,0.093,0.101,0.118,0.155,13.17,13.75,14.96,15.39,15.32,14.92,14.12,13.66,13.42,7.487
"2013-08-02 02:15:00",83946,0.093,0.101,0.118,0.155,13.07,13.67,14.89,15.34,15.31,14.93,14.02,13.55,13.42,7.356
"2013-08-02 02:30:00",83947,0.093,0.101,0.118,0.155,12.96,13.58,14.81,15.29,15.28,14.93,13.92,13.45,13.43,7.268
"2013-08-02 02:45:00",83948,0.093,0.101,0.118,0.155,12.87,13.48,14.75,15.25,15.28,14.94,13.83,13.35,13.43,7.137
"2013-08-02 03:00:00",83949,0.093,0.101,0.118,0.155,12.76,13.39,14.68,15.2,15.27,14.95,13.74,13.25,13.43,6.983
"2013-08-02 03:15:00",83950,0.093,0.101,0.118,0.155,12.63,13.3,14.6,15.17,15.26,14.94,13.65,13.14,13.43,6.918
"2013-08-02 03:30:00",83951,0.093,0.101,0.118,0.155,12.56,13.19,14.54,15.11,15.24,14.94,13.56,13.05,13.42,7.028
"2013-08-02 03:45:00",83952,0.093,0.101,0.118,0.155,12.53,13.1,14.45,15.06,15.24,14.95,13.49,12.98,13.43,7.245
"2013-08-02 04:00:00",83953,0.093,0.101,0.118,0.155,12.5,13.03,14.4,15.03,15.23,14.95,13.43,12.92,13.42,7.51
"2013-08-02 04:15:00",83954,0.093,0.101,0.118,0.155,12.5,13.01,14.33,14.96,15.23,14.95,13.39,12.88,13.42,7.794
"2013-08-02 04:30:00",83955,0.093,0.101,0.118,0.155,12.48,12.96,14.27,14.91,15.21,14.95,13.35,12.85,13.42,8.08
"2013-08-02 04:45:00",83956,0.093,0.101,0.118,0.155,12.48,12.92,14.21,14.88,15.18,14.95,13.32,12.83,13.42,8.3
"2013-08-02 05:00:00",83957,0.093,0.101,0.118,0.155,12.45,12.91,14.17,14.82,15.17,14.95,13.29,12.81,13.42,8.41
"2013-08-02 05:15:00",83958,0.093,0.101,0.118,0.155,12.43,12.86,14.11,14.8,15.15,14.95,13.27,12.79,13.42,8.44
"2013-08-02 05:30:00",83959,0.093,0.101,0.118,0.155,12.39,12.82,14.07,14.74,15.14,14.96,13.23,12.76,13.42,8.41
"2013-08-02 05:45:00",83960,0.093,0.101,0.118,0.155,12.33,12.76,14.02,14.68,15.13,14.96,13.19,12.72,13.42,8.33
"2013-08-02 06:00:00",83961,0.093,0.101,0.118,0.155,12.29,12.72,13.97,14.66,15.11,14.96,13.15,12.68,13.43,8.23
"2013-08-02 06:15:00",83962,0.093,0.101,0.118,0.155,12.24,12.69,13.95,14.63,15.09,14.97,13.1,12.63,13.43,8.13
"2013-08-02 06:30:00",83963,0.093,0.101,0.117,0.155,12.17,12.64,13.9,14.58,15.07,14.96,13.06,12.59,13.43,7.993
"2013-08-02 06:45:00",83964,0.093,0.101,0.117,0.155,12.09,12.59,13.86,14.53,15.04,14.97,13.01,12.53,13.42,7.862
"2013-08-02 07:00:00",83965,0.093,0.101,0.118,0.155,12.04,12.53,13.83,14.52,15.03,14.97,12.95,12.47,13.42,7.817
"2013-08-02 07:15:00",83966,0.093,0.101,0.117,0.155,12.02,12.48,13.77,14.48,15,14.99,12.9,12.42,13.43,7.839
"2013-08-02 07:30:00",83967,0.093,0.101,0.117,0.155,11.99,12.45,13.73,14.43,15,14.99,12.86,12.38,13.43,7.97
"2013-08-02 07:45:00",83968,0.093,0.101,0.117,0.155,12.02,12.41,13.68,14.42,14.99,14.99,12.84,12.36,13.43,8.19
"2013-08-02 08:00:00",83969,0.093,0.101,0.117,0.155,12.05,12.39,13.64,14.38,14.98,14.99,12.83,12.36,13.43,8.48
"2013-08-02 08:15:00",83970,0.093,0.101,0.117,0.155,12.07,12.39,13.61,14.33,14.94,14.98,12.83,12.37,13.43,8.79
"2013-08-02 08:30:00",83971,0.093,0.101,0.117,0.155,12.15,12.39,13.58,14.32,14.93,14.98,12.85,12.4,13.43,9.19
"2013-08-02 08:45:00",83972,0.093,0.101,0.117,0.155,12.25,12.43,13.55,14.28,14.92,14.98,12.88,12.44,13.43,9.64
"2013-08-02 09:00:00",83973,0.093,0.101,0.117,0.155,12.39,12.48,13.52,14.24,14.92,14.98,12.93,12.51,13.44,10.09
"2013-08-02 09:15:00",83974,0.093,0.101,0.117,0.155,12.58,12.54,13.52,14.22,14.89,14.98,13.02,12.61,13.43,10.61
"2013-08-02 09:30:00",83975,0.093,0.101,0.117,0.155,12.79,12.63,13.51,14.19,14.87,14.97,13.14,12.74,13.42,11.18
"2013-08-02 09:45:00",83976,0.093,0.101,0.117,0.155,12.99,12.75,13.51,14.16,14.84,14.97,13.26,12.89,13.43,11.82
"2013-08-02 10:00:00",83977,0.093,0.101,0.117,0.155,13.31,12.88,13.54,14.13,14.81,14.97,13.42,13.06,13.43,12.74
"2013-08-02 10:15:00",83978,0.093,0.101,0.117,0.155,13.87,13.11,13.56,14.13,14.79,14.97,13.64,13.36,13.43,13.78
"2013-08-02 10:30:00",83979,0.093,0.101,0.117,0.155,14.55,13.45,13.59,14.13,14.78,14.96,13.98,13.77,13.41,14.44
"2013-08-02 10:45:00",83980,0.093,0.101,0.117,0.155,14.87,13.75,13.68,14.12,14.75,14.96,14.37,14.15,13.41,14.88
"2013-08-02 11:00:00",83981,0.093,0.101,0.117,0.155,15.1,13.99,13.76,14.11,14.72,14.96,14.71,14.42,13.4,15.31
"2013-08-02 11:15:00",83982,0.093,0.101,0.117,0.155,15.23,14.18,13.86,14.11,14.71,14.97,15.03,14.65,13.4,15.68
"2013-08-02 11:30:00",83983,0.093,0.101,0.117,0.155,15.46,14.36,13.96,14.12,14.69,14.99,15.31,14.89,13.41,16.29
"2013-08-02 11:45:00",83984,0.093,0.101,0.117,0.155,15.97,14.62,14.07,14.15,14.67,14.99,15.67,15.23,13.41,17.01
"2013-08-02 12:00:00",83985,0.093,0.101,0.117,0.155,16.69,14.99,14.17,14.18,14.66,14.99,16.09,15.6,13.42,17.74
"2013-08-02 12:15:00",83986,0.093,0.101,0.117,0.155,17.67,15.45,14.31,14.19,14.64,14.99,16.46,15.99,13.42,18.66
"2013-08-02 12:30:00",83987,0.093,0.101,0.117,0.155,18.62,15.99,14.46,14.22,14.64,14.98,16.85,16.42,13.43,19.44
"2013-08-02 12:45:00",83988,0.093,0.1,0.117,0.155,19.46,16.55,14.66,14.26,14.63,14.99,17.28,16.86,13.43,20.26
"2013-08-02 13:00:00",83989,0.093,0.1,0.117,0.155,20,17.07,14.86,14.34,14.61,14.98,17.71,17.28,13.42,20.91
"2013-08-02 13:15:00",83990,0.093,0.1,0.117,0.155,20.25,17.54,15.11,14.38,14.6,14.98,18.1,17.63,13.43,21.53
"2013-08-02 13:30:00",83991,0.093,0.1,0.117,0.155,20.7,17.93,15.36,14.48,14.6,14.97,18.33,17.96,13.43,22.11
"2013-08-02 13:45:00",83992,0.093,0.1,0.117,0.155,21.26,18.32,15.63,14.56,14.59,14.97,18.51,18.24,13.43,22.59
"2013-08-02 14:00:00",83993,0.093,0.1,0.117,0.155,21.69,18.75,15.88,14.66,14.6,14.98,18.71,18.43,13.43,22.98
"2013-08-02 14:15:00",83994,0.093,0.1,0.117,0.155,21.85,19.09,16.1,14.76,14.6,14.99,18.92,18.55,13.43,23.35
"2013-08-02 14:30:00",83995,0.093,0.1,0.117,0.155,21.9,19.32,16.35,14.87,14.59,15,19.07,18.6,13.42,23.84
"2013-08-02 14:45:00",83996,0.093,0.1,0.117,0.154,21.75,19.48,16.57,14.99,14.61,15,19.16,18.62,13.41,23.87
"2013-08-02 15:00:00",83997,0.093,0.1,0.117,0.154,21.29,19.47,16.76,15.11,14.62,14.99,19.17,18.59,13.4,24.04
"2013-08-02 15:15:00",83998,0.093,0.1,0.117,0.154,20.94,19.37,16.92,15.22,14.63,14.99,19.12,18.54,13.4,25.04
"2013-08-02 15:30:00",83999,0.093,0.1,0.117,0.154,20.72,19.29,17.04,15.33,14.65,14.99,19.08,18.54,13.38,26.16
"2013-08-02 15:45:00",84000,0.093,0.099,0.117,0.154,20.56,19.21,17.13,15.45,14.67,14.98,19.05,18.57,13.38,27.5
"2013-08-02 16:00:00",84001,0.092,0.099,0.117,0.154,20.43,19.16,17.18,15.54,14.7,14.99,19.03,18.61,13.38,27.21
"2013-08-02 16:15:00",84002,0.092,0.099,0.117,0.154,20.26,19.08,17.25,15.66,14.72,14.99,19,18.65,13.38,26.65
"2013-08-02 16:30:00",84003,0.092,0.099,0.117,0.154,20.06,19.01,17.31,15.73,14.75,14.98,18.97,18.65,13.39,26.04
"2013-08-02 16:45:00",84004,0.092,0.099,0.117,0.154,19.8,18.91,17.34,15.8,14.8,14.98,18.89,18.62,13.39,25.1
"2013-08-02 17:00:00",84005,0.092,0.099,0.117,0.154,19.55,18.76,17.35,15.87,14.84,14.98,18.79,18.55,13.38,23.87
"2013-08-02 17:15:00",84006,0.092,0.099,0.116,0.154,19.27,18.59,17.36,15.92,14.85,14.96,18.67,18.44,13.37,22.73
"2013-08-02 17:30:00",84007,0.092,0.099,0.116,0.154,18.98,18.43,17.36,15.99,14.88,14.96,18.52,18.31,13.37,21.62
"2013-08-02 17:45:00",84008,0.092,0.099,0.116,0.154,18.72,18.28,17.35,16.02,14.93,14.95,18.37,18.16,13.36,20.69
"2013-08-02 18:00:00",84009,0.092,0.099,0.117,0.154,18.46,18.12,17.32,16.05,14.95,14.94,18.22,18.01,13.37,19.84
"2013-08-02 18:15:00",84010,0.092,0.099,0.117,0.154,18.23,17.96,17.27,16.08,14.96,14.94,18.06,17.87,13.38,19.05
"2013-08-02 18:30:00",84011,0.092,0.099,0.117,0.154,18,17.8,17.22,16.13,15,14.93,17.91,17.71,13.39,18.51
"2013-08-02 18:45:00",84012,0.092,0.099,0.117,0.154,17.83,17.65,17.17,16.15,15.03,14.93,17.77,17.58,13.39,18.2
"2013-08-02 19:00:00",84013,0.092,0.099,0.116,0.154,17.69,17.52,17.13,16.16,15.04,14.94,17.64,17.46,13.4,17.87
"2013-08-02 19:15:00",84014,0.092,0.099,0.116,0.154,17.54,17.4,17.07,16.16,15.07,14.94,17.53,17.36,13.4,17.44
"2013-08-02 19:30:00",84015,0.092,0.099,0.116,0.154,17.39,17.24,17.02,16.16,15.1,14.94,17.42,17.25,13.4,16.94
"2013-08-02 19:45:00",84016,0.092,0.099,0.116,0.154,17.22,17.11,16.97,16.17,15.13,14.94,17.29,17.14,13.4,16.46
"2013-08-02 20:00:00",84017,0.092,0.099,0.116,0.154,17.06,16.99,16.92,16.17,15.13,14.95,17.18,17.02,13.41,16.02
"2013-08-02 20:15:00",84018,0.092,0.099,0.116,0.154,16.89,16.87,16.87,16.17,15.16,14.95,17.07,16.9,13.4,15.55
"2013-08-02 20:30:00",84019,0.092,0.099,0.116,0.154,16.73,16.76,16.8,16.17,15.19,14.95,16.95,16.78,13.39,15.07
"2013-08-02 20:45:00",84020,0.092,0.099,0.116,0.154,16.56,16.63,16.74,16.15,15.22,14.94,16.84,16.66,13.39,14.59
"2013-08-02 21:00:00",84021,0.092,0.099,0.116,0.154,16.41,16.5,16.68,16.13,15.24,14.95,16.72,16.54,13.39,14.21
"2013-08-02 21:15:00",84022,0.092,0.099,0.116,0.154,16.27,16.39,16.63,16.12,15.24,14.96,16.61,16.41,13.39,13.99
"2013-08-02 21:30:00",84023,0.092,0.099,0.116,0.154,16.17,16.27,16.56,16.1,15.25,14.96,16.5,16.3,13.41,13.73
"2013-08-02 21:45:00",84024,0.092,0.099,0.116,0.153,16.02,16.17,16.49,16.09,15.27,14.96,16.4,16.2,13.41,13.33
"2013-08-02 22:00:00",84025,0.092,0.099,0.116,0.153,15.88,16.06,16.43,16.09,15.29,14.96,16.3,16.09,13.41,13
"2013-08-02 22:15:00",84026,0.092,0.099,0.116,0.153,15.76,15.96,16.36,16.07,15.31,14.96,16.2,15.97,13.4,12.86
"2013-08-02 22:30:00",84027,0.092,0.099,0.116,0.153,15.65,15.84,16.3,16.05,15.33,14.96,16.1,15.87,13.41,12.67
"2013-08-02 22:45:00",84028,0.092,0.1,0.116,0.153,15.55,15.74,16.24,16,15.34,14.96,16.01,15.78,13.41,12.49
"2013-08-02 23:00:00",84029,0.092,0.1,0.116,0.153,15.44,15.66,16.18,15.99,15.33,14.96,15.92,15.68,13.41,12.39
"2013-08-02 23:15:00",84030,0.092,0.1,0.116,0.153,15.37,15.57,16.12,15.97,15.33,14.96,15.83,15.59,13.41,12.49
"2013-08-02 23:30:00",84031,0.092,0.1,0.116,0.153,15.32,15.49,16.05,15.94,15.34,14.96,15.76,15.52,13.41,12.56
"2013-08-02 23:45:00",84032,0.092,0.1,0.116,0.153,15.25,15.43,16,15.9,15.34,14.96,15.69,15.46,13.41,12.53
"2013-08-03 00:00:00",84033,0.092,0.1,0.116,0.153,15.17,15.36,15.93,15.87,15.34,14.97,15.64,15.4,13.41,12.53
"2013-08-03 00:15:00",84034,0.092,0.1,0.116,0.153,15.13,15.3,15.9,15.84,15.34,14.96,15.57,15.34,13.41,12.49
"2013-08-03 00:30:00",84035,0.092,0.1,0.116,0.153,15.04,15.23,15.83,15.82,15.35,14.96,15.51,15.28,13.41,12.44
"2013-08-03 00:45:00",84036,0.092,0.1,0.116,0.153,14.98,15.16,15.78,15.79,15.35,14.96,15.45,15.21,13.42,12.39
"2013-08-03 01:00:00",84037,0.092,0.1,0.116,0.153,14.89,15.08,15.74,15.75,15.35,14.96,15.38,15.15,13.42,12.26
"2013-08-03 01:15:00",84038,0.092,0.1,0.116,0.153,14.8,15.02,15.67,15.72,15.35,14.96,15.32,15.07,13.42,12.07
"2013-08-03 01:30:00",84039,0.092,0.1,0.116,0.153,14.7,14.94,15.63,15.72,15.35,14.96,15.24,14.99,13.42,11.77
"2013-08-03 01:45:00",84040,0.092,0.1,0.116,0.153,14.59,14.84,15.59,15.67,15.34,14.94,15.17,14.9,13.42,11.38
"2013-08-03 02:00:00",84041,0.092,0.1,0.116,0.153,14.48,14.77,15.52,15.64,15.35,14.94,15.08,14.81,13.41,11.08
"2013-08-03 02:15:00",84042,0.092,0.1,0.116,0.153,14.37,14.67,15.44,15.6,15.34,14.93,15.01,14.71,13.41,10.77
"2013-08-03 02:30:00",84043,0.092,0.1,0.116,0.153,14.23,14.58,15.39,15.56,15.34,14.93,14.93,14.62,13.41,10.4
"2013-08-03 02:45:00",84044,0.092,0.1,0.116,0.153,14.12,14.46,15.32,15.52,15.33,14.93,14.84,14.51,13.42,10.13
"2013-08-03 03:00:00",84045,0.092,0.1,0.116,0.153,14.02,14.37,15.26,15.47,15.31,14.94,14.75,14.42,13.42,9.95
"2013-08-03 03:15:00",84046,0.092,0.1,0.116,0.153,13.94,14.28,15.22,15.45,15.31,14.94,14.67,14.33,13.42,9.95
"2013-08-03 03:30:00",84047,0.092,0.1,0.116,0.153,13.89,14.22,15.16,15.44,15.31,14.95,14.6,14.25,13.42,10.02
"2013-08-03 03:45:00",84048,0.092,0.1,0.116,0.153,13.85,14.14,15.11,15.39,15.3,14.96,14.54,14.19,13.42,10.06
"2013-08-03 04:00:00",84049,0.092,0.1,0.116,0.153,13.79,14.1,15.03,15.35,15.29,14.96,14.48,14.13,13.42,10
"2013-08-03 04:15:00",84050,0.092,0.1,0.116,0.153,13.74,14.03,14.98,15.33,15.28,14.95,14.42,14.07,13.41,9.91
"2013-08-03 04:30:00",84051,0.092,0.1,0.116,0.153,13.64,13.98,14.94,15.29,15.26,14.96,14.36,14.01,13.4,9.71
"2013-08-03 04:45:00",84052,0.092,0.1,0.116,0.153,13.56,13.91,14.88,15.23,15.27,14.97,14.29,13.93,13.41,9.55
"2013-08-03 05:00:00",84053,0.092,0.1,0.116,0.153,13.49,13.85,14.84,15.21,15.27,14.97,14.23,13.86,13.41,9.41
"2013-08-03 05:15:00",84054,0.092,0.1,0.116,0.153,13.44,13.78,14.79,15.19,15.27,14.98,14.17,13.79,13.41,9.32
"2013-08-03 05:30:00",84055,0.092,0.1,0.116,0.153,13.35,13.73,14.73,15.15,15.27,14.98,14.11,13.73,13.41,9.12
"2013-08-03 05:45:00",84056,0.092,0.1,0.116,0.153,13.26,13.67,14.7,15.1,15.26,14.98,14.04,13.66,13.41,8.97
"2013-08-03 06:00:00",84057,0.092,0.1,0.116,0.153,13.19,13.62,14.64,15.08,15.22,14.98,13.98,13.59,13.41,8.79
"2013-08-03 06:15:00",84058,0.092,0.1,0.116,0.153,13.11,13.53,14.59,15.05,15.22,14.98,13.91,13.51,13.41,8.61
"2013-08-03 06:30:00",84059,0.092,0.1,0.116,0.153,13.01,13.47,14.54,15,15.21,14.98,13.84,13.44,13.4,8.35
"2013-08-03 06:45:00",84060,0.092,0.1,0.116,0.153,12.89,13.39,14.48,14.97,15.18,14.98,13.77,13.35,13.4,8.06
"2013-08-03 07:00:00",84061,0.092,0.1,0.116,0.153,12.79,13.3,14.43,14.93,15.17,14.99,13.68,13.25,13.41,7.774
"2013-08-03 07:15:00",84062,0.092,0.1,0.116,0.153,12.66,13.22,14.38,14.9,15.16,14.99,13.6,13.15,13.41,7.464
"2013-08-03 07:30:00",84063,0.092,0.1,0.116,0.153,12.57,13.11,14.33,14.88,15.14,14.99,13.52,13.05,13.42,7.225
"2013-08-03 07:45:00",84064,0.092,0.1,0.116,0.153,12.51,13.03,14.27,14.83,15.13,14.99,13.44,12.96,13.42,7.245
"2013-08-03 08:00:00",84065,0.092,0.1,0.116,0.153,12.5,12.97,14.2,14.8,15.12,14.99,13.38,12.9,13.41,7.552
"2013-08-03 08:15:00",84066,0.092,0.1,0.116,0.153,12.58,12.92,14.17,14.76,15.12,14.99,13.35,12.88,13.41,8.46
"2013-08-03 08:30:00",84067,0.092,0.1,0.116,0.153,12.85,12.96,14.11,14.72,15.11,14.99,13.39,12.94,13.42,9.88
"2013-08-03 08:45:00",84068,0.092,0.1,0.116,0.153,13.26,13.08,14.08,14.7,15.08,15,13.53,13.09,13.43,11.2
"2013-08-03 09:00:00",84069,0.092,0.1,0.116,0.153,13.67,13.29,14.04,14.64,15.07,15,13.73,13.3,13.42,12.3
"2013-08-03 09:15:00",84070,0.092,0.1,0.116,0.153,13.96,13.49,14.05,14.6,15.07,15,13.92,13.52,13.42,13.38
"2013-08-03 09:30:00",84071,0.092,0.1,0.116,0.153,14.33,13.68,14.07,14.6,15.06,15,14.12,13.79,13.41,14.47
"2013-08-03 09:45:00",84072,0.092,0.1,0.116,0.153,14.74,13.89,14.12,14.56,15.03,14.99,14.33,14.13,13.42,15.31
"2013-08-03 10:00:00",84073,0.092,0.1,0.116,0.153,15.09,14.14,14.18,14.55,15.02,14.99,14.55,14.49,13.42,16.02
"2013-08-03 10:15:00",84074,0.092,0.099,0.116,0.153,15.53,14.41,14.24,14.56,15,15,14.77,14.86,13.42,16.71
"2013-08-03 10:30:00",84075,0.092,0.099,0.116,0.153,16.08,14.74,14.34,14.57,15,15,15.04,15.22,13.42,17.31
"2013-08-03 10:45:00",84076,0.092,0.099,0.116,0.153,16.69,15.1,14.45,14.57,14.98,15.02,15.46,15.59,13.43,17.87
"2013-08-03 11:00:00",84077,0.092,0.099,0.116,0.153,16.96,15.41,14.57,14.56,14.94,15.02,15.97,15.91,13.42,18.3
"2013-08-03 11:15:00",84078,0.092,0.099,0.116,0.153,17.17,15.67,14.71,14.57,14.94,15.01,16.53,16.21,13.42,18.74
"2013-08-03 11:30:00",84079,0.092,0.099,0.116,0.153,17.4,15.91,14.83,14.61,14.93,15.02,17.06,16.59,13.42,19.15
"2013-08-03 11:45:00",84080,0.092,0.099,0.115,0.153,17.86,16.16,14.97,14.66,14.93,15.01,17.51,16.98,13.41,19.63
"2013-08-03 12:00:00",84081,0.092,0.099,0.115,0.153,18.62,16.52,15.12,14.71,14.93,15.01,17.96,17.35,13.42,20.1
"2013-08-03 12:15:00",84082,0.092,0.099,0.115,0.153,19.51,16.97,15.28,14.75,14.93,15.01,18.29,17.7,13.42,20.58
"2013-08-03 12:30:00",84083,0.092,0.099,0.115,0.152,20.26,17.51,15.47,14.82,14.92,15.02,18.58,18.05,13.41,20.88
"2013-08-03 12:45:00",84084,0.092,0.099,0.115,0.152,20.85,18,15.7,14.86,14.91,15.01,18.89,18.38,13.41,21.12
"2013-08-03 13:00:00",84085,0.092,0.099,0.115,0.152,21.24,18.42,15.92,14.95,14.9,15.01,19.2,18.69,13.39,21.53
"2013-08-03 13:15:00",84086,0.092,0.098,0.115,0.152,21.51,18.8,16.16,15.04,14.9,15.01,19.49,18.97,13.39,21.89
"2013-08-03 13:30:00",84087,0.092,0.098,0.115,0.152,21.92,19.16,16.39,15.14,14.9,15.01,19.65,19.24,13.39,22.11
"2013-08-03 13:45:00",84088,0.092,0.098,0.115,0.152,22.38,19.53,16.61,15.23,14.92,15.01,19.76,19.45,13.39,22.28
"2013-08-03 14:00:00",84089,0.092,0.098,0.115,0.152,22.76,19.89,16.84,15.33,14.92,15.01,19.91,19.57,13.4,22.36
"2013-08-03 14:15:00",84090,0.091,0.098,0.115,0.152,22.84,20.2,17.06,15.44,14.93,15.01,20.04,19.6,13.4,22.39
"2013-08-03 14:30:00",84091,0.091,0.098,0.115,0.152,22.91,20.4,17.29,15.56,14.95,15,20.13,19.57,13.39,22.64
"2013-08-03 14:45:00",84092,0.091,0.098,0.115,0.152,22.77,20.52,17.49,15.71,14.97,15,20.16,19.51,13.39,23.15
"2013-08-03 15:00:00",84093,0.091,0.098,0.115,0.152,22.37,20.51,17.66,15.8,14.97,15,20.14,19.45,13.39,23.9
"2013-08-03 15:15:00",84094,0.091,0.098,0.115,0.152,21.97,20.44,17.81,15.91,15,14.99,20.09,19.38,13.38,24.87
"2013-08-03 15:30:00",84095,0.091,0.098,0.115,0.152,21.64,20.31,17.91,16.03,15.01,15,20.02,19.32,13.39,25.76
"2013-08-03 15:45:00",84096,0.091,0.098,0.115,0.152,21.34,20.17,18,16.13,15.02,15,19.91,19.26,13.38,26.34
"2013-08-03 16:00:00",84097,0.091,0.098,0.114,0.151,21.09,20.01,18.08,16.22,15.04,15,19.81,19.22,13.38,25.79
"2013-08-03 16:15:00",84098,0.091,0.098,0.114,0.151,20.82,19.88,18.11,16.31,15.07,15,19.7,19.17,13.38,25.1
"2013-08-03 16:30:00",84099,0.091,0.098,0.114,0.151,20.54,19.74,18.15,16.4,15.11,15,19.59,19.11,13.38,24.22
"2013-08-03 16:45:00",84100,0.091,0.098,0.114,0.151,20.24,19.57,18.15,16.44,15.12,15,19.47,19.02,13.39,23.07
"2013-08-03 17:00:00",84101,0.091,0.098,0.114,0.151,19.94,19.38,18.15,16.48,15.16,14.99,19.32,18.9,13.39,21.78
"2013-08-03 17:15:00",84102,0.09,0.098,0.114,0.151,19.65,19.2,18.12,16.55,15.2,14.99,19.15,18.75,13.41,20.58
"2013-08-03 17:30:00",84103,0.091,0.098,0.114,0.151,19.35,19,18.09,16.58,15.21,14.98,18.98,18.59,13.4,19.57
"2013-08-03 17:45:00",84104,0.091,0.098,0.114,0.151,19.06,18.8,18,16.62,15.26,14.98,18.81,18.43,13.4,18.71
"2013-08-03 18:00:00",84105,0.09,0.098,0.114,0.151,18.79,18.58,17.95,16.63,15.3,15,18.64,18.26,13.4,18.02
"2013-08-03 18:15:00",84106,0.09,0.098,0.114,0.151,18.53,18.39,17.89,16.67,15.31,15,18.46,18.09,13.4,17.44
"2013-08-03 18:30:00",84107,0.09,0.098,0.114,0.151,18.31,18.22,17.84,16.68,15.36,15,18.29,17.93,13.4,16.98
"2013-08-03 18:45:00",84108,0.09,0.098,0.114,0.151,18.11,18.07,17.77,16.71,15.38,14.99,18.13,17.78,13.39,16.56
"2013-08-03 19:00:00",84109,0.09,0.098,0.114,0.151,17.92,17.91,17.68,16.73,15.4,14.99,17.99,17.63,13.4,16.27
"2013-08-03 19:15:00",84110,0.09,0.098,0.114,0.151,17.75,17.76,17.61,16.71,15.44,14.99,17.85,17.5,13.4,16
"2013-08-03 19:30:00",84111,0.09,0.098,0.114,0.151,17.56,17.61,17.55,16.71,15.47,14.98,17.72,17.38,13.4,15.68
"2013-08-03 19:45:00",84112,0.09,0.098,0.114,0.151,17.42,17.49,17.45,16.69,15.5,14.98,17.59,17.26,13.4,15.48
"2013-08-03 20:00:00",84113,0.09,0.098,0.114,0.151,17.29,17.34,17.39,16.68,15.5,14.98,17.47,17.15,13.4,15.34
"2013-08-03 20:15:00",84114,0.09,0.098,0.114,0.151,17.16,17.19,17.31,16.65,15.51,14.98,17.37,17.05,13.4,15.09
"2013-08-03 20:30:00",84115,0.09,0.098,0.114,0.151,17,17.06,17.25,16.63,15.55,14.98,17.26,16.95,13.4,14.8
"2013-08-03 20:45:00",84116,0.09,0.098,0.114,0.151,16.87,16.95,17.15,16.6,15.57,14.97,17.15,16.85,13.4,14.52
"2013-08-03 21:00:00",84117,0.09,0.098,0.114,0.151,16.73,16.84,17.1,16.58,15.59,14.97,17.04,16.74,13.4,14.23
"2013-08-03 21:15:00",84118,0.09,0.098,0.114,0.151,16.58,16.72,17.03,16.56,15.61,14.99,16.93,16.62,13.42,13.99
"2013-08-03 21:30:00",84119,0.09,0.098,0.114,0.151,16.44,16.62,16.98,16.56,15.6,14.98,16.82,16.51,13.42,13.73
"2013-08-03 21:45:00",84120,0.09,0.098,0.114,0.151,16.3,16.5,16.89,16.53,15.62,14.99,16.71,16.4,13.42,13.38
"2013-08-03 22:00:00",84121,0.09,0.098,0.114,0.151,16.16,16.39,16.83,16.49,15.62,14.99,16.61,16.29,13.42,13.07
"2013-08-03 22:15:00",84122,0.09,0.098,0.114,0.151,16.03,16.27,16.76,16.47,15.64,14.99,16.5,16.17,13.42,12.72
"2013-08-03 22:30:00",84123,0.09,0.098,0.114,0.151,15.9,16.16,16.69,16.46,15.67,14.99,16.39,16.06,13.41,12.46
"2013-08-03 22:45:00",84124,0.09,0.098,0.114,0.151,15.81,16.06,16.62,16.42,15.67,15,16.29,15.96,13.41,12.3
"2013-08-03 23:00:00",84125,0.09,0.098,0.114,0.151,15.71,15.97,16.55,16.39,15.67,15.01,16.2,15.87,13.41,12.16
"2013-08-03 23:15:00",84126,0.09,0.098,0.114,0.151,15.63,15.87,16.48,16.35,15.67,15.01,16.11,15.79,13.42,12.09
"2013-08-03 23:30:00",84127,0.09,0.098,0.114,0.151,15.54,15.79,16.42,16.31,15.67,15.01,16.03,15.71,13.42,12.02
"2013-08-03 23:45:00",84128,0.09,0.098,0.114,0.151,15.47,15.7,16.36,16.29,15.67,15.01,15.95,15.63,13.41,12.07
"2013-08-04 00:00:00",84129,0.09,0.098,0.114,0.151,15.4,15.64,16.29,16.26,15.66,15.02,15.89,15.56,13.4,12.16
"2013-08-04 00:15:00",84130,0.09,0.098,0.114,0.151,15.36,15.56,16.24,16.22,15.67,15.02,15.82,15.51,13.4,12.3
"2013-08-04 00:30:00",84131,0.09,0.098,0.114,0.151,15.32,15.51,16.17,16.2,15.68,15.02,15.77,15.46,13.4,12.39
"2013-08-04 00:45:00",84132,0.09,0.098,0.114,0.15,15.26,15.45,16.12,16.16,15.68,15.02,15.72,15.41,13.4,12.46
"2013-08-04 01:00:00",84133,0.09,0.098,0.114,0.15,15.23,15.4,16.07,16.11,15.68,15.02,15.67,15.37,13.41,12.53
"2013-08-04 01:15:00",84134,0.09,0.098,0.114,0.15,15.17,15.35,16.01,16.09,15.67,15.02,15.63,15.33,13.41,12.63
"2013-08-04 01:30:00",84135,0.09,0.098,0.114,0.15,15.14,15.32,15.98,16.06,15.67,15.02,15.58,15.29,13.41,12.6
"2013-08-04 01:45:00",84136,0.09,0.098,0.113,0.15,15.08,15.26,15.91,16.01,15.67,15.02,15.54,15.25,13.41,12.49
"2013-08-04 02:00:00",84137,0.09,0.098,0.113,0.15,15.01,15.2,15.89,15.99,15.67,15.03,15.49,15.2,13.41,12.35
"2013-08-04 02:15:00",84138,0.09,0.098,0.113,0.15,14.92,15.14,15.83,15.97,15.65,15.03,15.43,15.14,13.42,12.26
"2013-08-04 02:30:00",84139,0.09,0.098,0.113,0.15,14.88,15.08,15.78,15.93,15.64,15.04,15.38,15.09,13.41,12.26
"2013-08-04 02:45:00",84140,0.091,0.098,0.113,0.15,14.87,15.02,15.76,15.9,15.63,15.05,15.33,15.05,13.41,12.49
"2013-08-04 03:00:00",84141,0.091,0.098,0.113,0.15,14.88,15.01,15.69,15.87,15.63,15.05,15.3,15.03,13.41,12.91
"2013-08-04 03:15:00",84142,0.091,0.098,0.113,0.15,14.87,14.97,15.67,15.85,15.62,15.05,15.29,15.03,13.41,13.38
"2013-08-04 03:30:00",84143,0.091,0.098,0.113,0.15,14.91,14.96,15.63,15.81,15.61,15.05,15.29,15.05,13.41,13.75
"2013-08-04 03:45:00",84144,0.091,0.098,0.113,0.15,14.94,14.96,15.59,15.77,15.6,15.05,15.29,15.06,13.42,13.97
"2013-08-04 04:00:00",84145,0.091,0.098,0.113,0.15,14.95,14.95,15.57,15.76,15.59,15.05,15.28,15.07,13.43,14.11
"2013-08-04 04:15:00",84146,0.091,0.098,0.113,0.15,14.92,14.95,15.54,15.73,15.59,15.05,15.27,15.08,13.44,14.16
"2013-08-04 04:30:00",84147,0.091,0.098,0.113,0.15,14.88,14.94,15.49,15.7,15.57,15.05,15.26,15.07,13.45,14.01
"2013-08-04 04:45:00",84148,0.091,0.098,0.113,0.15,14.85,14.92,15.44,15.67,15.57,15.05,15.24,15.05,13.45,13.71
"2013-08-04 05:00:00",84149,0.091,0.098,0.113,0.15,14.79,14.86,15.43,15.64,15.56,15.05,15.2,15.01,13.45,13.38
"2013-08-04 05:15:00",84150,0.091,0.098,0.113,0.15,14.73,14.81,15.43,15.62,15.54,15.05,15.16,14.97,13.45,13.07
"2013-08-04 05:30:00",84151,0.091,0.099,0.113,0.15,14.64,14.77,15.39,15.6,15.53,15.05,15.12,14.91,13.45,12.72
"2013-08-04 05:45:00",84152,0.091,0.099,0.113,0.15,14.54,14.71,15.35,15.56,15.53,15.06,15.06,14.85,13.45,12.33
"2013-08-04 06:00:00",84153,0.091,0.099,0.113,0.15,14.43,14.66,15.32,15.53,15.51,15.06,15,14.77,13.45,11.89
"2013-08-04 06:15:00",84154,0.091,0.099,0.113,0.15,14.35,14.57,15.29,15.5,15.5,15.05,14.93,14.68,13.44,11.49
"2013-08-04 06:30:00",84155,0.091,0.098,0.113,0.15,14.24,14.48,15.26,15.49,15.49,15.06,14.86,14.61,13.44,11.15
"2013-08-04 06:45:00",84156,0.091,0.099,0.113,0.15,14.17,14.4,15.21,15.46,15.49,15.06,14.79,14.53,13.44,10.97
"2013-08-04 07:00:00",84157,0.091,0.099,0.113,0.15,14.11,14.34,15.17,15.44,15.47,15.06,14.73,14.46,13.44,11.02
"2013-08-04 07:15:00",84158,0.091,0.099,0.113,0.15,14.1,14.29,15.14,15.42,15.45,15.06,14.69,14.41,13.44,11.27
"2013-08-04 07:30:00",84159,0.091,0.098,0.113,0.15,14.11,14.27,15.09,15.38,15.44,15.06,14.66,14.39,13.44,11.49
"2013-08-04 07:45:00",84160,0.091,0.098,0.113,0.15,14.12,14.26,15.03,15.35,15.43,15.06,14.64,14.38,13.44,11.66
"2013-08-04 08:00:00",84161,0.091,0.098,0.113,0.15,14.12,14.23,15,15.35,15.44,15.06,14.63,14.37,13.44,11.89
"2013-08-04 08:15:00",84162,0.091,0.098,0.113,0.15,14.19,14.23,14.98,15.32,15.43,15.06,14.63,14.38,13.44,12.44
"2013-08-04 08:30:00",84163,0.091,0.098,0.113,0.15,14.4,14.27,14.95,15.29,15.43,15.06,14.67,14.44,13.45,13.28
"2013-08-04 08:45:00",84164,0.091,0.099,0.113,0.15,14.61,14.33,14.92,15.25,15.4,15.07,14.78,14.55,13.45,13.94
"2013-08-04 09:00:00",84165,0.091,0.099,0.113,0.15,14.77,14.44,14.91,15.24,15.38,15.08,14.89,14.67,13.44,14.59
"2013-08-04 09:15:00",84166,0.091,0.098,0.113,0.15,14.96,14.55,14.94,15.22,15.37,15.09,15.01,14.8,13.45,15.29
"2013-08-04 09:30:00",84167,0.091,0.098,0.113,0.15,15.28,14.69,14.95,15.19,15.36,15.09,15.15,14.99,13.44,16.27
"2013-08-04 09:45:00",84168,0.091,0.098,0.113,0.15,15.71,14.9,14.95,15.21,15.36,15.09,15.34,15.28,13.44,17.21
"2013-08-04 10:00:00",84169,0.091,0.098,0.113,0.15,16.11,15.15,15.01,15.19,15.35,15.09,15.57,15.61,13.43,17.84
"2013-08-04 10:15:00",84170,0.091,0.098,0.113,0.15,16.59,15.42,15.09,15.18,15.34,15.1,15.82,15.96,13.44,18.46
"2013-08-04 10:30:00",84171,0.091,0.098,0.113,0.15,17.14,15.72,15.16,15.18,15.31,15.09,16.12,16.33,13.44,18.95
"2013-08-04 10:45:00",84172,0.091,0.098,0.113,0.15,17.63,16.05,15.27,15.19,15.31,15.1,16.52,16.69,13.44,19.42
"2013-08-04 11:00:00",84173,0.091,0.098,0.113,0.15,17.96,16.34,15.38,15.21,15.3,15.1,17.02,17,13.44,19.84
"2013-08-04 11:15:00",84174,0.091,0.098,0.113,0.15,18.22,16.6,15.52,15.23,15.31,15.11,17.58,17.31,13.44,20.29
"2013-08-04 11:30:00",84175,0.091,0.098,0.113,0.15,18.47,16.84,15.67,15.26,15.29,15.1,18.12,17.71,13.43,20.64
"2013-08-04 11:45:00",84176,0.091,0.097,0.113,0.15,18.94,17.1,15.81,15.28,15.28,15.1,18.58,18.11,13.43,20.93
"2013-08-04 12:00:00",84177,0.09,0.097,0.113,0.15,19.72,17.5,15.95,15.34,15.26,15.1,19.03,18.47,13.43,21.26
"2013-08-04 12:15:00",84178,0.09,0.097,0.113,0.15,20.65,17.98,16.11,15.39,15.25,15.11,19.37,18.83,13.42,21.67
"2013-08-04 12:30:00",84179,0.09,0.097,0.113,0.15,21.51,18.5,16.28,15.44,15.25,15.1,19.67,19.18,13.42,21.97
"2013-08-04 12:45:00",84180,0.09,0.097,0.113,0.15,22.23,19.07,16.5,15.51,15.25,15.11,20.02,19.56,13.4,22.17
"2013-08-04 13:00:00",84181,0.09,0.097,0.113,0.15,22.63,19.57,16.72,15.61,15.25,15.11,20.38,19.91,13.4,22.42
"2013-08-04 13:15:00",84182,0.09,0.097,0.113,0.149,22.79,19.95,16.97,15.7,15.26,15.11,20.68,20.19,13.4,22.64
"2013-08-04 13:30:00",84183,0.09,0.097,0.113,0.149,23,20.29,17.21,15.79,15.26,15.11,20.81,20.43,13.4,22.75
"2013-08-04 13:45:00",84184,0.09,0.097,0.113,0.149,23.32,20.55,17.45,15.88,15.27,15.1,20.88,20.58,13.39,22.98
"2013-08-04 14:00:00",84185,0.09,0.097,0.113,0.149,23.67,20.84,17.66,16,15.29,15.1,21,20.66,13.38,23.27
"2013-08-04 14:15:00",84186,0.09,0.097,0.113,0.149,23.82,21.1,17.89,16.1,15.29,15.1,21.11,20.68,13.39,23.41
"2013-08-04 14:30:00",84187,0.09,0.096,0.112,0.149,23.91,21.3,18.12,16.21,15.31,15.1,21.19,20.64,13.39,23.58
"2013-08-04 14:45:00",84188,0.09,0.096,0.112,0.149,23.74,21.41,18.32,16.33,15.34,15.1,21.21,20.56,13.39,23.52
"2013-08-04 15:00:00",84189,0.09,0.096,0.112,0.149,23.22,21.39,18.48,16.44,15.35,15.1,21.16,20.47,13.39,23.24
"2013-08-04 15:15:00",84190,0.09,0.096,0.112,0.149,22.75,21.25,18.63,16.54,15.37,15.1,21.06,20.36,13.4,23.29
"2013-08-04 15:30:00",84191,0.09,0.096,0.112,0.149,22.32,21.08,18.72,16.64,15.38,15.1,20.93,20.25,13.39,22.56
"2013-08-04 15:45:00",84192,0.09,0.096,0.112,0.149,21.91,20.88,18.78,16.74,15.42,15.1,20.78,20.12,13.39,21.89
"2013-08-04 16:00:00",84193,0.09,0.096,0.112,0.149,21.55,20.67,18.82,16.83,15.45,15.11,20.6,19.97,13.4,21.29
"2013-08-04 16:15:00",84194,0.09,0.096,0.112,0.149,21.2,20.48,18.83,16.91,15.48,15.1,20.43,19.82,13.4,20.8
"2013-08-04 16:30:00",84195,0.09,0.096,0.112,0.149,20.91,20.29,18.83,16.98,15.5,15.1,20.26,19.69,13.4,20.5
"2013-08-04 16:45:00",84196,0.09,0.096,0.112,0.148,20.67,20.08,18.79,17.03,15.55,15.1,20.11,19.56,13.4,20.4
"2013-08-04 17:00:00",84197,0.09,0.096,0.112,0.148,20.41,19.9,18.75,17.1,15.57,15.11,19.97,19.45,13.4,20.02
"2013-08-04 17:15:00",84198,0.09,0.096,0.112,0.148,20.15,19.72,18.71,17.15,15.6,15.11,19.82,19.32,13.4,19.42
"2013-08-04 17:30:00",84199,0.09,0.096,0.112,0.148,19.87,19.54,18.67,17.18,15.64,15.11,19.65,19.17,13.39,18.77
"2013-08-04 17:45:00",84200,0.089,0.096,0.112,0.148,19.59,19.33,18.61,17.2,15.67,15.11,19.47,19,13.39,18.1
"2013-08-04 18:00:00",84201,0.089,0.096,0.112,0.148,19.32,19.13,18.56,17.24,15.69,15.12,19.29,18.82,13.39,17.56
"2013-08-04 18:15:00",84202,0.089,0.096,0.112,0.148,19.07,18.94,18.48,17.24,15.73,15.11,19.11,18.65,13.4,17.14
"2013-08-04 18:30:00",84203,0.089,0.096,0.112,0.148,18.84,18.76,18.42,17.25,15.75,15.13,18.94,18.49,13.39,16.71
"2013-08-04 18:45:00",84204,0.089,0.096,0.112,0.148,18.64,18.57,18.35,17.25,15.78,15.13,18.77,18.34,13.38,16.41
"2013-08-04 19:00:00",84205,0.089,0.097,0.112,0.148,18.45,18.4,18.27,17.24,15.82,15.12,18.62,18.19,13.39,16.17
"2013-08-04 19:15:00",84206,0.089,0.097,0.112,0.148,18.28,18.26,18.17,17.22,15.85,15.11,18.48,18.06,13.4,15.87
"2013-08-04 19:30:00",84207,0.089,0.097,0.112,0.148,18.07,18.12,18.09,17.21,15.86,15.1,18.34,17.93,13.41,15.41
"2013-08-04 19:45:00",84208,0.089,0.097,0.112,0.148,17.86,17.97,17.98,17.21,15.87,15.09,18.2,17.79,13.41,14.95
"2013-08-04 20:00:00",84209,0.089,0.097,0.112,0.148,17.65,17.81,17.89,17.19,15.92,15.09,18.05,17.64,13.4,14.52
"2013-08-04 20:15:00",84210,0.089,0.097,0.112,0.148,17.47,17.66,17.81,17.17,15.95,15.09,17.9,17.49,13.4,14.04
"2013-08-04 20:30:00",84211,0.089,0.097,0.111,0.148,17.26,17.51,17.74,17.14,15.96,15.1,17.75,17.33,13.4,13.52
"2013-08-04 20:45:00",84212,0.089,0.097,0.111,0.148,17.05,17.35,17.64,17.1,15.99,15.1,17.61,17.16,13.39,13.05
"2013-08-04 21:00:00",84213,0.089,0.097,0.111,0.148,16.86,17.15,17.56,17.07,16,15.1,17.46,17.01,13.4,12.65
"2013-08-04 21:15:00",84214,0.089,0.097,0.111,0.148,16.68,17,17.48,17.03,16,15.1,17.31,16.85,13.38,12.21
"2013-08-04 21:30:00",84215,0.089,0.097,0.111,0.148,16.48,16.84,17.38,17.02,16.01,15.11,17.16,16.69,13.4,11.79
"2013-08-04 21:45:00",84216,0.089,0.097,0.111,0.148,16.3,16.69,17.29,16.99,16.01,15.11,17.01,16.52,13.4,11.43
"2013-08-04 22:00:00",84217,0.089,0.097,0.111,0.148,16.14,16.55,17.2,16.93,16.01,15.11,16.88,16.37,13.39,11.11
"2013-08-04 22:15:00",84218,0.089,0.097,0.111,0.148,15.99,16.42,17.1,16.88,16.03,15.12,16.74,16.23,13.37,10.86
"2013-08-04 22:30:00",84219,0.089,0.097,0.111,0.148,15.83,16.28,17.02,16.86,16.04,15.12,16.61,16.09,13.36,10.61
"2013-08-04 22:45:00",84220,0.089,0.097,0.111,0.148,15.7,16.15,16.94,16.81,16.04,15.12,16.49,15.96,13.36,10.49
"2013-08-04 23:00:00",84221,0.089,0.097,0.111,0.148,15.59,16.03,16.84,16.76,16.04,15.12,16.38,15.85,13.37,10.49
"2013-08-04 23:15:00",84222,0.089,0.097,0.111,0.148,15.47,15.93,16.75,16.73,16.05,15.12,16.27,15.74,13.38,10.45
"2013-08-04 23:30:00",84223,0.089,0.097,0.111,0.148,15.37,15.8,16.66,16.66,16.05,15.13,16.17,15.63,13.38,10.36
"2013-08-04 23:45:00",84224,0.089,0.097,0.111,0.148,15.27,15.69,16.59,16.63,16.05,15.13,16.07,15.53,13.38,10.36
"2013-08-05 00:00:00",84225,0.089,0.097,0.111,0.148,15.22,15.61,16.52,16.6,16.05,15.15,15.98,15.44,13.39,10.38
"2013-08-05 00:15:00",84226,0.089,0.097,0.111,0.148,15.13,15.52,16.45,16.53,16.04,15.14,15.9,15.37,13.38,10.49
"2013-08-05 00:30:00",84227,0.089,0.097,0.111,0.148,15.06,15.43,16.35,16.49,16.04,15.14,15.82,15.29,13.38,10.65
"2013-08-05 00:45:00",84228,0.089,0.097,0.111,0.148,15,15.37,16.28,16.45,16.02,15.14,15.74,15.22,13.38,10.88
"2013-08-05 01:00:00",84229,0.089,0.097,0.111,0.148,14.98,15.3,16.21,16.39,16.01,15.15,15.69,15.17,13.38,11.08
"2013-08-05 01:15:00",84230,0.089,0.097,0.111,0.148,14.94,15.26,16.16,16.38,16.01,15.16,15.63,15.13,13.39,11.27
"2013-08-05 01:30:00",84231,0.089,0.097,0.111,0.148,14.9,15.19,16.1,16.32,16.01,15.16,15.59,15.1,13.39,11.47
"2013-08-05 01:45:00",84232,0.089,0.097,0.111,0.148,14.88,15.16,16.04,16.29,16.01,15.16,15.54,15.06,13.39,11.7
"2013-08-05 02:00:00",84233,0.089,0.097,0.111,0.148,14.88,15.12,16,16.26,16.01,15.16,15.5,15.04,13.39,11.89
"2013-08-05 02:15:00",84234,0.089,0.097,0.111,0.148,14.87,15.08,15.94,16.2,16,15.16,15.47,15.02,13.39,12.05
"2013-08-05 02:30:00",84235,0.089,0.097,0.111,0.148,14.86,15.04,15.9,16.18,15.99,15.16,15.44,15,13.39,12.07
"2013-08-05 02:45:00",84236,0.089,0.097,0.111,0.148,14.81,15.01,15.86,16.13,15.97,15.16,15.4,14.97,13.39,11.89
"2013-08-05 03:00:00",84237,0.089,0.097,0.111,0.148,14.73,14.96,15.8,16.09,15.96,15.16,15.36,14.93,13.39,11.56
"2013-08-05 03:15:00",84238,0.089,0.097,0.111,0.148,14.65,14.9,15.76,16.05,15.93,15.16,15.3,14.88,13.39,11.27
"2013-08-05 03:30:00",84239,0.089,0.097,0.111,0.148,14.55,14.84,15.72,16.02,15.91,15.16,15.24,14.82,13.39,10.9
"2013-08-05 03:45:00",84240,0.089,0.097,0.111,0.148,14.46,14.78,15.66,15.98,15.91,15.16,15.17,14.74,13.39,10.63
"2013-08-05 04:00:00",84241,0.089,0.097,0.111,0.148,14.34,14.7,15.63,15.93,15.88,15.16,15.1,14.67,13.39,10.36
"2013-08-05 04:15:00",84242,0.09,0.097,0.111,0.148,14.25,14.61,15.58,15.91,15.87,15.16,15.03,14.58,13.39,10.27
"2013-08-05 04:30:00",84243,0.089,0.097,0.111,0.148,14.2,14.53,15.52,15.88,15.85,15.16,14.96,14.52,13.39,10.22
"2013-08-05 04:45:00",84244,0.09,0.097,0.111,0.148,14.15,14.47,15.44,15.83,15.83,15.16,14.9,14.46,13.39,10.25
"2013-08-05 05:00:00",84245,0.09,0.097,0.111,0.148,14.1,14.4,15.39,15.82,15.82,15.17,14.85,14.41,13.39,10.29
"2013-08-05 05:15:00",84246,0.09,0.097,0.111,0.148,14.08,14.37,15.35,15.78,15.79,15.17,14.8,14.37,13.39,10.25
"2013-08-05 05:30:00",84247,0.09,0.097,0.111,0.148,14.03,14.32,15.29,15.73,15.77,15.18,14.76,14.33,13.39,10.13
"2013-08-05 05:45:00",84248,0.09,0.097,0.111,0.148,13.95,14.26,15.25,15.7,15.75,15.19,14.71,14.28,13.39,9.95
"2013-08-05 06:00:00",84249,0.09,0.097,0.111,0.148,13.86,14.21,15.22,15.68,15.73,15.19,14.64,14.21,13.39,9.64
"2013-08-05 06:15:00",84250,0.09,0.097,0.111,0.148,13.76,14.14,15.17,15.65,15.74,15.21,14.57,14.13,13.37,9.28
"2013-08-05 06:30:00",84251,0.09,0.097,0.111,0.148,13.66,14.06,15.14,15.6,15.74,15.21,14.49,14.04,13.37,9.03
"2013-08-05 06:45:00",84252,0.09,0.097,0.111,0.148,13.56,13.99,15.08,15.55,15.73,15.22,14.42,13.95,13.37,8.79
"2013-08-05 07:00:00",84253,0.09,0.097,0.111,0.148,13.46,13.9,15.01,15.51,15.7,15.21,14.34,13.87,13.37,8.59
"2013-08-05 07:15:00",84254,0.09,0.097,0.111,0.148,13.38,13.84,14.95,15.46,15.69,15.21,14.27,13.79,13.37,8.46
"2013-08-05 07:30:00",84255,0.09,0.097,0.111,0.148,13.32,13.76,14.91,15.44,15.66,15.21,14.2,13.71,13.37,8.37
"2013-08-05 07:45:00",84256,0.09,0.098,0.111,0.148,13.26,13.71,14.83,15.41,15.64,15.21,14.14,13.65,13.38,8.39
"2013-08-05 08:00:00",84257,0.09,0.098,0.111,0.148,13.24,13.66,14.8,15.36,15.62,15.21,14.09,13.59,13.38,8.66
"2013-08-05 08:15:00",84258,0.09,0.098,0.111,0.148,13.31,13.66,14.75,15.32,15.63,15.22,14.07,13.57,13.37,9.41
"2013-08-05 08:30:00",84259,0.09,0.097,0.111,0.148,13.56,13.66,14.71,15.31,15.61,15.22,14.09,13.62,13.38,10.79
"2013-08-05 08:45:00",84260,0.09,0.097,0.111,0.147,13.95,13.76,14.69,15.26,15.59,15.22,14.21,13.75,13.37,12.07
"2013-08-05 09:00:00",84261,0.09,0.097,0.111,0.147,14.36,13.93,14.65,15.24,15.56,15.21,14.4,13.94,13.39,13.19
"2013-08-05 09:15:00",84262,0.09,0.097,0.111,0.148,14.7,14.12,14.66,15.19,15.57,15.22,14.58,14.17,13.4,14.16
"2013-08-05 09:30:00",84263,0.09,0.097,0.111,0.148,15.05,14.32,14.68,15.15,15.54,15.22,14.77,14.48,13.4,15.02
"2013-08-05 09:45:00",84264,0.09,0.097,0.111,0.148,15.39,14.57,14.73,15.15,15.52,15.23,14.97,14.82,13.4,15.77
"2013-08-05 10:00:00",84265,0.09,0.097,0.111,0.147,15.73,14.82,14.79,15.14,15.51,15.23,15.16,15.17,13.4,16.41
"2013-08-05 10:15:00",84266,0.09,0.097,0.111,0.147,16.17,15.09,14.86,15.12,15.5,15.23,15.38,15.53,13.4,17.06
"2013-08-05 10:30:00",84267,0.09,0.097,0.111,0.147,16.72,15.39,14.94,15.11,15.49,15.23,15.66,15.89,13.4,17.64
"2013-08-05 10:45:00",84268,0.09,0.097,0.111,0.147,17.32,15.72,15.06,15.13,15.46,15.23,16.09,16.26,13.39,18.15
"2013-08-05 11:00:00",84269,0.09,0.096,0.111,0.147,17.6,16.05,15.17,15.13,15.42,15.23,16.61,16.6,13.4,18.71
"2013-08-05 11:15:00",84270,0.089,0.096,0.111,0.147,17.85,16.3,15.31,15.16,15.41,15.24,17.17,16.91,13.4,19.26
"2013-08-05 11:30:00",84271,0.089,0.096,0.111,0.147,18.12,16.54,15.45,15.2,15.41,15.24,17.72,17.3,13.4,19.78
"2013-08-05 11:45:00",84272,0.09,0.096,0.111,0.147,18.55,16.8,15.62,15.24,15.41,15.24,18.12,17.7,13.4,20.29
"2013-08-05 12:00:00",84273,0.089,0.096,0.111,0.147,19.33,17.15,15.76,15.26,15.4,15.23,18.5,18.07,13.4,20.72
"2013-08-05 12:15:00",84274,0.089,0.096,0.111,0.147,20.25,17.67,15.91,15.32,15.38,15.24,18.84,18.45,13.4,21.18
"2013-08-05 12:30:00",84275,0.089,0.096,0.111,0.147,21.09,18.19,16.11,15.39,15.36,15.24,19.17,18.82,13.41,21.78
"2013-08-05 12:45:00",84276,0.089,0.096,0.11,0.147,21.84,18.75,16.31,15.44,15.35,15.25,19.55,19.22,13.4,22.11
"2013-08-05 13:00:00",84277,0.089,0.096,0.11,0.147,22.25,19.26,16.54,15.51,15.35,15.24,19.94,19.61,13.41,22.33
"2013-08-05 13:15:00",84278,0.089,0.096,0.11,0.147,22.46,19.66,16.79,15.62,15.36,15.24,20.28,19.91,13.41,22.59
"2013-08-05 13:30:00",84279,0.089,0.096,0.11,0.146,22.85,20.01,17.03,15.73,15.37,15.25,20.45,20.19,13.41,22.73
"2013-08-05 13:45:00",84280,0.089,0.096,0.11,0.146,23.27,20.37,17.27,15.82,15.37,15.24,20.62,20.41,13.41,22.92
"2013-08-05 14:00:00",84281,0.089,0.096,0.11,0.146,23.64,20.71,17.51,15.92,15.37,15.24,20.86,20.52,13.39,23.12
"2013-08-05 14:15:00",84282,0.089,0.096,0.11,0.146,23.75,20.99,17.74,16.04,15.37,15.23,21.07,20.53,13.39,23.32
"2013-08-05 14:30:00",84283,0.089,0.096,0.11,0.146,23.9,21.21,17.97,16.15,15.38,15.23,21.21,20.5,13.4,23.87
"2013-08-05 14:45:00",84284,0.089,0.096,0.11,0.146,23.83,21.36,18.21,16.26,15.4,15.23,21.27,20.45,13.4,24.42
"2013-08-05 15:00:00",84285,0.089,0.096,0.11,0.146,23.42,21.39,18.39,16.4,15.43,15.23,21.28,20.39,13.39,24.87
"2013-08-05 15:15:00",84286,0.089,0.096,0.11,0.146,22.99,21.31,18.55,16.5,15.45,15.24,21.23,20.32,13.39,25.89
"2013-08-05 15:30:00",84287,0.089,0.095,0.11,0.146,22.62,21.18,18.67,16.6,15.48,15.23,21.13,20.25,13.4,26.22
"2013-08-05 15:45:00",84288,0.089,0.095,0.11,0.146,22.3,21.04,18.76,16.71,15.5,15.25,21,20.19,13.39,27
"2013-08-05 16:00:00",84289,0.089,0.095,0.11,0.146,22.04,20.89,18.83,16.82,15.52,15.24,20.86,20.13,13.38,26.62
"2013-08-05 16:15:00",84290,0.088,0.095,0.11,0.146,21.79,20.75,18.85,16.89,15.54,15.24,20.74,20.08,13.39,26.19
"2013-08-05 16:30:00",84291,0.088,0.095,0.11,0.146,21.53,20.6,18.87,16.97,15.57,15.25,20.61,20.02,13.39,25.55
"2013-08-05 16:45:00",84292,0.088,0.095,0.11,0.145,21.23,20.45,18.87,17.04,15.61,15.22,20.48,19.94,13.39,24.45
"2013-08-05 17:00:00",84293,0.088,0.095,0.11,0.145,20.93,20.3,18.88,17.1,15.63,15.22,20.34,19.84,13.39,23.15
"2013-08-05 17:15:00",84294,0.088,0.095,0.109,0.145,20.62,20.1,18.85,17.17,15.67,15.22,20.17,19.7,13.38,21.97
"2013-08-05 17:30:00",84295,0.088,0.095,0.109,0.145,20.34,19.89,18.83,17.21,15.68,15.22,19.99,19.54,13.39,21.02
"2013-08-05 17:45:00",84296,0.088,0.095,0.109,0.145,20.08,19.71,18.77,17.25,15.72,15.23,19.81,19.39,13.39,20.18
"2013-08-05 18:00:00",84297,0.088,0.095,0.109,0.145,19.82,19.53,18.73,17.28,15.77,15.22,19.63,19.24,13.39,19.42
"2013-08-05 18:15:00",84298,0.088,0.095,0.109,0.145,19.59,19.34,18.68,17.29,15.78,15.23,19.46,19.08,13.39,18.71
"2013-08-05 18:30:00",84299,0.088,0.095,0.109,0.145,19.35,19.15,18.6,17.32,15.82,15.22,19.29,18.92,13.39,18.12
"2013-08-05 18:45:00",84300,0.088,0.096,0.109,0.145,19.1,18.98,18.55,17.34,15.86,15.22,19.12,18.76,13.4,17.62
"2013-08-05 19:00:00",84301,0.088,0.095,0.109,0.145,18.91,18.81,18.46,17.34,15.88,15.22,18.96,18.62,13.4,17.11
"2013-08-05 19:15:00",84302,0.088,0.095,0.109,0.145,18.67,18.63,18.4,17.34,15.94,15.22,18.81,18.46,13.41,16.49
"2013-08-05 19:30:00",84303,0.088,0.095,0.109,0.145,18.45,18.45,18.33,17.35,15.98,15.23,18.64,18.3,13.41,15.87
"2013-08-05 19:45:00",84304,0.088,0.095,0.109,0.145,18.22,18.29,18.27,17.35,15.98,15.23,18.48,18.13,13.41,15.19
"2013-08-05 20:00:00",84305,0.088,0.096,0.109,0.145,17.99,18.14,18.17,17.32,16.01,15.22,18.32,17.97,13.41,14.52
"2013-08-05 20:15:00",84306,0.088,0.096,0.109,0.145,17.77,17.97,18.08,17.31,16.04,15.2,18.16,17.79,13.41,13.94
"2013-08-05 20:30:00",84307,0.088,0.096,0.109,0.145,17.55,17.79,17.97,17.29,16.04,15.2,18,17.61,13.4,13.42
"2013-08-05 20:45:00",84308,0.088,0.096,0.109,0.145,17.36,17.63,17.88,17.26,16.04,15.2,17.84,17.44,13.39,12.98
"2013-08-05 21:00:00",84309,0.088,0.096,0.109,0.145,17.17,17.47,17.79,17.23,16.06,15.21,17.69,17.28,13.4,12.53
"2013-08-05 21:15:00",84310,0.088,0.096,0.109,0.145,16.95,17.29,17.71,17.2,16.1,15.21,17.53,17.11,13.4,11.98
"2013-08-05 21:30:00",84311,0.088,0.096,0.109,0.145,16.71,17.1,17.61,17.18,16.11,15.22,17.37,16.93,13.39,11.52
"2013-08-05 21:45:00",84312,0.088,0.096,0.109,0.145,16.51,16.93,17.52,17.15,16.11,15.22,17.21,16.75,13.39,11.27
"2013-08-05 22:00:00",84313,0.088,0.096,0.109,0.145,16.38,16.78,17.42,17.11,16.13,15.23,17.07,16.59,13.39,11.13
"2013-08-05 22:15:00",84314,0.088,0.096,0.109,0.145,16.24,16.64,17.32,17.06,16.14,15.24,16.94,16.46,13.4,10.99
"2013-08-05 22:30:00",84315,0.088,0.096,0.109,0.145,16.11,16.51,17.21,17.01,16.15,15.23,16.82,16.33,13.39,11.04
"2013-08-05 22:45:00",84316,0.088,0.096,0.109,0.145,16.05,16.41,17.13,16.99,16.15,15.24,16.71,16.23,13.39,11.33
"2013-08-05 23:00:00",84317,0.088,0.096,0.109,0.145,16.01,16.33,17.04,16.93,16.15,15.24,16.63,16.15,13.39,11.75
"2013-08-05 23:15:00",84318,0.088,0.096,0.109,0.145,15.98,16.26,16.97,16.89,16.16,15.25,16.56,16.1,13.39,12.05
"2013-08-05 23:30:00",84319,0.088,0.096,0.109,0.145,15.94,16.19,16.91,16.86,16.16,15.25,16.5,16.06,13.39,12.28
"2013-08-05 23:45:00",84320,0.088,0.096,0.109,0.144,15.88,16.14,16.84,16.79,16.17,15.25,16.44,16.02,13.39,12.46
"2013-08-06 00:00:00",84321,0.088,0.096,0.109,0.144,15.84,16.08,16.77,16.76,16.17,15.25,16.38,15.97,13.38,12.49
"2013-08-06 00:15:00",84322,0.088,0.096,0.109,0.144,15.75,16.02,16.72,16.73,16.16,15.25,16.32,15.92,13.39,12.56
"2013-08-06 00:30:00",84323,0.088,0.096,0.109,0.144,15.72,15.96,16.65,16.67,16.15,15.25,16.27,15.87,13.4,12.67
"2013-08-06 00:45:00",84324,0.088,0.096,0.109,0.144,15.67,15.89,16.6,16.65,16.15,15.25,16.22,15.83,13.4,12.72
"2013-08-06 01:00:00",84325,0.088,0.096,0.109,0.144,15.61,15.82,16.53,16.6,16.15,15.25,16.17,15.79,13.4,12.67
"2013-08-06 01:15:00",84326,0.088,0.096,0.109,0.144,15.54,15.78,16.48,16.56,16.15,15.25,16.11,15.73,13.4,12.6
"2013-08-06 01:30:00",84327,0.088,0.096,0.109,0.144,15.48,15.71,16.44,16.54,16.15,15.25,16.06,15.68,13.4,12.49
"2013-08-06 01:45:00",84328,0.088,0.096,0.109,0.144,15.39,15.66,16.38,16.49,16.14,15.26,16,15.62,13.4,12.21
"2013-08-06 02:00:00",84329,0.088,0.096,0.109,0.144,15.29,15.57,16.35,16.46,16.13,15.26,15.93,15.55,13.41,11.84
"2013-08-06 02:15:00",84330,0.088,0.096,0.109,0.144,15.19,15.49,16.29,16.41,16.12,15.26,15.86,15.46,13.41,11.54
"2013-08-06 02:30:00",84331,0.088,0.096,0.109,0.144,15.11,15.42,16.22,16.39,16.11,15.25,15.78,15.38,13.41,11.31
"2013-08-06 02:45:00",84332,0.088,0.096,0.109,0.144,14.98,15.33,16.18,16.36,16.1,15.25,15.71,15.3,13.4,10.99
"2013-08-06 03:00:00",84333,0.089,0.096,0.109,0.144,14.87,15.25,16.11,16.31,16.09,15.25,15.62,15.2,13.4,10.72
"2013-08-06 03:15:00",84334,0.089,0.096,0.109,0.144,14.79,15.16,16.07,16.29,16.08,15.25,15.54,15.11,13.4,10.43
"2013-08-06 03:30:00",84335,0.088,0.096,0.109,0.144,14.68,15.06,16.01,16.26,16.06,15.25,15.46,15.01,13.4,10.18
"2013-08-06 03:45:00",84336,0.089,0.096,0.109,0.144,14.59,14.97,15.96,16.22,16.06,15.25,15.38,14.92,13.4,9.97
"2013-08-06 04:00:00",84337,0.089,0.096,0.109,0.144,14.5,14.9,15.88,16.17,16.05,15.26,15.3,14.84,13.4,9.75
"2013-08-06 04:15:00",84338,0.089,0.096,0.109,0.144,14.41,14.82,15.83,16.13,16.04,15.26,15.22,14.75,13.39,9.59
"2013-08-06 04:30:00",84339,0.089,0.096,0.109,0.144,14.32,14.74,15.77,16.11,16.02,15.26,15.14,14.67,13.4,9.39
"2013-08-06 04:45:00",84340,0.089,0.096,0.109,0.144,14.22,14.66,15.72,16.06,16.01,15.27,15.06,14.58,13.39,9.21
"2013-08-06 05:00:00",84341,0.089,0.096,0.109,0.144,14.13,14.57,15.65,16.02,15.98,15.27,14.98,14.49,13.39,9.03
"2013-08-06 05:15:00",84342,0.088,0.096,0.109,0.144,14.02,14.48,15.6,16,15.97,15.27,14.9,14.4,13.38,8.81
"2013-08-06 05:30:00",84343,0.088,0.096,0.109,0.144,13.91,14.38,15.52,15.95,15.97,15.28,14.82,14.31,13.38,8.57
"2013-08-06 05:45:00",84344,0.089,0.096,0.109,0.144,13.8,14.28,15.44,15.92,15.95,15.28,14.74,14.21,13.37,8.35
"2013-08-06 06:00:00",84345,0.088,0.096,0.109,0.144,13.69,14.2,15.37,15.88,15.94,15.29,14.65,14.12,13.37,8.08
