"TOA5","WTC11","CR1000","33275","CR1000.Std.19","CPU:WTCsensors_Ch11.CR1","30773","Table1"
"TIMESTAMP","RECORD","VW_Avg(1)","VW_Avg(2)","VW_Avg(3)","SoilTempProbe_Avg(1)","SoilTempProbe_Avg(2)","SoilTempProbe_Avg(3)","SoilTempProbe_Avg(4)","SoilTempProbe_Avg(5)","SoilTempProbe_Avg(6)","SoilTemp_Avg(1)","SoilTemp_Avg(2)","BattV_Min","PTemp"
"TS","RN","","","","Deg C","Deg C","Deg C","Deg C","Deg C","Deg C","Deg C","Deg C","Volts",""
"","","Avg","Avg","Avg","Avg","Avg","Avg","Avg","Avg","Avg","Avg","Avg","Min","Smp"
"2013-07-31 06:15:00",88480,0.102,0.149,0.213,12.65,51.04,12.87,13.25,12.88,13.19,13.32,13.54,13.55,14.44
"2013-07-31 06:30:00",88481,0.102,0.149,0.213,12.63,46,12.86,13.25,12.88,13.19,13.31,13.54,13.55,14.44
"2013-07-31 06:45:00",88482,0.102,0.149,0.213,12.59,48.59,12.85,13.24,12.88,13.2,13.3,13.53,13.55,14.47
"2013-07-31 07:00:00",88483,0.102,0.149,0.213,12.6,48.77,12.84,13.22,12.88,13.19,13.29,13.52,13.55,14.52
"2013-07-31 07:15:00",88484,0.102,0.149,0.213,12.6,51.05,12.83,13.21,12.87,13.2,13.28,13.51,13.55,14.52
"2013-07-31 07:30:00",88485,0.102,0.149,0.213,12.61,52.62,12.83,13.21,12.88,13.21,13.28,13.51,13.55,14.56
"2013-07-31 07:45:00",88486,0.102,0.149,0.213,12.62,53,12.83,13.21,12.87,13.21,13.28,13.51,13.55,14.61
"2013-07-31 08:00:00",88487,0.102,0.149,0.213,12.67,53.33,12.81,13.2,12.87,13.21,13.28,13.51,13.55,14.73
"2013-07-31 08:15:00",88488,0.102,0.149,0.213,12.72,54.48,12.81,13.2,12.87,13.21,13.3,13.52,13.55,14.83
"2013-07-31 08:30:00",88489,0.102,0.149,0.213,12.77,53.82,12.81,13.19,12.87,13.21,13.33,13.53,13.55,14.92
"2013-07-31 08:45:00",88490,0.102,0.149,0.213,12.86,53.39,12.81,13.17,12.86,13.21,13.36,13.55,13.55,15.17
"2013-07-31 09:00:00",88491,0.102,0.149,0.213,13,52.83,12.8,13.17,12.86,13.21,13.42,13.59,13.55,15.43
"2013-07-31 09:15:00",88492,0.102,0.149,0.213,13.13,53.01,12.81,13.17,12.85,13.21,13.51,13.64,13.55,15.77
"2013-07-31 09:30:00",88493,0.102,0.149,0.213,13.3,54.22,12.82,13.16,12.85,13.22,13.6,13.71,13.55,16.02
"2013-07-31 09:45:00",88494,0.102,0.149,0.213,13.45,52.99,12.85,13.16,12.86,13.23,13.71,13.78,13.55,16.29
"2013-07-31 10:00:00",88495,0.102,0.149,0.213,13.58,53.08,12.87,13.16,12.85,13.22,13.8,13.86,13.55,16.64
"2013-07-31 10:15:00",88496,0.102,0.149,0.213,13.77,52.73,12.92,13.17,12.86,13.24,13.9,13.94,13.55,16.96
"2013-07-31 10:30:00",88497,0.102,0.149,0.213,13.92,52.69,12.95,13.18,12.86,13.24,14.03,14.04,13.55,17.31
"2013-07-31 10:45:00",88498,0.102,0.149,0.213,14.1,53.3,12.98,13.19,12.86,13.24,14.16,14.13,13.55,17.66
"2013-07-31 11:00:00",88499,0.102,0.149,0.213,14.24,53.41,13.05,13.2,12.86,13.24,14.31,14.23,13.55,17.92
"2013-07-31 11:15:00",88500,0.102,0.149,0.213,14.34,53.2,13.11,13.21,12.86,13.24,14.44,14.32,13.55,18.17
"2013-07-31 11:30:00",88501,0.102,0.149,0.213,14.41,52.71,13.17,13.23,12.86,13.24,14.56,14.41,13.55,18.33
"2013-07-31 11:45:00",88502,0.102,0.149,0.213,14.37,52.29,13.2,13.24,12.86,13.24,14.64,14.47,13.55,18.23
"2013-07-31 12:00:00",88503,0.102,0.149,0.213,14.3,52.74,13.26,13.27,12.86,13.24,14.68,14.5,13.55,18.07
"2013-07-31 12:15:00",88504,0.102,0.149,0.213,14.33,52.18,13.3,13.28,12.86,13.24,14.7,14.51,13.55,18.12
"2013-07-31 12:30:00",88505,0.102,0.149,0.213,14.52,52.49,13.33,13.32,12.85,13.24,14.76,14.54,13.55,18.38
"2013-07-31 12:45:00",88506,0.102,0.149,0.213,14.64,52.2,13.36,13.33,12.85,13.24,14.86,14.62,13.55,18.53
"2013-07-31 13:00:00",88507,0.102,0.149,0.213,14.6,52.01,13.41,13.33,12.85,13.23,14.93,14.68,13.55,18.51
"2013-07-31 13:15:00",88508,0.102,0.149,0.212,14.57,52.59,13.43,13.36,12.85,13.23,14.96,14.71,13.55,18.43
"2013-07-31 13:30:00",88509,0.102,0.149,0.213,14.61,52.73,13.46,13.39,12.85,13.23,14.98,14.73,13.55,18.51
"2013-07-31 13:45:00",88510,0.102,0.149,0.212,14.72,52.69,13.49,13.42,12.85,13.23,15.04,14.76,13.55,18.64
"2013-07-31 14:00:00",88511,0.102,0.149,0.212,14.74,52.53,13.52,13.45,12.85,13.23,15.1,14.81,13.55,18.69
"2013-07-31 14:15:00",88512,0.102,0.149,0.212,14.68,52.59,13.54,13.48,12.86,13.23,15.13,14.84,13.55,18.58
"2013-07-31 14:30:00",88513,0.102,0.149,0.212,14.57,53.46,13.58,13.52,12.86,13.24,15.12,14.85,13.55,18.33
"2013-07-31 14:45:00",88514,0.101,0.149,0.212,14.47,52.63,13.61,13.53,12.87,13.24,15.08,14.83,13.55,18.07
"2013-07-31 15:00:00",88515,0.101,0.149,0.212,14.4,52.74,13.63,13.55,12.87,13.24,15.04,14.79,13.55,17.87
"2013-07-31 15:15:00",88516,0.102,0.149,0.212,14.34,54.24,13.64,13.57,12.87,13.24,15,14.76,13.55,17.74
"2013-07-31 15:30:00",88517,0.102,0.149,0.212,14.27,54.52,13.65,13.58,12.87,13.24,14.96,14.72,13.55,17.62
"2013-07-31 15:45:00",88518,0.102,0.149,0.212,14.23,54.42,13.66,13.59,12.89,13.24,14.93,14.7,13.55,17.51
"2013-07-31 16:00:00",88519,0.102,0.149,0.212,14.18,54.06,13.66,13.62,12.9,13.24,14.89,14.67,13.55,17.41
"2013-07-31 16:15:00",88520,0.102,0.148,0.212,14.12,54.2,13.65,13.63,12.91,13.24,14.86,14.64,13.55,17.29
"2013-07-31 16:30:00",88521,0.102,0.148,0.212,14.02,54.19,13.65,13.63,12.92,13.24,14.82,14.61,13.55,17.14
"2013-07-31 16:45:00",88522,0.102,0.148,0.212,13.98,53.5,13.63,13.65,12.92,13.24,14.78,14.58,13.55,16.98
"2013-07-31 17:00:00",88523,0.102,0.148,0.212,13.92,52.34,13.63,13.67,12.95,13.24,14.73,14.54,13.55,16.86
"2013-07-31 17:15:00",88524,0.102,0.148,0.212,13.86,52.44,13.62,13.67,12.95,13.24,14.69,14.51,13.55,16.69
"2013-07-31 17:30:00",88525,0.102,0.148,0.212,13.76,52.1,13.61,13.66,12.96,13.24,14.64,14.47,13.55,16.39
"2013-07-31 17:45:00",88526,0.102,0.148,0.212,13.66,51.57,13.58,13.66,12.96,13.25,14.58,14.42,13.55,15.95
"2013-07-31 18:00:00",88527,0.102,0.148,0.212,13.54,51.65,13.57,13.65,12.96,13.25,14.5,14.37,13.55,15.39
"2013-07-31 18:15:00",88528,0.102,0.148,0.212,13.39,51.49,13.54,13.65,12.96,13.25,14.42,14.3,13.55,14.85
"2013-07-31 18:30:00",88529,0.102,0.148,0.212,13.25,52.68,13.53,13.66,12.97,13.25,14.33,14.22,13.55,14.25
"2013-07-31 18:45:00",88530,0.102,0.148,0.212,13.09,52.34,13.51,13.66,12.97,13.26,14.24,14.14,13.55,13.64
"2013-07-31 19:00:00",88531,0.102,0.148,0.212,12.9,52.66,13.47,13.64,12.97,13.26,14.13,14.04,13.55,13
"2013-07-31 19:15:00",88532,0.102,0.148,0.212,12.73,51.56,13.42,13.64,12.97,13.26,14.02,13.94,13.55,12.49
"2013-07-31 19:30:00",88533,0.102,0.148,0.212,12.55,51.3,13.38,13.64,12.98,13.26,13.9,13.83,13.55,12.02
"2013-07-31 19:45:00",88534,0.101,0.148,0.212,12.4,49.65,13.36,13.62,12.99,13.27,13.79,13.72,13.55,11.63
"2013-07-31 20:00:00",88535,0.101,0.148,0.212,12.27,51.3,13.31,13.61,13,13.27,13.69,13.62,13.55,11.36
"2013-07-31 20:15:00",88536,0.101,0.148,0.212,12.16,50.8,13.25,13.59,13,13.27,13.59,13.53,13.55,11.08
"2013-07-31 20:30:00",88537,0.101,0.148,0.212,12.02,50.71,13.19,13.59,12.99,13.27,13.49,13.44,13.54,10.79
"2013-07-31 20:45:00",88538,0.101,0.148,0.212,11.89,47.29,13.12,13.56,12.99,13.27,13.39,13.34,13.55,10.56
"2013-07-31 21:00:00",88539,0.101,0.148,0.212,11.82,49.27,13.06,13.54,12.99,13.27,13.29,13.24,13.55,10.47
"2013-07-31 21:15:00",88540,0.101,0.148,0.212,11.74,51.81,12.99,13.5,12.99,13.27,13.2,13.16,13.55,10.38
"2013-07-31 21:30:00",88541,0.101,0.148,0.212,11.65,51.56,12.94,13.47,12.99,13.27,13.12,13.09,13.55,10.29
"2013-07-31 21:45:00",88542,0.101,0.148,0.212,11.6,51.3,12.88,13.46,12.99,13.26,13.04,13.02,13.55,10.29
"2013-07-31 22:00:00",88543,0.101,0.148,0.212,11.55,50.95,12.84,13.42,12.99,13.27,12.97,12.95,13.55,10.31
"2013-07-31 22:15:00",88544,0.101,0.148,0.212,11.5,49.07,12.78,13.37,12.99,13.27,12.91,12.9,13.55,10.38
"2013-07-31 22:30:00",88545,0.101,0.148,0.212,11.47,49.17,12.71,13.36,12.99,13.27,12.86,12.85,13.55,10.52
"2013-07-31 22:45:00",88546,0.101,0.148,0.212,11.46,49.92,12.69,13.34,12.99,13.27,12.81,12.81,13.55,10.63
"2013-07-31 23:00:00",88547,0.101,0.148,0.212,11.46,50.41,12.63,13.29,13,13.27,12.78,12.79,13.55,10.81
"2013-07-31 23:15:00",88548,0.102,0.148,0.212,11.48,50.5,12.6,13.27,13,13.27,12.74,12.76,13.55,10.95
"2013-07-31 23:30:00",88549,0.102,0.148,0.212,11.46,51.09,12.56,13.23,12.99,13.27,12.72,12.75,13.55,11.04
"2013-07-31 23:45:00",88550,0.102,0.148,0.212,11.45,50.56,12.53,13.21,12.98,13.27,12.69,12.73,13.54,11.08
"2013-08-01 00:00:00",88551,0.102,0.148,0.212,11.44,50.54,12.48,13.19,12.98,13.27,12.66,12.72,13.54,11.13
"2013-08-01 00:15:00",88552,0.102,0.148,0.212,11.41,50.87,12.47,13.15,12.98,13.27,12.64,12.7,13.54,11.13
"2013-08-01 00:30:00",88553,0.102,0.148,0.212,11.38,50.92,12.45,13.12,12.98,13.27,12.61,12.68,13.54,11.11
"2013-08-01 00:45:00",88554,0.102,0.148,0.212,11.36,50.93,12.41,13.09,12.97,13.27,12.58,12.65,13.54,11.04
"2013-08-01 01:00:00",88555,0.102,0.148,0.212,11.32,50.8,12.38,13.09,12.96,13.27,12.54,12.63,13.55,10.9
"2013-08-01 01:15:00",88556,0.102,0.148,0.212,11.24,50.49,12.36,13.08,12.94,13.27,12.5,12.6,13.55,10.65
"2013-08-01 01:30:00",88557,0.102,0.148,0.212,11.14,50.63,12.33,13.04,12.94,13.27,12.45,12.55,13.55,10.36
"2013-08-01 01:45:00",88558,0.102,0.148,0.212,11.01,50.41,12.32,13.02,12.94,13.27,12.38,12.49,13.55,9.97
"2013-08-01 02:00:00",88559,0.102,0.148,0.212,10.86,50.5,12.27,12.99,12.92,13.28,12.31,12.42,13.55,9.62
"2013-08-01 02:15:00",88560,0.102,0.148,0.212,10.74,50.04,12.23,12.97,12.91,13.28,12.23,12.34,13.55,9.35
"2013-08-01 02:30:00",88561,0.102,0.148,0.212,10.64,48.34,12.22,12.95,12.9,13.28,12.16,12.27,13.55,8.99
"2013-08-01 02:45:00",88562,0.102,0.148,0.212,10.51,49.4,12.16,12.94,12.9,13.28,12.08,12.19,13.54,8.72
"2013-08-01 03:00:00",88563,0.102,0.148,0.212,10.4,50.84,12.12,12.92,12.89,13.28,12,12.1,13.54,8.48
"2013-08-01 03:15:00",88564,0.102,0.148,0.212,10.3,49.45,12.08,12.89,12.88,13.28,11.92,12.02,13.55,8.23
"2013-08-01 03:30:00",88565,0.102,0.148,0.212,10.18,47.61,12.01,12.85,12.85,13.28,11.84,11.94,13.55,7.97
"2013-08-01 03:45:00",88566,0.102,0.148,0.212,10.06,46.16,11.94,12.82,12.86,13.29,11.76,11.86,13.55,7.663
"2013-08-01 04:00:00",88567,0.102,0.148,0.212,9.93,45.45,11.88,12.81,12.85,13.29,11.67,11.77,13.55,7.399
"2013-08-01 04:15:00",88568,0.102,0.148,0.212,9.83,45.45,11.84,12.79,12.84,13.3,11.58,11.68,13.54,7.137
"2013-08-01 04:30:00",88569,0.102,0.148,0.212,9.7,45.19,11.78,12.74,12.82,13.3,11.49,11.58,13.54,6.875
"2013-08-01 04:45:00",88570,0.102,0.148,0.212,9.59,44.74,11.72,12.7,12.83,13.3,11.4,11.49,13.54,6.656
"2013-08-01 05:00:00",88571,0.102,0.148,0.212,9.48,48.8,11.67,12.65,12.82,13.31,11.31,11.4,13.54,6.439
"2013-08-01 05:15:00",88572,0.102,0.148,0.212,9.36,49.39,11.62,12.64,12.81,13.31,11.22,11.31,13.54,6.287
"2013-08-01 05:30:00",88573,0.102,0.148,0.212,9.27,49.1,11.56,12.62,12.8,13.31,11.13,11.22,13.54,6.177
"2013-08-01 05:45:00",88574,0.102,0.148,0.212,9.18,49.44,11.5,12.56,12.78,13.32,11.05,11.14,13.54,6.025
"2013-08-01 06:00:00",88575,0.102,0.148,0.212,9.07,50.48,11.43,12.53,12.77,13.32,10.97,11.06,13.54,5.851
"2013-08-01 06:15:00",88576,0.102,0.148,0.212,8.97,50.93,11.39,12.51,12.76,13.32,10.89,10.98,13.54,5.68
"2013-08-01 06:30:00",88577,0.102,0.148,0.212,8.86,51.15,11.31,12.46,12.74,13.31,10.8,10.89,13.55,5.528
"2013-08-01 06:45:00",88578,0.102,0.148,0.212,8.77,50.95,11.27,12.41,12.73,13.32,10.71,10.8,13.55,5.377
"2013-08-01 07:00:00",88579,0.102,0.148,0.212,8.66,50.32,11.21,12.39,12.72,13.31,10.62,10.72,13.55,5.246
"2013-08-01 07:15:00",88580,0.102,0.148,0.212,8.57,46.55,11.16,12.35,12.69,13.31,10.54,10.64,13.55,5.182
"2013-08-01 07:30:00",88581,0.102,0.148,0.212,8.53,42.07,11.1,12.29,12.67,13.3,10.47,10.56,13.55,5.182
"2013-08-01 07:45:00",88582,0.102,0.148,0.212,8.52,45.86,11.04,12.25,12.64,13.31,10.41,10.5,13.55,5.246
"2013-08-01 08:00:00",88583,0.102,0.148,0.212,8.57,37.85,10.95,12.22,12.63,13.31,10.37,10.45,13.55,5.528
"2013-08-01 08:15:00",88584,0.102,0.148,0.212,8.8,42.32,10.9,12.15,12.6,13.31,10.37,10.44,13.55,6.025
"2013-08-01 08:30:00",88585,0.102,0.148,0.212,9.05,40.38,10.84,12.11,12.58,13.32,10.45,10.48,13.55,6.656
"2013-08-01 08:45:00",88586,0.102,0.148,0.212,9.48,37.63,10.82,12.06,12.56,13.32,10.57,10.56,13.54,7.268
"2013-08-01 09:00:00",88587,0.102,0.148,0.211,10,39.09,10.81,12.04,12.56,13.33,10.71,10.7,13.55,7.905
"2013-08-01 09:15:00",88588,0.102,0.148,0.211,10.31,42.96,10.83,12,12.54,13.32,10.88,10.87,13.55,8.57
"2013-08-01 09:30:00",88589,0.102,0.148,0.211,10.42,42.57,10.85,11.96,12.52,13.32,11.04,11.02,13.55,9.28
"2013-08-01 09:45:00",88590,0.102,0.148,0.211,10.54,43.57,10.89,11.95,12.48,13.32,11.16,11.15,13.55,10.02
"2013-08-01 10:00:00",88591,0.102,0.148,0.211,10.75,44.85,10.95,11.94,12.47,13.32,11.26,11.26,13.55,10.88
"2013-08-01 10:15:00",88592,0.102,0.148,0.211,11.18,45.16,11.03,11.93,12.47,13.32,11.38,11.4,13.55,11.84
"2013-08-01 10:30:00",88593,0.102,0.148,0.211,11.66,44.98,11.09,11.92,12.46,13.31,11.54,11.64,13.55,12.79
"2013-08-01 10:45:00",88594,0.102,0.148,0.211,12.18,47.28,11.14,11.92,12.42,13.31,11.8,11.99,13.55,13.71
"2013-08-01 11:00:00",88595,0.102,0.148,0.211,12.9,47.67,11.23,11.93,12.4,13.32,12.25,12.38,13.55,14.66
"2013-08-01 11:15:00",88596,0.102,0.148,0.211,13.53,48.92,11.33,11.93,12.4,13.34,12.82,12.76,13.55,15.55
"2013-08-01 11:30:00",88597,0.102,0.148,0.211,14.15,49.52,11.46,11.96,12.39,13.33,13.45,13.13,13.55,16.36
"2013-08-01 11:45:00",88598,0.101,0.148,0.211,14.67,50.72,11.61,12,12.39,13.34,14.08,13.53,13.55,17.11
"2013-08-01 12:00:00",88599,0.101,0.148,0.211,15.11,51.1,11.77,12.04,12.36,13.33,14.6,14.03,13.55,17.72
"2013-08-01 12:15:00",88600,0.101,0.148,0.211,16.06,50.72,11.96,12.08,12.34,13.31,15.07,14.56,13.55,18.28
"2013-08-01 12:30:00",88601,0.101,0.148,0.211,17.4,49.85,12.18,12.13,12.33,13.32,15.55,15.1,13.55,18.77
"2013-08-01 12:45:00",88602,0.101,0.148,0.211,18.64,44.94,12.41,12.22,12.33,13.3,15.94,15.62,13.55,19.28
"2013-08-01 13:00:00",88603,0.101,0.148,0.211,19.64,40.01,12.68,12.31,12.33,13.31,16.34,16.14,13.55,19.65
"2013-08-01 13:15:00",88604,0.101,0.148,0.211,20.35,40.74,12.99,12.4,12.33,13.3,16.74,16.61,13.55,19.94
"2013-08-01 13:30:00",88605,0.1,0.148,0.211,20.42,41.81,13.33,12.5,12.33,13.31,17.04,17.02,13.55,20.24
"2013-08-01 13:45:00",88606,0.1,0.148,0.211,20.35,41.8,13.64,12.62,12.33,13.3,17.22,17.26,13.55,20.58
"2013-08-01 14:00:00",88607,0.1,0.148,0.211,20.58,43.15,13.92,12.76,12.34,13.3,17.36,17.44,13.55,20.91
"2013-08-01 14:15:00",88608,0.1,0.147,0.211,20.86,44.08,14.2,12.9,12.34,13.3,17.57,17.63,13.55,21.21
"2013-08-01 14:30:00",88609,0.1,0.147,0.211,20.72,45.28,14.44,13.04,12.35,13.3,17.86,17.79,13.55,21.64
"2013-08-01 14:45:00",88610,0.1,0.147,0.211,20.48,45.09,14.65,13.17,12.36,13.31,18.1,17.85,13.55,22.45
"2013-08-01 15:00:00",88611,0.1,0.147,0.211,20.21,45.53,14.85,13.31,12.36,13.3,18.14,17.76,13.55,23.75
"2013-08-01 15:15:00",88612,0.099,0.147,0.211,19.74,45.81,15.03,13.46,12.37,13.31,18.05,17.63,13.55,25.31
"2013-08-01 15:30:00",88613,0.099,0.147,0.211,19.29,45.52,15.18,13.61,12.4,13.31,17.9,17.49,13.55,26.34
"2013-08-01 15:45:00",88614,0.099,0.147,0.211,18.89,45.44,15.29,13.72,12.41,13.31,17.73,17.35,13.56,27
"2013-08-01 16:00:00",88615,0.099,0.147,0.211,18.54,45.18,15.34,13.83,12.44,13.31,17.57,17.22,13.55,26.13
"2013-08-01 16:15:00",88616,0.099,0.147,0.211,18.2,45.84,15.4,13.92,12.48,13.31,17.42,17.11,13.55,24.98
"2013-08-01 16:30:00",88617,0.099,0.147,0.211,17.85,45.82,15.4,14,12.5,13.31,17.27,17,13.55,23.96
"2013-08-01 16:45:00",88618,0.099,0.147,0.211,17.52,43.76,15.4,14.08,12.53,13.3,17.12,16.88,13.55,22.73
"2013-08-01 17:00:00",88619,0.099,0.147,0.211,17.16,45.08,15.39,14.13,12.57,13.3,16.95,16.74,13.55,21.4
"2013-08-01 17:15:00",88620,0.099,0.147,0.211,16.79,44.75,15.36,14.19,12.6,13.27,16.78,16.59,13.55,20.13
"2013-08-01 17:30:00",88621,0.099,0.147,0.211,16.46,44.37,15.33,14.25,12.66,13.28,16.59,16.44,13.55,18.92
"2013-08-01 17:45:00",88622,0.099,0.147,0.211,16.15,44.37,15.28,14.28,12.7,13.28,16.4,16.28,13.55,17.74
"2013-08-01 18:00:00",88623,0.099,0.147,0.211,15.83,43.89,15.22,14.3,12.73,13.28,16.2,16.11,13.54,16.64
"2013-08-01 18:15:00",88624,0.099,0.147,0.211,15.47,43.24,15.16,14.34,12.78,13.29,15.99,15.94,13.54,15.63
"2013-08-01 18:30:00",88625,0.099,0.147,0.211,15.18,42.86,15.05,14.35,12.82,13.29,15.79,15.76,13.55,14.8
"2013-08-01 18:45:00",88626,0.099,0.147,0.211,14.9,42.47,14.97,14.35,12.84,13.3,15.59,15.58,13.55,14.06
"2013-08-01 19:00:00",88627,0.099,0.147,0.211,14.66,42.16,14.87,14.35,12.87,13.29,15.4,15.42,13.55,13.52
"2013-08-01 19:15:00",88628,0.099,0.147,0.211,14.42,41.88,14.78,14.35,12.91,13.29,15.23,15.26,13.55,13.02
"2013-08-01 19:30:00",88629,0.099,0.147,0.211,14.2,50.13,14.69,14.34,12.92,13.27,15.07,15.11,13.55,12.53
"2013-08-01 19:45:00",88630,0.099,0.147,0.211,13.94,50.58,14.6,14.31,12.94,13.27,14.9,14.96,13.55,11.96
"2013-08-01 20:00:00",88631,0.099,0.147,0.211,13.7,51.21,14.52,14.32,12.99,13.26,14.72,14.8,13.54,11.43
"2013-08-01 20:15:00",88632,0.099,0.147,0.211,13.49,51.56,14.44,14.31,13.02,13.27,14.55,14.65,13.54,11.02
"2013-08-01 20:30:00",88633,0.099,0.147,0.211,13.31,52.08,14.34,14.28,13.01,13.27,14.39,14.5,13.54,10.72
"2013-08-01 20:45:00",88634,0.099,0.147,0.211,13.16,52.92,14.24,14.25,13.03,13.27,14.24,14.36,13.55,10.52
"2013-08-01 21:00:00",88635,0.099,0.147,0.211,13.02,55.17,14.16,14.22,13.07,13.27,14.1,14.24,13.55,10.34
"2013-08-01 21:15:00",88636,0.099,0.147,0.211,12.87,55.43,14.05,14.19,13.09,13.26,13.98,14.12,13.55,10.16
"2013-08-01 21:30:00",88637,0.099,0.147,0.211,12.73,54.18,13.95,14.15,13.11,13.27,13.85,14.01,13.55,9.95
"2013-08-01 21:45:00",88638,0.099,0.147,0.211,12.57,54.09,13.87,14.12,13.1,13.27,13.73,13.9,13.55,9.77
"2013-08-01 22:00:00",88639,0.099,0.147,0.211,12.39,53.97,13.78,14.08,13.11,13.27,13.62,13.8,13.55,9.52
"2013-08-01 22:15:00",88640,0.099,0.147,0.211,12.25,53.73,13.71,14.05,13.12,13.26,13.5,13.69,13.55,9.32
"2013-08-01 22:30:00",88641,0.099,0.147,0.21,12.11,53.59,13.62,14.01,13.14,13.26,13.4,13.59,13.55,9.19
"2013-08-01 22:45:00",88642,0.099,0.147,0.21,11.98,53.3,13.54,13.97,13.14,13.25,13.3,13.49,13.55,9.06
"2013-08-01 23:00:00",88643,0.099,0.147,0.21,11.86,53.22,13.46,13.94,13.15,13.25,13.2,13.4,13.54,8.83
"2013-08-01 23:15:00",88644,0.099,0.147,0.21,11.7,52.86,13.4,13.91,13.15,13.25,13.1,13.3,13.54,8.55
"2013-08-01 23:30:00",88645,0.099,0.147,0.21,11.53,51.25,13.32,13.86,13.17,13.25,12.99,13.19,13.54,8.23
"2013-08-01 23:45:00",88646,0.099,0.147,0.21,11.38,50.91,13.23,13.82,13.18,13.25,12.87,13.08,13.55,7.95
"2013-08-02 00:00:00",88647,0.099,0.147,0.21,11.23,51.26,13.17,13.79,13.17,13.26,12.76,12.97,13.55,7.706
"2013-08-02 00:15:00",88648,0.099,0.147,0.21,11.1,50.94,13.07,13.74,13.18,13.26,12.64,12.86,13.54,7.444
"2013-08-02 00:30:00",88649,0.099,0.147,0.21,10.92,50.47,12.97,13.69,13.16,13.26,12.53,12.76,13.54,7.225
"2013-08-02 00:45:00",88650,0.099,0.147,0.21,10.77,50.57,12.89,13.66,13.17,13.26,12.42,12.65,13.54,7.028
"2013-08-02 01:00:00",88651,0.099,0.147,0.21,10.67,49.75,12.81,13.61,13.15,13.27,12.31,12.55,13.54,6.852
"2013-08-02 01:15:00",88652,0.099,0.147,0.21,10.53,47.79,12.72,13.55,13.15,13.26,12.21,12.45,13.54,6.678
"2013-08-02 01:30:00",88653,0.099,0.147,0.21,10.37,48.44,12.64,13.51,13.15,13.28,12.1,12.35,13.54,6.416
"2013-08-02 01:45:00",88654,0.099,0.147,0.21,10.24,46.36,12.56,13.45,13.15,13.28,11.99,12.24,13.54,6.242
"2013-08-02 02:00:00",88655,0.099,0.147,0.21,10.14,44.99,12.5,13.39,13.14,13.28,11.88,12.14,13.54,6.113
"2013-08-02 02:15:00",88656,0.099,0.147,0.21,10.02,47.57,12.41,13.32,13.13,13.29,11.78,12.05,13.54,5.96
"2013-08-02 02:30:00",88657,0.099,0.147,0.21,9.93,48.39,12.33,13.29,13.11,13.28,11.69,11.95,13.54,5.874
"2013-08-02 02:45:00",88658,0.099,0.147,0.21,9.83,49.82,12.26,13.23,13.1,13.29,11.59,11.86,13.54,5.743
"2013-08-02 03:00:00",88659,0.1,0.147,0.21,9.69,46.9,12.18,13.18,13.09,13.3,11.5,11.78,13.54,5.571
"2013-08-02 03:15:00",88660,0.1,0.147,0.21,9.58,46.29,12.1,13.15,13.07,13.3,11.38,11.68,13.55,5.506
"2013-08-02 03:30:00",88661,0.1,0.147,0.21,9.52,42.58,12.02,13.08,13.06,13.3,11.28,11.58,13.55,5.591
"2013-08-02 03:45:00",88662,0.099,0.147,0.21,9.47,48.55,11.94,13.03,13.07,13.3,11.21,11.51,13.55,5.808
"2013-08-02 04:00:00",88663,0.1,0.147,0.21,9.48,43.47,11.86,12.99,13.05,13.3,11.15,11.45,13.55,6.068
"2013-08-02 04:15:00",88664,0.099,0.147,0.21,9.47,48.68,11.79,12.94,13.05,13.31,11.1,11.4,13.55,6.373
"2013-08-02 04:30:00",88665,0.1,0.147,0.21,9.47,42.92,11.73,12.9,13.01,13.31,11.06,11.36,13.55,6.635
"2013-08-02 04:45:00",88666,0.1,0.147,0.21,9.47,45.76,11.68,12.84,13,13.32,11.02,11.33,13.54,6.852
"2013-08-02 05:00:00",88667,0.1,0.147,0.21,9.47,48.2,11.62,12.8,12.97,13.31,11,11.3,13.54,6.963
"2013-08-02 05:15:00",88668,0.1,0.147,0.21,9.46,50.08,11.57,12.76,12.96,13.32,10.96,11.28,13.54,7.006
"2013-08-02 05:30:00",88669,0.1,0.147,0.21,9.43,50.64,11.53,12.69,12.96,13.32,10.93,11.25,13.54,7.006
"2013-08-02 05:45:00",88670,0.1,0.147,0.21,9.39,48.23,11.49,12.64,12.94,13.32,10.89,11.23,13.54,6.963
"2013-08-02 06:00:00",88671,0.1,0.147,0.21,9.36,43.93,11.44,12.62,12.93,13.33,10.84,11.21,13.54,6.897
"2013-08-02 06:15:00",88672,0.1,0.147,0.21,9.31,43.53,11.4,12.57,12.9,13.33,10.79,11.18,13.54,6.787
"2013-08-02 06:30:00",88673,0.1,0.147,0.21,9.27,46.85,11.38,12.52,12.87,13.33,10.74,11.16,13.54,6.656
"2013-08-02 06:45:00",88674,0.1,0.147,0.21,9.19,49.05,11.33,12.51,12.86,13.33,10.69,11.13,13.54,6.461
"2013-08-02 07:00:00",88675,0.1,0.147,0.21,9.13,46.8,11.29,12.47,12.84,13.33,10.63,11.09,13.54,6.396
"2013-08-02 07:15:00",88676,0.1,0.147,0.21,9.1,42.13,11.27,12.42,12.82,13.33,10.57,11.04,13.54,6.396
"2013-08-02 07:30:00",88677,0.1,0.147,0.21,9.11,38.78,11.22,12.39,12.82,13.33,10.53,10.99,13.54,6.504
"2013-08-02 07:45:00",88678,0.1,0.147,0.21,9.14,37.3,11.19,12.37,12.81,13.33,10.51,10.97,13.54,6.744
"2013-08-02 08:00:00",88679,0.1,0.147,0.21,9.19,38.84,11.17,12.33,12.77,13.33,10.51,10.96,13.54,7.028
"2013-08-02 08:15:00",88680,0.1,0.147,0.21,9.27,38.37,11.14,12.3,12.75,13.34,10.52,10.95,13.54,7.378
"2013-08-02 08:30:00",88681,0.1,0.147,0.21,9.38,36.68,11.09,12.26,12.72,13.34,10.54,10.97,13.55,7.817
"2013-08-02 08:45:00",88682,0.1,0.147,0.21,9.52,37.31,11.09,12.22,12.71,13.34,10.58,11,13.55,8.19
"2013-08-02 09:00:00",88683,0.1,0.147,0.21,9.67,38.09,11.08,12.18,12.71,13.34,10.64,11.04,13.55,8.68
"2013-08-02 09:15:00",88684,0.1,0.147,0.21,9.89,36.86,11.08,12.14,12.68,13.34,10.73,11.11,13.55,9.19
"2013-08-02 09:30:00",88685,0.1,0.147,0.21,10.09,36.86,11.07,12.11,12.63,13.33,10.85,11.2,13.55,9.75
"2013-08-02 09:45:00",88686,0.1,0.147,0.21,10.3,40.74,11.08,12.09,12.61,13.34,10.98,11.3,13.55,10.43
"2013-08-02 10:00:00",88687,0.1,0.147,0.21,10.65,41.5,11.09,12.08,12.6,13.33,11.13,11.42,13.55,11.33
"2013-08-02 10:15:00",88688,0.1,0.147,0.21,11.22,48.93,11.13,12.07,12.58,13.33,11.32,11.58,13.55,12.3
"2013-08-02 10:30:00",88689,0.1,0.147,0.21,11.83,49.31,11.16,12.04,12.55,13.33,11.58,11.82,13.55,13.02
"2013-08-02 10:45:00",88690,0.1,0.147,0.21,12.14,50.79,11.23,12.03,12.52,13.32,11.87,12.15,13.55,13.45
"2013-08-02 11:00:00",88691,0.1,0.147,0.21,12.53,50.62,11.29,12.03,12.51,13.33,12.17,12.42,13.55,13.9
"2013-08-02 11:15:00",88692,0.1,0.147,0.21,12.81,50.76,11.39,12.05,12.5,13.33,12.49,12.67,13.55,14.23
"2013-08-02 11:30:00",88693,0.1,0.147,0.21,13.29,51.2,11.5,12.06,12.49,13.34,12.81,12.89,13.55,14.83
"2013-08-02 11:45:00",88694,0.099,0.147,0.21,13.87,50.65,11.61,12.08,12.47,13.34,13.26,13.15,13.55,15.48
"2013-08-02 12:00:00",88695,0.099,0.146,0.21,14.27,50.41,11.73,12.11,12.44,13.35,13.7,13.53,13.55,16.12
"2013-08-02 12:15:00",88696,0.099,0.146,0.21,15.04,50.66,11.87,12.16,12.43,13.35,14.14,13.98,13.55,17.01
"2013-08-02 12:30:00",88697,0.099,0.146,0.21,16.34,50.4,12.05,12.21,12.42,13.34,14.64,14.48,13.55,17.84
"2013-08-02 12:45:00",88698,0.099,0.146,0.21,17.61,48.38,12.23,12.28,12.42,13.34,15.04,14.98,13.55,18.64
"2013-08-02 13:00:00",88699,0.099,0.146,0.21,18.62,41.11,12.46,12.32,12.42,13.34,15.48,15.47,13.55,19.31
"2013-08-02 13:15:00",88700,0.099,0.146,0.21,19.22,39.58,12.72,12.39,12.41,13.33,15.91,15.91,13.55,19.97
"2013-08-02 13:30:00",88701,0.099,0.146,0.21,19.59,40.86,13.02,12.48,12.4,13.33,16.3,16.29,13.55,20.58
"2013-08-02 13:45:00",88702,0.099,0.146,0.21,19.9,41.73,13.33,12.57,12.39,13.33,16.64,16.62,13.55,21.04
"2013-08-02 14:00:00",88703,0.098,0.146,0.21,20.31,43.36,13.59,12.68,12.38,13.33,16.9,16.93,13.55,21.51
"2013-08-02 14:15:00",88704,0.098,0.146,0.21,20.77,44.59,13.84,12.8,12.38,13.32,17.21,17.21,13.55,21.95
"2013-08-02 14:30:00",88705,0.098,0.146,0.21,20.71,45.84,14.11,12.92,12.39,13.32,17.59,17.45,13.55,22.5
"2013-08-02 14:45:00",88706,0.098,0.146,0.21,20.48,45.39,14.37,13.06,12.39,13.32,17.91,17.56,13.55,22.64
"2013-08-02 15:00:00",88707,0.098,0.146,0.21,19.95,45.69,14.59,13.18,12.41,13.32,18,17.54,13.55,22.81
"2013-08-02 15:15:00",88708,0.098,0.146,0.21,19.55,44.95,14.78,13.31,12.42,13.32,17.94,17.45,13.55,23.61
"2013-08-02 15:30:00",88709,0.098,0.146,0.21,19.24,45.83,14.91,13.46,12.45,13.32,17.87,17.35,13.55,24.6
"2013-08-02 15:45:00",88710,0.098,0.146,0.21,19,45.35,15.02,13.59,12.47,13.31,17.79,17.27,13.55,25.58
"2013-08-02 16:00:00",88711,0.098,0.146,0.209,18.76,44.58,15.13,13.7,12.49,13.31,17.73,17.21,13.55,25.28
"2013-08-02 16:15:00",88712,0.098,0.146,0.209,18.49,44.09,15.19,13.8,12.5,13.31,17.65,17.15,13.55,24.6
"2013-08-02 16:30:00",88713,0.097,0.146,0.209,18.18,44.25,15.24,13.88,12.53,13.31,17.55,17.09,13.55,24.04
"2013-08-02 16:45:00",88714,0.098,0.146,0.209,17.85,44.53,15.28,13.96,12.54,13.31,17.41,17,13.54,23.18
"2013-08-02 17:00:00",88715,0.098,0.146,0.209,17.52,44.69,15.27,14.04,12.59,13.31,17.26,16.89,13.54,22.22
"2013-08-02 17:15:00",88716,0.098,0.146,0.209,17.15,45.15,15.27,14.09,12.61,13.31,17.08,16.76,13.55,21.26
"2013-08-02 17:30:00",88717,0.098,0.146,0.209,16.78,44.67,15.27,14.16,12.68,13.31,16.88,16.61,13.54,20.34
"2013-08-02 17:45:00",88718,0.098,0.146,0.209,16.48,44.13,15.23,14.19,12.72,13.31,16.69,16.45,13.54,19.47
"2013-08-02 18:00:00",88719,0.098,0.146,0.209,16.21,44.34,15.21,14.24,12.73,13.32,16.49,16.3,13.55,18.69
"2013-08-02 18:15:00",88720,0.098,0.146,0.209,15.94,42.57,15.16,14.27,12.77,13.32,16.31,16.14,13.54,17.92
"2013-08-02 18:30:00",88721,0.098,0.146,0.209,15.68,42.28,15.08,14.28,12.81,13.32,16.14,15.99,13.54,17.44
"2013-08-02 18:45:00",88722,0.098,0.146,0.209,15.46,41.83,15,14.3,12.86,13.31,15.97,15.84,13.54,17.19
"2013-08-02 19:00:00",88723,0.098,0.146,0.209,15.29,42.51,14.92,14.33,12.86,13.32,15.82,15.71,13.55,16.86
"2013-08-02 19:15:00",88724,0.098,0.146,0.209,15.1,42.63,14.85,14.34,12.9,13.31,15.68,15.59,13.55,16.39
"2013-08-02 19:30:00",88725,0.098,0.146,0.209,14.89,41.78,14.79,14.34,12.93,13.31,15.54,15.47,13.55,15.82
"2013-08-02 19:45:00",88726,0.098,0.146,0.209,14.68,41.9,14.73,14.34,12.95,13.31,15.4,15.35,13.55,15.34
"2013-08-02 20:00:00",88727,0.098,0.146,0.209,14.5,41.84,14.65,14.34,12.97,13.31,15.26,15.22,13.55,14.9
"2013-08-02 20:15:00",88728,0.098,0.146,0.209,14.29,49,14.58,14.33,13.01,13.31,15.12,15.1,13.55,14.42
"2013-08-02 20:30:00",88729,0.098,0.146,0.209,14.07,49.86,14.51,14.31,13.03,13.3,14.98,14.98,13.55,13.92
"2013-08-02 20:45:00",88730,0.098,0.146,0.209,13.86,50.57,14.44,14.3,13.05,13.3,14.85,14.86,13.55,13.42
"2013-08-02 21:00:00",88731,0.098,0.146,0.209,13.69,50.99,14.38,14.27,13.06,13.29,14.71,14.73,13.55,13
"2013-08-02 21:15:00",88732,0.098,0.146,0.209,13.54,51.61,14.29,14.24,13.07,13.28,14.59,14.61,13.55,12.74
"2013-08-02 21:30:00",88733,0.098,0.146,0.209,13.42,49.83,14.22,14.21,13.1,13.28,14.48,14.51,13.55,12.49
"2013-08-02 21:45:00",88734,0.098,0.146,0.209,13.27,50.37,14.15,14.21,13.12,13.27,14.36,14.4,13.55,12.07
"2013-08-02 22:00:00",88735,0.098,0.146,0.209,13.1,52.8,14.05,14.19,13.14,13.27,14.23,14.29,13.54,11.7
"2013-08-02 22:15:00",88736,0.098,0.146,0.209,12.98,53.51,13.96,14.15,13.15,13.27,14.12,14.18,13.55,11.63
"2013-08-02 22:30:00",88737,0.098,0.146,0.209,12.88,53.8,13.9,14.12,13.15,13.27,14.02,14.09,13.55,11.45
"2013-08-02 22:45:00",88738,0.098,0.146,0.209,12.75,51.35,13.84,14.09,13.15,13.27,13.92,14,13.54,11.29
"2013-08-02 23:00:00",88739,0.098,0.146,0.209,12.62,53.18,13.75,14.06,13.17,13.27,13.82,13.91,13.54,11.22
"2013-08-02 23:15:00",88740,0.098,0.146,0.209,12.53,51.15,13.68,14.04,13.17,13.27,13.72,13.82,13.54,11.31
"2013-08-02 23:30:00",88741,0.098,0.146,0.209,12.42,51.79,13.61,14,13.17,13.27,13.64,13.75,13.54,11.38
"2013-08-02 23:45:00",88742,0.098,0.146,0.209,12.35,52.06,13.55,13.95,13.19,13.27,13.57,13.67,13.54,11.36
"2013-08-03 00:00:00",88743,0.098,0.146,0.209,12.26,53.99,13.48,13.94,13.18,13.27,13.49,13.6,13.54,11.33
"2013-08-03 00:15:00",88744,0.098,0.146,0.209,12.19,54.44,13.44,13.91,13.2,13.27,13.42,13.53,13.54,11.27
"2013-08-03 00:30:00",88745,0.098,0.146,0.209,12.1,48.33,13.39,13.86,13.21,13.28,13.34,13.47,13.54,11.22
"2013-08-03 00:45:00",88746,0.098,0.146,0.209,12.04,50.3,13.33,13.83,13.2,13.27,13.27,13.4,13.54,11.18
"2013-08-03 01:00:00",88747,0.098,0.146,0.209,11.96,51.67,13.27,13.79,13.21,13.27,13.21,13.35,13.54,11.02
"2013-08-03 01:15:00",88748,0.098,0.146,0.209,11.86,48.7,13.22,13.76,13.2,13.28,13.13,13.28,13.54,10.81
"2013-08-03 01:30:00",88749,0.098,0.146,0.209,11.78,49.03,13.16,13.73,13.2,13.28,13.06,13.21,13.55,10.49
"2013-08-03 01:45:00",88750,0.098,0.146,0.209,11.66,49.94,13.1,13.7,13.19,13.28,12.98,13.14,13.55,10.09
"2013-08-03 02:00:00",88751,0.098,0.146,0.209,11.55,47.89,13.03,13.66,13.18,13.29,12.89,13.06,13.55,9.79
"2013-08-03 02:15:00",88752,0.098,0.146,0.209,11.44,43.21,12.97,13.62,13.19,13.3,12.81,12.99,13.54,9.5
"2013-08-03 02:30:00",88753,0.098,0.146,0.209,11.3,44.44,12.91,13.58,13.18,13.29,12.71,12.91,13.54,9.15
"2013-08-03 02:45:00",88754,0.098,0.146,0.209,11.18,49.55,12.85,13.57,13.18,13.32,12.62,12.82,13.54,8.86
"2013-08-03 03:00:00",88755,0.098,0.146,0.209,11.09,50.85,12.79,13.53,13.17,13.32,12.53,12.73,13.54,8.7
"2013-08-03 03:15:00",88756,0.098,0.146,0.209,11.02,44,12.72,13.48,13.15,13.32,12.45,12.66,13.54,8.7
"2013-08-03 03:30:00",88757,0.098,0.146,0.209,10.96,44.94,12.67,13.44,13.14,13.32,12.38,12.59,13.55,8.79
"2013-08-03 03:45:00",88758,0.098,0.146,0.209,10.9,49.75,12.6,13.38,13.14,13.32,12.32,12.53,13.55,8.83
"2013-08-03 04:00:00",88759,0.098,0.146,0.209,10.86,49.33,12.55,13.34,13.13,13.32,12.26,12.48,13.54,8.81
"2013-08-03 04:15:00",88760,0.098,0.146,0.209,10.76,45.86,12.5,13.3,13.11,13.33,12.2,12.42,13.54,8.7
"2013-08-03 04:30:00",88761,0.098,0.146,0.209,10.68,40.29,12.44,13.27,13.1,13.32,12.13,12.37,13.54,8.52
"2013-08-03 04:45:00",88762,0.098,0.146,0.209,10.58,42.25,12.4,13.23,13.09,13.33,12.06,12.3,13.55,8.35
"2013-08-03 05:00:00",88763,0.098,0.146,0.209,10.51,43.93,12.34,13.19,13.09,13.33,11.99,12.24,13.55,8.23
"2013-08-03 05:15:00",88764,0.098,0.146,0.209,10.44,46.42,12.3,13.17,13.09,13.33,11.93,12.18,13.55,8.13
"2013-08-03 05:30:00",88765,0.098,0.146,0.209,10.37,46.96,12.23,13.12,13.08,13.33,11.87,12.13,13.54,7.905
"2013-08-03 05:45:00",88766,0.098,0.146,0.209,10.28,45.94,12.2,13.09,13.08,13.33,11.8,12.07,13.55,7.774
"2013-08-03 06:00:00",88767,0.098,0.146,0.209,10.21,49.15,12.14,13.07,13.05,13.34,11.73,12,13.54,7.575
"2013-08-03 06:15:00",88768,0.098,0.146,0.209,10.12,46.05,12.1,13.03,13.05,13.34,11.66,11.94,13.54,7.378
"2013-08-03 06:30:00",88769,0.098,0.146,0.209,10.02,44.9,12.04,12.98,13.04,13.34,11.6,11.87,13.54,7.094
"2013-08-03 06:45:00",88770,0.098,0.146,0.209,9.9,47.02,11.96,12.95,13,13.34,11.52,11.81,13.54,6.787
"2013-08-03 07:00:00",88771,0.098,0.146,0.209,9.8,48.35,11.91,12.92,13,13.33,11.43,11.73,13.54,6.482
"2013-08-03 07:15:00",88772,0.098,0.146,0.209,9.7,43.51,11.85,12.88,12.99,13.32,11.34,11.65,13.54,6.156
"2013-08-03 07:30:00",88773,0.098,0.146,0.209,9.59,39.8,11.79,12.83,12.96,13.32,11.25,11.57,13.54,5.939
"2013-08-03 07:45:00",88774,0.098,0.146,0.209,9.53,42.27,11.73,12.81,12.94,13.32,11.17,11.49,13.54,5.939
"2013-08-03 08:00:00",88775,0.098,0.146,0.209,9.59,35.11,11.68,12.77,12.94,13.33,11.12,11.43,13.54,6.396
"2013-08-03 08:15:00",88776,0.098,0.146,0.209,9.8,35.04,11.64,12.72,12.95,13.34,11.12,11.4,13.54,7.444
"2013-08-03 08:30:00",88777,0.098,0.145,0.209,10.2,40.25,11.59,12.67,12.92,13.36,11.22,11.43,13.55,8.86
"2013-08-03 08:45:00",88778,0.098,0.145,0.209,10.8,44.44,11.56,12.65,12.91,13.38,11.39,11.53,13.55,10.16
"2013-08-03 09:00:00",88779,0.098,0.145,0.209,11.43,47.16,11.56,12.61,12.89,13.37,11.58,11.72,13.55,11.18
"2013-08-03 09:15:00",88780,0.098,0.145,0.209,11.76,41.76,11.57,12.59,12.89,13.37,11.78,11.93,13.55,12.14
"2013-08-03 09:30:00",88781,0.098,0.145,0.209,11.95,43.77,11.61,12.56,12.87,13.36,11.98,12.11,13.55,13.19
"2013-08-03 09:45:00",88782,0.098,0.145,0.209,12.09,41.91,11.68,12.54,12.83,13.36,12.16,12.27,13.55,14.01
"2013-08-03 10:00:00",88783,0.098,0.145,0.209,12.25,44.3,11.73,12.51,12.81,13.35,12.31,12.42,13.55,14.8
"2013-08-03 10:15:00",88784,0.098,0.145,0.208,12.75,45.53,11.81,12.51,12.82,13.35,12.45,12.56,13.55,15.55
"2013-08-03 10:30:00",88785,0.098,0.145,0.208,13.23,48.77,11.88,12.52,12.82,13.35,12.63,12.78,13.55,16.19
"2013-08-03 10:45:00",88786,0.098,0.145,0.208,13.69,48.98,11.99,12.54,12.77,13.35,12.93,13.09,13.55,16.76
"2013-08-03 11:00:00",88787,0.097,0.145,0.208,14.23,50.08,12.11,12.55,12.77,13.34,13.37,13.42,13.55,17.21
"2013-08-03 11:15:00",88788,0.097,0.145,0.208,14.8,50.28,12.22,12.57,12.74,13.34,13.94,13.75,13.55,17.59
"2013-08-03 11:30:00",88789,0.097,0.145,0.208,15.46,48.63,12.35,12.6,12.72,13.35,14.54,14.09,13.55,17.99
"2013-08-03 11:45:00",88790,0.097,0.145,0.208,16.03,48.53,12.51,12.64,12.72,13.35,15.16,14.44,13.55,18.43
"2013-08-03 12:00:00",88791,0.097,0.145,0.208,16.3,47.03,12.66,12.68,12.71,13.36,15.66,14.88,13.55,18.84
"2013-08-03 12:15:00",88792,0.097,0.145,0.208,16.87,48.31,12.84,12.72,12.71,13.37,16.09,15.35,13.55,19.26
"2013-08-03 12:30:00",88793,0.097,0.145,0.208,18,43.09,13.04,12.81,12.71,13.36,16.51,15.8,13.55,19.49
"2013-08-03 12:45:00",88794,0.097,0.145,0.208,18.99,38.89,13.26,12.86,12.7,13.37,16.82,16.22,13.55,19.7
"2013-08-03 13:00:00",88795,0.097,0.145,0.208,19.98,40.07,13.47,12.94,12.7,13.37,17.14,16.59,13.55,20.08
"2013-08-03 13:15:00",88796,0.097,0.145,0.208,20.58,37.14,13.72,13.03,12.7,13.37,17.47,16.94,13.55,20.37
"2013-08-03 13:30:00",88797,0.096,0.145,0.208,20.83,37.91,14,13.13,12.7,13.38,17.76,17.27,13.55,20.58
"2013-08-03 13:45:00",88798,0.096,0.145,0.208,21.05,41.66,14.29,13.23,12.69,13.38,17.99,17.55,13.55,20.8
"2013-08-03 14:00:00",88799,0.096,0.145,0.208,21.35,43.63,14.54,13.34,12.69,13.37,18.17,17.82,13.55,20.93
"2013-08-03 14:15:00",88800,0.096,0.145,0.208,21.73,44.34,14.79,13.48,12.71,13.37,18.41,18.06,13.55,21.02
"2013-08-03 14:30:00",88801,0.096,0.145,0.208,21.59,45.27,15.05,13.62,12.71,13.38,18.72,18.26,13.55,21.29
"2013-08-03 14:45:00",88802,0.096,0.144,0.208,21.45,44.93,15.29,13.74,12.74,13.38,18.98,18.32,13.55,21.75
"2013-08-03 15:00:00",88803,0.096,0.144,0.208,21.24,44.96,15.49,13.88,12.74,13.37,19.04,18.31,13.55,22.56
"2013-08-03 15:15:00",88804,0.096,0.144,0.208,20.77,43.49,15.65,14,12.78,13.37,18.94,18.24,13.55,23.41
"2013-08-03 15:30:00",88805,0.096,0.144,0.208,20.26,44.63,15.77,14.1,12.8,13.37,18.79,18.12,13.55,24.25
"2013-08-03 15:45:00",88806,0.096,0.144,0.208,19.85,44.1,15.87,14.22,12.8,13.36,18.62,17.99,13.55,24.6
"2013-08-03 16:00:00",88807,0.096,0.144,0.208,19.47,43.78,15.94,14.32,12.83,13.36,18.47,17.86,13.55,23.96
"2013-08-03 16:15:00",88808,0.095,0.144,0.208,19.06,43.58,15.98,14.42,12.86,13.36,18.32,17.74,13.54,23.01
"2013-08-03 16:30:00",88809,0.095,0.144,0.208,18.65,43.15,16.03,14.51,12.89,13.36,18.15,17.61,13.54,22.17
"2013-08-03 16:45:00",88810,0.095,0.144,0.208,18.26,42.75,16.03,14.58,12.92,13.36,17.96,17.46,13.55,21.1
"2013-08-03 17:00:00",88811,0.095,0.144,0.208,17.85,41.99,16.01,14.67,12.96,13.37,17.75,17.31,13.55,20.08
"2013-08-03 17:15:00",88812,0.095,0.144,0.208,17.44,42.68,15.96,14.75,13,13.36,17.53,17.13,13.54,19.1
"2013-08-03 17:30:00",88813,0.095,0.144,0.208,17.03,42.31,15.91,14.79,13.02,13.35,17.3,16.95,13.55,18.3
"2013-08-03 17:45:00",88814,0.095,0.144,0.208,16.67,42.86,15.87,14.84,13.07,13.34,17.08,16.76,13.54,17.54
"2013-08-03 18:00:00",88815,0.095,0.144,0.208,16.37,41.3,15.78,14.86,13.09,13.33,16.86,16.57,13.54,16.94
"2013-08-03 18:15:00",88816,0.095,0.144,0.208,16.07,41.06,15.72,14.87,13.12,13.34,16.65,16.39,13.55,16.41
"2013-08-03 18:30:00",88817,0.095,0.144,0.208,15.81,40.98,15.64,14.89,13.16,13.35,16.44,16.22,13.55,15.92
"2013-08-03 18:45:00",88818,0.095,0.144,0.208,15.53,40.85,15.56,14.91,13.19,13.35,16.25,16.05,13.55,15.53
"2013-08-03 19:00:00",88819,0.095,0.144,0.208,15.3,41.32,15.47,14.9,13.21,13.35,16.07,15.89,13.55,15.26
"2013-08-03 19:15:00",88820,0.095,0.144,0.207,15.09,40.47,15.38,14.89,13.26,13.35,15.9,15.74,13.55,15.02
"2013-08-03 19:30:00",88821,0.095,0.144,0.207,14.89,39.59,15.29,14.88,13.28,13.35,15.74,15.6,13.55,14.71
"2013-08-03 19:45:00",88822,0.095,0.144,0.207,14.71,41.15,15.21,14.86,13.3,13.34,15.59,15.47,13.55,14.59
"2013-08-03 20:00:00",88823,0.096,0.144,0.207,14.57,47.48,15.11,14.86,13.32,13.35,15.45,15.35,13.55,14.47
"2013-08-03 20:15:00",88824,0.096,0.144,0.207,14.4,47.96,15,14.81,13.35,13.35,15.32,15.23,13.55,14.21
"2013-08-03 20:30:00",88825,0.096,0.144,0.207,14.24,47.92,14.9,14.79,13.38,13.34,15.19,15.12,13.55,13.92
"2013-08-03 20:45:00",88826,0.096,0.144,0.207,14.06,48.84,14.82,14.76,13.38,13.34,15.06,15.01,13.55,13.59
"2013-08-03 21:00:00",88827,0.096,0.144,0.208,13.88,47.95,14.74,14.72,13.4,13.34,14.93,14.9,13.55,13.26
"2013-08-03 21:15:00",88828,0.096,0.144,0.207,13.71,49.26,14.64,14.69,13.41,13.35,14.8,14.79,13.55,13
"2013-08-03 21:30:00",88829,0.096,0.144,0.208,13.57,48.83,14.56,14.64,13.43,13.34,14.68,14.68,13.55,12.7
"2013-08-03 21:45:00",88830,0.096,0.144,0.208,13.41,49.55,14.49,14.6,13.45,13.35,14.55,14.57,13.55,12.33
"2013-08-03 22:00:00",88831,0.096,0.144,0.207,13.27,49.54,14.42,14.57,13.46,13.35,14.43,14.46,13.55,11.96
"2013-08-03 22:15:00",88832,0.096,0.144,0.207,13.11,50.13,14.34,14.54,13.47,13.36,14.31,14.35,13.55,11.54
"2013-08-03 22:30:00",88833,0.096,0.144,0.207,12.97,50.68,14.25,14.5,13.47,13.36,14.2,14.24,13.54,11.24
"2013-08-03 22:45:00",88834,0.096,0.144,0.207,12.85,50.34,14.16,14.45,13.46,13.36,14.09,14.14,13.54,11.06
"2013-08-03 23:00:00",88835,0.096,0.144,0.207,12.74,50.8,14.09,14.42,13.46,13.36,13.99,14.04,13.54,10.9
"2013-08-03 23:15:00",88836,0.096,0.144,0.207,12.63,50.78,13.98,14.39,13.46,13.36,13.89,13.95,13.54,10.86
"2013-08-03 23:30:00",88837,0.096,0.144,0.207,12.51,52.4,13.9,14.33,13.46,13.37,13.8,13.87,13.55,10.79
"2013-08-03 23:45:00",88838,0.096,0.144,0.207,12.41,53.4,13.84,14.3,13.46,13.37,13.71,13.78,13.55,10.83
"2013-08-04 00:00:00",88839,0.096,0.144,0.207,12.35,52.58,13.77,14.26,13.47,13.37,13.63,13.71,13.55,10.95
"2013-08-04 00:15:00",88840,0.096,0.144,0.207,12.32,52.81,13.7,14.21,13.47,13.37,13.57,13.64,13.55,11.08
"2013-08-04 00:30:00",88841,0.096,0.144,0.207,12.27,52.19,13.64,14.18,13.47,13.37,13.51,13.59,13.54,11.18
"2013-08-04 00:45:00",88842,0.096,0.144,0.207,12.21,52.12,13.57,14.14,13.47,13.37,13.45,13.54,13.54,11.22
"2013-08-04 01:00:00",88843,0.096,0.144,0.207,12.19,52.65,13.53,14.09,13.48,13.36,13.4,13.49,13.54,11.29
"2013-08-04 01:15:00",88844,0.096,0.144,0.207,12.14,53.01,13.46,14.07,13.47,13.36,13.35,13.45,13.54,11.36
"2013-08-04 01:30:00",88845,0.096,0.144,0.207,12.09,53.31,13.43,14.05,13.47,13.36,13.3,13.4,13.54,11.33
"2013-08-04 01:45:00",88846,0.096,0.144,0.207,12.04,51.78,13.38,13.99,13.47,13.37,13.25,13.36,13.54,11.22
"2013-08-04 02:00:00",88847,0.096,0.144,0.207,11.96,52.44,13.33,13.95,13.47,13.37,13.2,13.32,13.54,11.06
"2013-08-04 02:15:00",88848,0.096,0.144,0.207,11.91,52.78,13.29,13.94,13.46,13.37,13.14,13.26,13.54,10.97
"2013-08-04 02:30:00",88849,0.096,0.144,0.207,11.85,52.51,13.23,13.89,13.46,13.37,13.08,13.21,13.54,10.99
"2013-08-04 02:45:00",88850,0.096,0.144,0.207,11.84,52.78,13.19,13.85,13.46,13.38,13.03,13.17,13.55,11.27
"2013-08-04 03:00:00",88851,0.096,0.144,0.207,11.87,51.46,13.15,13.84,13.46,13.39,13,13.14,13.54,11.77
"2013-08-04 03:15:00",88852,0.096,0.144,0.207,11.93,51.9,13.11,13.79,13.45,13.41,12.98,13.12,13.54,12.28
"2013-08-04 03:30:00",88853,0.096,0.144,0.207,11.97,51.81,13.04,13.76,13.43,13.4,12.98,13.12,13.55,12.65
"2013-08-04 03:45:00",88854,0.096,0.144,0.207,11.99,51.57,13.01,13.74,13.41,13.4,12.98,13.12,13.55,12.81
"2013-08-04 04:00:00",88855,0.096,0.144,0.207,11.99,49.07,12.98,13.71,13.4,13.4,12.98,13.13,13.55,12.93
"2013-08-04 04:15:00",88856,0.096,0.144,0.207,11.98,50.55,12.95,13.66,13.37,13.4,12.97,13.13,13.55,12.93
"2013-08-04 04:30:00",88857,0.096,0.144,0.207,11.94,51.31,12.92,13.63,13.36,13.4,12.96,13.13,13.55,12.72
"2013-08-04 04:45:00",88858,0.096,0.144,0.207,11.87,51.41,12.89,13.6,13.36,13.4,12.93,13.11,13.55,12.39
"2013-08-04 05:00:00",88859,0.096,0.144,0.207,11.81,50.66,12.88,13.6,13.36,13.4,12.89,13.08,13.55,12.12
"2013-08-04 05:15:00",88860,0.096,0.144,0.207,11.74,51.42,12.87,13.57,13.36,13.4,12.84,13.04,13.54,11.79
"2013-08-04 05:30:00",88861,0.096,0.144,0.207,11.69,51.83,12.84,13.54,13.36,13.4,12.8,13,13.54,11.43
"2013-08-04 05:45:00",88862,0.096,0.144,0.207,11.59,51.75,12.8,13.51,13.33,13.4,12.75,12.96,13.54,11.02
"2013-08-04 06:00:00",88863,0.096,0.144,0.207,11.48,51.9,12.76,13.49,13.32,13.4,12.69,12.91,13.54,10.61
"2013-08-04 06:15:00",88864,0.096,0.144,0.207,11.39,51.28,12.72,13.46,13.31,13.41,12.62,12.85,13.55,10.2
"2013-08-04 06:30:00",88865,0.096,0.144,0.207,11.3,51.48,12.7,13.44,13.3,13.41,12.55,12.79,13.55,9.88
"2013-08-04 06:45:00",88866,0.096,0.144,0.207,11.23,52.89,12.67,13.4,13.28,13.42,12.48,12.73,13.55,9.71
"2013-08-04 07:00:00",88867,0.096,0.144,0.207,11.18,51.41,12.62,13.36,13.28,13.42,12.43,12.67,13.55,9.73
"2013-08-04 07:15:00",88868,0.096,0.144,0.207,11.2,51.1,12.59,13.35,13.26,13.42,12.37,12.62,13.55,9.93
"2013-08-04 07:30:00",88869,0.096,0.144,0.207,11.23,51.41,12.54,13.33,13.25,13.42,12.35,12.59,13.55,10.18
"2013-08-04 07:45:00",88870,0.096,0.144,0.207,11.24,51.64,12.5,13.3,13.24,13.42,12.34,12.58,13.55,10.34
"2013-08-04 08:00:00",88871,0.096,0.144,0.207,11.28,50.98,12.48,13.26,13.23,13.42,12.33,12.57,13.55,10.63
"2013-08-04 08:15:00",88872,0.096,0.144,0.207,11.47,50.88,12.44,13.23,13.23,13.42,12.36,12.57,13.55,11.31
"2013-08-04 08:30:00",88873,0.096,0.144,0.207,11.75,51.05,12.41,13.22,13.21,13.42,12.46,12.62,13.55,12.12
"2013-08-04 08:45:00",88874,0.096,0.144,0.207,11.94,51.62,12.4,13.18,13.19,13.42,12.59,12.7,13.55,12.81
"2013-08-04 09:00:00",88875,0.096,0.144,0.207,12.12,50.84,12.4,13.16,13.17,13.43,12.71,12.79,13.55,13.4
"2013-08-04 09:15:00",88876,0.096,0.144,0.207,12.36,50.86,12.41,13.15,13.16,13.45,12.84,12.89,13.55,14.01
"2013-08-04 09:30:00",88877,0.096,0.143,0.207,12.66,51.3,12.43,13.14,13.16,13.45,12.98,13,13.55,14.92
"2013-08-04 09:45:00",88878,0.096,0.143,0.207,12.95,50.89,12.48,13.12,13.16,13.45,13.14,13.12,13.55,15.92
"2013-08-04 10:00:00",88879,0.096,0.143,0.207,13.3,49.21,12.53,13.11,13.15,13.45,13.33,13.28,13.55,16.64
"2013-08-04 10:15:00",88880,0.096,0.143,0.207,13.8,50.3,12.57,13.11,13.12,13.45,13.53,13.45,13.55,17.34
"2013-08-04 10:30:00",88881,0.096,0.143,0.207,14.31,49.89,12.64,13.1,13.1,13.46,13.77,13.7,13.55,17.89
"2013-08-04 10:45:00",88882,0.096,0.143,0.207,14.74,50.51,12.72,13.11,13.1,13.46,14.08,14.01,13.55,18.43
"2013-08-04 11:00:00",88883,0.096,0.143,0.207,15.29,51.83,12.84,13.13,13.09,13.47,14.53,14.32,13.55,18.87
"2013-08-04 11:15:00",88884,0.096,0.143,0.207,15.95,51.45,12.95,13.15,13.09,13.46,15.11,14.66,13.55,19.31
"2013-08-04 11:30:00",88885,0.095,0.143,0.207,16.58,52.12,13.11,13.19,13.08,13.46,15.73,15.02,13.55,19.63
"2013-08-04 11:45:00",88886,0.095,0.143,0.206,17.14,51.74,13.27,13.23,13.06,13.47,16.35,15.38,13.55,19.89
"2013-08-04 12:00:00",88887,0.095,0.143,0.206,17.42,51.54,13.43,13.25,13.05,13.47,16.84,15.81,13.55,20.18
"2013-08-04 12:15:00",88888,0.095,0.143,0.206,18.06,46.29,13.6,13.32,13.04,13.46,17.28,16.29,13.55,20.53
"2013-08-04 12:30:00",88889,0.095,0.143,0.206,19.3,41.54,13.78,13.37,13.04,13.47,17.71,16.77,13.55,20.8
"2013-08-04 12:45:00",88890,0.095,0.143,0.206,20.57,41.67,13.99,13.46,13.04,13.46,18.04,17.23,13.55,20.96
"2013-08-04 13:00:00",88891,0.095,0.143,0.206,21.55,42.76,14.26,13.55,13.04,13.46,18.36,17.65,13.55,21.18
"2013-08-04 13:15:00",88892,0.094,0.143,0.206,22.07,43.89,14.54,13.64,13.04,13.46,18.66,18.02,13.55,21.34
"2013-08-04 13:30:00",88893,0.094,0.143,0.206,22.08,44.67,14.82,13.75,13.04,13.46,18.9,18.34,13.55,21.48
"2013-08-04 13:45:00",88894,0.094,0.143,0.206,22.18,45.42,15.13,13.85,13.04,13.46,19.06,18.57,13.55,21.7
"2013-08-04 14:00:00",88895,0.094,0.143,0.206,22.42,46.42,15.4,13.97,13.04,13.46,19.22,18.79,13.55,21.92
"2013-08-04 14:15:00",88896,0.094,0.143,0.206,22.79,47.37,15.63,14.09,13.06,13.46,19.45,19,13.55,22.11
"2013-08-04 14:30:00",88897,0.094,0.143,0.206,22.67,47.58,15.84,14.21,13.08,13.46,19.76,19.19,13.55,22.33
"2013-08-04 14:45:00",88898,0.094,0.143,0.206,22.43,46.86,16.06,14.33,13.1,13.46,19.99,19.25,13.55,22.36
"2013-08-04 15:00:00",88899,0.094,0.143,0.206,21.92,48,16.26,14.46,13.12,13.46,20.01,19.21,13.55,22.17
"2013-08-04 15:15:00",88900,0.094,0.143,0.206,21.34,47.65,16.42,14.59,13.13,13.46,19.89,19.1,13.55,22.17
"2013-08-04 15:30:00",88901,0.094,0.143,0.206,20.81,46.93,16.52,14.74,13.14,13.46,19.73,18.95,13.55,21.53
"2013-08-04 15:45:00",88902,0.094,0.142,0.206,20.26,46.76,16.6,14.85,13.18,13.45,19.53,18.78,13.54,20.85
"2013-08-04 16:00:00",88903,0.094,0.142,0.206,19.75,46.6,16.63,14.96,13.22,13.46,19.3,18.59,13.54,20.29
"2013-08-04 16:15:00",88904,0.094,0.142,0.206,19.31,46.58,16.66,15.06,13.23,13.46,19.06,18.39,13.54,19.81
"2013-08-04 16:30:00",88905,0.094,0.142,0.206,18.93,46.69,16.64,15.13,13.27,13.47,18.83,18.19,13.55,19.49
"2013-08-04 16:45:00",88906,0.094,0.143,0.206,18.57,46.35,16.61,15.2,13.31,13.47,18.62,18.01,13.55,19.23
"2013-08-04 17:00:00",88907,0.094,0.142,0.206,18.25,46.49,16.58,15.26,13.33,13.47,18.42,17.84,13.54,18.87
"2013-08-04 17:15:00",88908,0.094,0.143,0.206,17.88,46.29,16.53,15.3,13.36,13.47,18.21,17.67,13.54,18.33
"2013-08-04 17:30:00",88909,0.094,0.142,0.206,17.5,45.9,16.46,15.33,13.41,13.46,17.99,17.49,13.54,17.72
"2013-08-04 17:45:00",88910,0.094,0.142,0.206,17.11,44.83,16.39,15.37,13.43,13.46,17.75,17.31,13.54,17.09
"2013-08-04 18:00:00",88911,0.094,0.142,0.206,16.77,44.36,16.31,15.38,13.46,13.46,17.52,17.11,13.55,16.61
"2013-08-04 18:15:00",88912,0.094,0.142,0.206,16.49,44.24,16.22,15.4,13.5,13.44,17.29,16.93,13.55,16.27
"2013-08-04 18:30:00",88913,0.094,0.142,0.206,16.24,44.35,16.13,15.4,13.53,13.44,17.08,16.75,13.55,15.85
"2013-08-04 18:45:00",88914,0.094,0.142,0.206,16,44.69,16.01,15.39,13.57,13.44,16.88,16.58,13.55,15.6
"2013-08-04 19:00:00",88915,0.094,0.142,0.206,15.79,44.22,15.93,15.37,13.6,13.44,16.69,16.42,13.55,15.39
"2013-08-04 19:15:00",88916,0.094,0.142,0.206,15.56,43.37,15.82,15.36,13.63,13.44,16.52,16.28,13.55,15.04
"2013-08-04 19:30:00",88917,0.094,0.142,0.206,15.31,42.29,15.74,15.36,13.64,13.44,16.34,16.13,13.55,14.49
"2013-08-04 19:45:00",88918,0.094,0.142,0.206,15.06,44.04,15.66,15.34,13.67,13.45,16.16,15.98,13.55,13.92
"2013-08-04 20:00:00",88919,0.094,0.142,0.206,14.82,47.9,15.57,15.31,13.69,13.45,15.99,15.83,13.55,13.42
"2013-08-04 20:15:00",88920,0.094,0.142,0.206,14.59,47.19,15.47,15.26,13.73,13.45,15.81,15.68,13.55,12.91
"2013-08-04 20:30:00",88921,0.094,0.142,0.206,14.35,47.97,15.37,15.22,13.73,13.45,15.64,15.53,13.55,12.37
"2013-08-04 20:45:00",88922,0.094,0.142,0.206,14.14,48.14,15.28,15.21,13.74,13.45,15.46,15.38,13.54,11.93
"2013-08-04 21:00:00",88923,0.094,0.142,0.206,13.94,48.45,15.18,15.18,13.76,13.46,15.3,15.23,13.54,11.49
"2013-08-04 21:15:00",88924,0.094,0.142,0.206,13.74,48.46,15.05,15.12,13.79,13.46,15.15,15.08,13.54,11.04
"2013-08-04 21:30:00",88925,0.094,0.142,0.206,13.53,48.61,14.95,15.08,13.8,13.46,14.99,14.94,13.54,10.63
"2013-08-04 21:45:00",88926,0.094,0.142,0.206,13.36,48.59,14.84,15.06,13.82,13.47,14.83,14.79,13.55,10.27
"2013-08-04 22:00:00",88927,0.094,0.142,0.206,13.18,48.64,14.74,15.01,13.84,13.47,14.68,14.65,13.55,9.97
"2013-08-04 22:15:00",88928,0.094,0.142,0.206,13.02,48.21,14.65,14.95,13.83,13.48,14.54,14.52,13.55,9.71
"2013-08-04 22:30:00",88929,0.094,0.142,0.206,12.84,45.83,14.55,14.9,13.82,13.47,14.4,14.39,13.54,9.44
"2013-08-04 22:45:00",88930,0.094,0.142,0.206,12.7,46.47,14.44,14.86,13.83,13.47,14.27,14.26,13.54,9.32
"2013-08-04 23:00:00",88931,0.094,0.142,0.206,12.59,47.65,14.35,14.8,13.83,13.47,14.14,14.15,13.54,9.3
"2013-08-04 23:15:00",88932,0.094,0.142,0.206,12.45,46.07,14.26,14.76,13.83,13.47,14.03,14.04,13.54,9.24
"2013-08-04 23:30:00",88933,0.094,0.142,0.205,12.34,45.53,14.17,14.7,13.83,13.47,13.93,13.94,13.54,9.12
"2013-08-04 23:45:00",88934,0.094,0.142,0.205,12.23,46.1,14.06,14.62,13.82,13.47,13.82,13.85,13.54,9.12
"2013-08-05 00:00:00",88935,0.094,0.142,0.205,12.14,46.32,13.96,14.56,13.82,13.47,13.73,13.75,13.54,9.17
"2013-08-05 00:15:00",88936,0.094,0.142,0.206,12.06,46.59,13.88,14.52,13.81,13.47,13.64,13.67,13.54,9.26
"2013-08-05 00:30:00",88937,0.094,0.142,0.206,12.02,47.34,13.81,14.48,13.81,13.47,13.56,13.59,13.54,9.41
"2013-08-05 00:45:00",88938,0.094,0.142,0.205,11.98,47.1,13.75,14.42,13.82,13.47,13.48,13.53,13.55,9.62
"2013-08-05 01:00:00",88939,0.094,0.142,0.205,11.95,47.63,13.67,14.38,13.82,13.48,13.42,13.47,13.55,9.79
"2013-08-05 01:15:00",88940,0.094,0.142,0.205,11.94,48.97,13.61,14.32,13.81,13.47,13.37,13.41,13.55,9.95
"2013-08-05 01:30:00",88941,0.094,0.142,0.205,11.92,49.69,13.55,14.28,13.8,13.49,13.32,13.37,13.55,10.2
"2013-08-05 01:45:00",88942,0.094,0.142,0.205,11.89,51.77,13.49,14.24,13.8,13.51,13.27,13.33,13.55,10.45
"2013-08-05 02:00:00",88943,0.094,0.142,0.205,11.88,52.73,13.46,14.19,13.78,13.51,13.24,13.3,13.55,10.65
"2013-08-05 02:15:00",88944,0.094,0.142,0.205,11.87,51.98,13.4,14.15,13.77,13.51,13.2,13.27,13.55,10.79
"2013-08-05 02:30:00",88945,0.094,0.142,0.205,11.84,52.62,13.36,14.1,13.75,13.51,13.16,13.24,13.55,10.81
"2013-08-05 02:45:00",88946,0.094,0.142,0.205,11.8,52.4,13.31,14.06,13.75,13.51,13.12,13.21,13.55,10.63
"2013-08-05 03:00:00",88947,0.094,0.142,0.205,11.7,50.84,13.26,14.05,13.72,13.51,13.07,13.17,13.55,10.31
"2013-08-05 03:15:00",88948,0.094,0.142,0.205,11.61,50.15,13.22,14,13.71,13.5,13.01,13.13,13.55,10
"2013-08-05 03:30:00",88949,0.094,0.142,0.205,11.51,51.32,13.18,13.95,13.7,13.51,12.94,13.07,13.55,9.66
"2013-08-05 03:45:00",88950,0.094,0.142,0.205,11.43,51.12,13.13,13.94,13.71,13.52,12.87,13.01,13.55,9.39
"2013-08-05 04:00:00",88951,0.094,0.142,0.205,11.33,51.89,13.07,13.89,13.69,13.52,12.8,12.94,13.54,9.12
"2013-08-05 04:15:00",88952,0.094,0.142,0.205,11.25,51.03,13,13.85,13.67,13.52,12.72,12.88,13.54,9.01
"2013-08-05 04:30:00",88953,0.094,0.142,0.205,11.21,50.66,12.96,13.81,13.66,13.52,12.65,12.82,13.54,8.99
"2013-08-05 04:45:00",88954,0.094,0.142,0.205,11.16,50.93,12.89,13.79,13.64,13.52,12.59,12.77,13.54,9.01
"2013-08-05 05:00:00",88955,0.094,0.142,0.205,11.11,51.49,12.84,13.74,13.62,13.52,12.54,12.72,13.54,9.06
"2013-08-05 05:15:00",88956,0.094,0.142,0.205,11.08,52.32,12.81,13.7,13.6,13.52,12.49,12.68,13.54,8.99
"2013-08-05 05:30:00",88957,0.094,0.142,0.205,11.03,51.15,12.74,13.67,13.58,13.52,12.44,12.63,13.54,8.88
"2013-08-05 05:45:00",88958,0.094,0.142,0.205,10.93,50.18,12.7,13.64,13.57,13.52,12.38,12.59,13.54,8.66
"2013-08-05 06:00:00",88959,0.095,0.142,0.205,10.82,51.21,12.66,13.59,13.57,13.53,12.32,12.54,13.54,8.35
"2013-08-05 06:15:00",88960,0.095,0.142,0.205,10.69,51.34,12.61,13.57,13.57,13.53,12.25,12.48,13.55,7.993
"2013-08-05 06:30:00",88961,0.095,0.142,0.205,10.6,50.86,12.56,13.53,13.54,13.54,12.17,12.4,13.55,7.706
"2013-08-05 06:45:00",88962,0.095,0.142,0.205,10.48,50.57,12.51,13.51,13.51,13.55,12.09,12.33,13.54,7.464
"2013-08-05 07:00:00",88963,0.095,0.142,0.205,10.4,50.84,12.46,13.45,13.48,13.56,12.01,12.26,13.54,7.29
"2013-08-05 07:15:00",88964,0.095,0.142,0.205,10.32,49.66,12.42,13.4,13.48,13.56,11.93,12.19,13.54,7.159
"2013-08-05 07:30:00",88965,0.095,0.142,0.205,10.24,50.49,12.36,13.36,13.45,13.57,11.87,12.12,13.54,7.071
"2013-08-05 07:45:00",88966,0.095,0.142,0.205,10.18,50.97,12.32,13.31,13.44,13.57,11.81,12.06,13.54,7.114
"2013-08-05 08:00:00",88967,0.095,0.142,0.205,10.26,50.8,12.26,13.29,13.43,13.58,11.76,12.01,13.54,7.487
"2013-08-05 08:15:00",88968,0.095,0.142,0.205,10.46,51.43,12.22,13.26,13.42,13.58,11.77,11.99,13.54,8.35
"2013-08-05 08:30:00",88969,0.095,0.142,0.205,10.84,50.81,12.17,13.2,13.41,13.57,11.86,12.02,13.55,9.75
"2013-08-05 08:45:00",88970,0.095,0.142,0.205,11.47,50.87,12.14,13.18,13.38,13.57,12.01,12.12,13.55,11.08
"2013-08-05 09:00:00",88971,0.094,0.142,0.205,12.12,50.33,12.14,13.14,13.37,13.56,12.19,12.3,13.55,12.16
"2013-08-05 09:15:00",88972,0.094,0.142,0.205,12.49,50.42,12.17,13.12,13.36,13.56,12.41,12.53,13.55,13.12
"2013-08-05 09:30:00",88973,0.094,0.142,0.205,12.66,51.56,12.2,13.09,13.33,13.55,12.61,12.74,13.55,13.94
"2013-08-05 09:45:00",88974,0.094,0.142,0.205,12.76,51.02,12.28,13.06,13.3,13.55,12.77,12.9,13.55,14.71
"2013-08-05 10:00:00",88975,0.094,0.142,0.205,12.96,50.81,12.34,13.05,13.31,13.57,12.89,13.03,13.55,15.41
"2013-08-05 10:15:00",88976,0.094,0.141,0.205,13.43,50.36,12.42,13.06,13.3,13.58,13.03,13.18,13.55,16.02
"2013-08-05 10:30:00",88977,0.094,0.141,0.205,13.89,51.46,12.5,13.06,13.27,13.58,13.22,13.39,13.55,16.59
"2013-08-05 10:45:00",88978,0.094,0.141,0.205,14.35,51.94,12.58,13.08,13.25,13.59,13.53,13.68,13.55,17.14
"2013-08-05 11:00:00",88979,0.094,0.141,0.205,14.86,52.95,12.67,13.08,13.22,13.58,14,13.98,13.55,17.69
"2013-08-05 11:15:00",88980,0.094,0.141,0.205,15.49,52.52,12.8,13.11,13.21,13.59,14.58,14.33,13.55,18.2
"2013-08-05 11:30:00",88981,0.094,0.141,0.204,16.19,51.78,12.93,13.14,13.22,13.59,15.21,14.7,13.55,18.71
"2013-08-05 11:45:00",88982,0.094,0.141,0.204,16.73,51.56,13.12,13.18,13.2,13.59,15.83,15.06,13.55,19.26
"2013-08-05 12:00:00",88983,0.094,0.141,0.204,17.25,51.48,13.27,13.22,13.19,13.59,16.31,15.5,13.55,19.7
"2013-08-05 12:15:00",88984,0.093,0.141,0.204,18.19,45.68,13.44,13.27,13.18,13.59,16.76,15.99,13.55,20.1
"2013-08-05 12:30:00",88985,0.093,0.141,0.204,19.39,43.01,13.64,13.33,13.16,13.59,17.22,16.49,13.55,20.56
"2013-08-05 12:45:00",88986,0.093,0.141,0.204,20.57,42.52,13.85,13.4,13.15,13.59,17.57,16.96,13.55,20.85
"2013-08-05 13:00:00",88987,0.093,0.141,0.205,21.48,43.38,14.13,13.5,13.14,13.59,17.91,17.39,13.55,21.07
"2013-08-05 13:15:00",88988,0.093,0.141,0.204,21.95,45.29,14.42,13.6,13.13,13.59,18.21,17.78,13.55,21.26
"2013-08-05 13:30:00",88989,0.093,0.141,0.204,22.11,45.54,14.71,13.71,13.14,13.6,18.47,18.12,13.55,21.4
"2013-08-05 13:45:00",88990,0.093,0.141,0.204,22.28,45.17,15.02,13.82,13.14,13.6,18.69,18.4,13.55,21.62
"2013-08-05 14:00:00",88991,0.093,0.141,0.204,22.52,45.36,15.31,13.94,13.13,13.59,18.88,18.66,13.55,21.84
"2013-08-05 14:15:00",88992,0.093,0.141,0.204,22.85,46.45,15.56,14.05,13.15,13.58,19.15,18.9,13.55,22.11
"2013-08-05 14:30:00",88993,0.093,0.141,0.204,22.81,48.16,15.78,14.18,13.17,13.58,19.48,19.1,13.55,22.67
"2013-08-05 14:45:00",88994,0.093,0.141,0.204,22.77,48.12,16,14.31,13.18,13.58,19.76,19.18,13.55,23.27
"2013-08-05 15:00:00",88995,0.093,0.141,0.204,22.52,47.51,16.23,14.43,13.21,13.59,19.83,19.22,13.55,23.7
"2013-08-05 15:15:00",88996,0.092,0.141,0.204,21.98,47.21,16.4,14.56,13.23,13.58,19.76,19.18,13.55,24.48
"2013-08-05 15:30:00",88997,0.092,0.141,0.204,21.44,47.07,16.54,14.71,13.25,13.57,19.65,19.08,13.55,24.78
"2013-08-05 15:45:00",88998,0.092,0.141,0.204,20.99,46.65,16.65,14.84,13.29,13.57,19.53,18.96,13.55,25.16
"2013-08-05 16:00:00",88999,0.092,0.141,0.204,20.62,46.3,16.73,14.98,13.3,13.56,19.42,18.82,13.55,24.78
"2013-08-05 16:15:00",89000,0.092,0.141,0.204,20.21,46.09,16.77,15.06,13.33,13.57,19.28,18.69,13.55,24.19
"2013-08-05 16:30:00",89001,0.092,0.141,0.204,19.8,45.94,16.78,15.16,13.36,13.56,19.13,18.57,13.55,23.52
"2013-08-05 16:45:00",89002,0.092,0.141,0.204,19.41,45.79,16.79,15.23,13.4,13.57,18.95,18.43,13.54,22.59
"2013-08-05 17:00:00",89003,0.092,0.14,0.204,19,45.8,16.77,15.32,13.41,13.56,18.75,18.27,13.55,21.59
"2013-08-05 17:15:00",89004,0.092,0.14,0.204,18.58,45.75,16.74,15.37,13.46,13.56,18.53,18.1,13.54,20.72
"2013-08-05 17:30:00",89005,0.092,0.14,0.204,18.22,45.68,16.72,15.42,13.48,13.57,18.31,17.92,13.54,19.92
"2013-08-05 17:45:00",89006,0.092,0.14,0.204,17.89,46.02,16.66,15.45,13.51,13.58,18.08,17.74,13.55,19.18
"2013-08-05 18:00:00",89007,0.093,0.14,0.204,17.56,46.05,16.59,15.49,13.57,13.57,17.86,17.56,13.55,18.46
"2013-08-05 18:15:00",89008,0.092,0.14,0.204,17.24,45.78,16.52,15.52,13.59,13.57,17.65,17.38,13.55,17.74
"2013-08-05 18:30:00",89009,0.093,0.14,0.204,16.93,45.98,16.44,15.53,13.62,13.57,17.45,17.2,13.54,17.14
"2013-08-05 18:45:00",89010,0.092,0.14,0.204,16.68,45.58,16.36,15.54,13.67,13.58,17.25,17.03,13.54,16.64
"2013-08-05 19:00:00",89011,0.092,0.14,0.204,16.43,46.14,16.27,15.54,13.69,13.58,17.06,16.87,13.55,16.09
"2013-08-05 19:15:00",89012,0.092,0.14,0.204,16.17,45.17,16.19,15.54,13.73,13.57,16.87,16.7,13.55,15.43
"2013-08-05 19:30:00",89013,0.092,0.14,0.204,15.9,44.09,16.08,15.53,13.76,13.56,16.68,16.54,13.55,14.78
"2013-08-05 19:45:00",89014,0.092,0.14,0.204,15.61,43.61,15.97,15.5,13.77,13.55,16.49,16.37,13.55,14.06
"2013-08-05 20:00:00",89015,0.092,0.14,0.204,15.33,43.23,15.87,15.49,13.8,13.55,16.3,16.2,13.55,13.42
"2013-08-05 20:15:00",89016,0.092,0.14,0.204,15.07,47.13,15.78,15.46,13.83,13.55,16.11,16.03,13.55,12.81
"2013-08-05 20:30:00",89017,0.093,0.14,0.204,14.81,47.42,15.68,15.45,13.83,13.56,15.93,15.86,13.55,12.26
"2013-08-05 20:45:00",89018,0.093,0.14,0.204,14.57,47.76,15.6,15.43,13.86,13.56,15.74,15.69,13.54,11.82
"2013-08-05 21:00:00",89019,0.093,0.14,0.204,14.36,47.14,15.49,15.38,13.89,13.57,15.56,15.53,13.54,11.31
"2013-08-05 21:15:00",89020,0.093,0.14,0.204,14.12,47.29,15.39,15.34,13.9,13.58,15.39,15.37,13.54,10.79
"2013-08-05 21:30:00",89021,0.093,0.14,0.204,13.88,47.28,15.29,15.31,13.93,13.58,15.2,15.21,13.54,10.27
"2013-08-05 21:45:00",89022,0.093,0.14,0.204,13.7,47.27,15.17,15.27,13.94,13.58,15.03,15.05,13.55,10.02
"2013-08-05 22:00:00",89023,0.093,0.14,0.204,13.55,47.58,15.05,15.21,13.94,13.58,14.87,14.9,13.55,9.86
"2013-08-05 22:15:00",89024,0.093,0.14,0.204,13.39,47.4,14.94,15.18,13.95,13.6,14.73,14.76,13.55,9.71
"2013-08-05 22:30:00",89025,0.093,0.14,0.204,13.25,48.19,14.83,15.14,13.95,13.6,14.61,14.64,13.55,9.75
"2013-08-05 22:45:00",89026,0.093,0.14,0.204,13.19,48.11,14.73,15.09,13.96,13.59,14.5,14.52,13.55,10.02
"2013-08-05 23:00:00",89027,0.093,0.14,0.204,13.17,47.78,14.64,15.06,13.97,13.6,14.41,14.44,13.55,10.43
"2013-08-05 23:15:00",89028,0.093,0.14,0.204,13.12,47.58,14.54,15,13.98,13.6,14.35,14.37,13.55,10.72
"2013-08-05 23:30:00",89029,0.093,0.14,0.204,13.06,46.81,14.47,14.94,13.98,13.6,14.28,14.31,13.55,10.9
"2013-08-05 23:45:00",89030,0.093,0.14,0.204,13.01,46.29,14.38,14.89,13.99,13.6,14.22,14.25,13.55,11.08
"2013-08-06 00:00:00",89031,0.093,0.14,0.204,12.96,47.23,14.31,14.83,13.98,13.6,14.16,14.2,13.55,11.13
"2013-08-06 00:15:00",89032,0.093,0.14,0.204,12.89,46.98,14.24,14.79,13.97,13.6,14.11,14.14,13.54,11.2
"2013-08-06 00:30:00",89033,0.093,0.14,0.204,12.85,46.07,14.18,14.74,13.97,13.6,14.05,14.09,13.54,11.33
"2013-08-06 00:45:00",89034,0.093,0.14,0.204,12.82,46.02,14.13,14.69,13.97,13.6,14,14.04,13.54,11.38
"2013-08-06 01:00:00",89035,0.093,0.14,0.203,12.76,46.66,14.04,14.62,13.96,13.6,13.95,14,13.54,11.31
"2013-08-06 01:15:00",89036,0.093,0.14,0.203,12.68,46.92,13.98,14.56,13.94,13.6,13.89,13.95,13.54,11.22
"2013-08-06 01:30:00",89037,0.093,0.14,0.203,12.61,46.97,13.93,14.54,13.94,13.6,13.83,13.9,13.54,11.13
"2013-08-06 01:45:00",89038,0.093,0.14,0.203,12.49,47.48,13.88,14.49,13.94,13.6,13.77,13.85,13.54,10.88
"2013-08-06 02:00:00",89039,0.093,0.14,0.203,12.36,47.2,13.82,14.45,13.94,13.6,13.71,13.79,13.54,10.49
"2013-08-06 02:15:00",89040,0.093,0.14,0.203,12.25,47.79,13.77,14.42,13.94,13.62,13.62,13.72,13.55,10.18
"2013-08-06 02:30:00",89041,0.093,0.14,0.203,12.17,47.33,13.72,14.39,13.94,13.62,13.55,13.65,13.55,9.97
"2013-08-06 02:45:00",89042,0.093,0.14,0.203,12.05,49.63,13.67,14.34,13.93,13.62,13.46,13.57,13.55,9.71
"2013-08-06 03:00:00",89043,0.093,0.14,0.203,11.93,49.97,13.61,14.3,13.91,13.62,13.38,13.5,13.55,9.44
"2013-08-06 03:15:00",89044,0.093,0.14,0.203,11.83,50.05,13.55,14.27,13.9,13.62,13.29,13.41,13.54,9.15
"2013-08-06 03:30:00",89045,0.093,0.14,0.203,11.71,50.42,13.49,14.23,13.89,13.61,13.21,13.34,13.54,8.88
"2013-08-06 03:45:00",89046,0.093,0.14,0.203,11.64,50.33,13.43,14.18,13.86,13.61,13.12,13.26,13.54,8.7
"2013-08-06 04:00:00",89047,0.093,0.14,0.203,11.54,50.29,13.38,14.15,13.85,13.61,13.05,13.18,13.54,8.48
"2013-08-06 04:15:00",89048,0.093,0.14,0.203,11.44,50.68,13.31,14.12,13.84,13.62,12.96,13.1,13.54,8.33
"2013-08-06 04:30:00",89049,0.093,0.14,0.203,11.34,50.21,13.27,14.07,13.81,13.62,12.88,13.03,13.55,8.17
"2013-08-06 04:45:00",89050,0.093,0.14,0.203,11.26,50.97,13.19,14.03,13.81,13.62,12.8,12.96,13.55,7.993
"2013-08-06 05:00:00",89051,0.093,0.14,0.203,11.15,49.97,13.15,14.01,13.8,13.62,12.72,12.89,13.54,7.794
"2013-08-06 05:15:00",89052,0.093,0.14,0.203,11.03,49.61,13.08,13.97,13.78,13.63,12.64,12.81,13.54,7.575
"2013-08-06 05:30:00",89053,0.093,0.14,0.203,10.87,49.53,12.99,13.93,13.77,13.63,12.54,12.72,13.54,7.29
"2013-08-06 05:45:00",89054,0.093,0.14,0.203,10.76,49,12.93,13.88,13.77,13.63,12.45,12.64,13.54,7.049
"2013-08-06 06:00:00",89055,0.093,0.14,0.203,10.64,50.12,12.86,13.84,13.75,13.64,12.37,12.56,13.54,6.809
