"TOA5","WTC10","CR1000","33265","CR1000.Std.19","CPU:WTCsensors_Ch10.CR1","12640","Table1"
"TIMESTAMP","RECORD","VW_Avg(1)","VW_Avg(2)","VW_Avg(3)","SoilTempProbe_Avg(1)","SoilTempProbe_Avg(2)","SoilTempProbe_Avg(3)","SoilTempProbe_Avg(4)","SoilTempProbe_Avg(5)","SoilTempProbe_Avg(6)","SoilTemp_Avg(1)","SoilTemp_Avg(2)","BattV_Min","PTemp"
"TS","RN","","","","Deg C","Deg C","Deg C","Deg C","Deg C","Deg C","Deg C","Deg C","Volts",""
"","","Avg","Avg","Avg","Avg","Avg","Avg","Avg","Avg","Avg","Avg","Avg","Min","Smp"
"2013-07-31 06:15:00",83870,0.118,0.191,0.211,14.04,14.32,14.38,13.84,13.98,13.31,14.66,14.4,13.44,14.21
"2013-07-31 06:30:00",83871,0.118,0.191,0.211,14.03,14.32,14.37,13.84,13.98,13.31,14.65,14.39,13.44,14.21
"2013-07-31 06:45:00",83872,0.118,0.191,0.211,14.04,14.32,14.38,13.84,13.98,13.31,14.65,14.39,13.44,14.25
"2013-07-31 07:00:00",83873,0.118,0.191,0.211,14.03,14.32,14.37,13.84,13.98,13.31,14.64,14.38,13.44,14.28
"2013-07-31 07:15:00",83874,0.118,0.191,0.211,14.03,14.31,14.38,13.84,13.98,13.31,14.63,14.38,13.44,14.32
"2013-07-31 07:30:00",83875,0.118,0.191,0.211,14.03,14.3,14.36,13.84,13.98,13.31,14.62,14.37,13.44,14.37
"2013-07-31 07:45:00",83876,0.118,0.191,0.211,14.03,14.31,14.36,13.84,13.98,13.31,14.62,14.37,13.44,14.44
"2013-07-31 08:00:00",83877,0.118,0.191,0.211,14.06,14.32,14.36,13.84,13.98,13.31,14.62,14.37,13.44,14.59
"2013-07-31 08:15:00",83878,0.118,0.191,0.211,14.12,14.32,14.36,13.84,13.97,13.31,14.64,14.38,13.44,14.68
"2013-07-31 08:30:00",83879,0.118,0.191,0.211,14.17,14.35,14.36,13.83,13.98,13.32,14.66,14.4,13.44,14.75
"2013-07-31 08:45:00",83880,0.118,0.191,0.211,14.26,14.36,14.36,13.83,13.98,13.31,14.69,14.42,13.44,14.97
"2013-07-31 09:00:00",83881,0.118,0.191,0.211,14.42,14.45,14.36,13.83,13.98,13.32,14.74,14.47,13.44,15.26
"2013-07-31 09:15:00",83882,0.118,0.191,0.211,14.61,14.55,14.37,13.82,13.98,13.32,14.82,14.54,13.44,15.58
"2013-07-31 09:30:00",83883,0.118,0.191,0.211,14.81,14.64,14.39,13.82,13.98,13.32,14.92,14.62,13.44,15.82
"2013-07-31 09:45:00",83884,0.118,0.191,0.211,14.96,14.75,14.4,13.82,13.98,13.34,15.03,14.72,13.44,15.97
"2013-07-31 10:00:00",83885,0.118,0.191,0.211,15.1,14.84,14.42,13.83,13.98,13.33,15.13,14.81,13.44,16.24
"2013-07-31 10:15:00",83886,0.118,0.191,0.211,15.33,14.97,14.47,13.82,13.97,13.34,15.24,14.91,13.44,16.59
"2013-07-31 10:30:00",83887,0.118,0.191,0.211,15.5,15.08,14.5,13.83,13.99,13.35,15.37,15.02,13.44,16.96
"2013-07-31 10:45:00",83888,0.118,0.191,0.211,15.68,15.21,14.55,13.84,13.99,13.35,15.49,15.12,13.44,17.39
"2013-07-31 11:00:00",83889,0.118,0.191,0.211,15.83,15.33,14.62,13.87,14,13.35,15.63,15.24,13.44,17.72
"2013-07-31 11:15:00",83890,0.118,0.191,0.211,15.91,15.43,14.66,13.88,14.01,13.35,15.76,15.34,13.44,18.02
"2013-07-31 11:30:00",83891,0.118,0.191,0.211,15.99,15.53,14.71,13.91,14.01,13.35,15.88,15.42,13.44,18.23
"2013-07-31 11:45:00",83892,0.118,0.191,0.211,15.94,15.59,14.77,13.91,14.01,13.35,15.97,15.49,13.44,18.05
"2013-07-31 12:00:00",83893,0.118,0.191,0.211,15.89,15.6,14.81,13.93,14.01,13.35,16.02,15.53,13.44,17.77
"2013-07-31 12:15:00",83894,0.118,0.19,0.211,15.93,15.62,14.87,13.96,14.01,13.35,16.04,15.55,13.44,17.72
"2013-07-31 12:30:00",83895,0.118,0.19,0.211,16.13,15.69,14.89,14,14.01,13.35,16.1,15.6,13.44,17.99
"2013-07-31 12:45:00",83896,0.118,0.19,0.211,16.27,15.81,14.96,14.01,14.01,13.35,16.2,15.69,13.44,18.23
"2013-07-31 13:00:00",83897,0.118,0.19,0.211,16.22,15.87,15.01,14.02,14.01,13.35,16.28,15.76,13.44,18.3
"2013-07-31 13:15:00",83898,0.118,0.19,0.211,16.18,15.9,15.06,14.05,14.02,13.35,16.33,15.8,13.44,18.28
"2013-07-31 13:30:00",83899,0.118,0.19,0.211,16.22,15.93,15.08,14.09,14.02,13.35,16.35,15.82,13.44,18.33
"2013-07-31 13:45:00",83900,0.118,0.19,0.211,16.33,15.96,15.14,14.11,14.02,13.35,16.4,15.86,13.44,18.51
"2013-07-31 14:00:00",83901,0.118,0.19,0.211,16.39,16.02,15.17,14.11,14.02,13.35,16.46,15.92,13.44,18.58
"2013-07-31 14:15:00",83902,0.118,0.19,0.211,16.31,16.06,15.19,14.14,14.03,13.35,16.51,15.97,13.44,18.43
"2013-07-31 14:30:00",83903,0.118,0.19,0.211,16.2,16.06,15.23,14.17,14.04,13.35,16.51,15.98,13.44,18.02
"2013-07-31 14:45:00",83904,0.118,0.19,0.211,16.1,16,15.26,14.21,14.06,13.35,16.48,15.96,13.44,17.66
"2013-07-31 15:00:00",83905,0.118,0.19,0.211,16.02,15.96,15.27,14.21,14.07,13.35,16.44,15.93,13.44,17.46
"2013-07-31 15:15:00",83906,0.118,0.19,0.211,15.94,15.93,15.28,14.24,14.07,13.36,16.4,15.9,13.44,17.34
"2013-07-31 15:30:00",83907,0.118,0.19,0.211,15.88,15.89,15.29,14.26,14.09,13.36,16.36,15.87,13.44,17.26
"2013-07-31 15:45:00",83908,0.118,0.19,0.211,15.82,15.84,15.3,14.29,14.1,13.35,16.32,15.83,13.44,17.16
"2013-07-31 16:00:00",83909,0.118,0.19,0.211,15.78,15.83,15.31,14.31,14.1,13.37,16.28,15.8,13.44,17.04
"2013-07-31 16:15:00",83910,0.118,0.19,0.211,15.7,15.77,15.31,14.32,14.1,13.37,16.24,15.78,13.44,16.91
"2013-07-31 16:30:00",83911,0.118,0.19,0.211,15.64,15.72,15.31,14.34,14.11,13.37,16.21,15.74,13.44,16.76
"2013-07-31 16:45:00",83912,0.118,0.19,0.211,15.57,15.68,15.29,14.34,14.11,13.37,16.16,15.71,13.44,16.61
"2013-07-31 17:00:00",83913,0.118,0.19,0.211,15.51,15.62,15.28,14.35,14.12,13.38,16.12,15.67,13.44,16.46
"2013-07-31 17:15:00",83914,0.118,0.19,0.211,15.45,15.57,15.27,14.36,14.13,13.38,16.07,15.63,13.44,16.27
"2013-07-31 17:30:00",83915,0.118,0.19,0.211,15.34,15.55,15.26,14.38,14.14,13.39,16.03,15.59,13.44,15.85
"2013-07-31 17:45:00",83916,0.118,0.19,0.211,15.24,15.48,15.26,14.4,14.16,13.39,15.97,15.55,13.44,15.17
"2013-07-31 18:00:00",83917,0.118,0.19,0.211,15.11,15.43,15.25,14.41,14.16,13.39,15.91,15.5,13.44,14.42
"2013-07-31 18:15:00",83918,0.118,0.19,0.211,14.96,15.34,15.23,14.41,14.17,13.4,15.83,15.42,13.43,13.68
"2013-07-31 18:30:00",83919,0.118,0.19,0.211,14.82,15.26,15.22,14.41,14.17,13.4,15.74,15.34,13.43,12.93
"2013-07-31 18:45:00",83920,0.118,0.19,0.211,14.62,15.15,15.18,14.42,14.17,13.4,15.65,15.25,13.43,12.21
"2013-07-31 19:00:00",83921,0.118,0.19,0.211,14.41,15.04,15.14,14.42,14.18,13.39,15.54,15.14,13.43,11.56
"2013-07-31 19:15:00",83922,0.118,0.19,0.211,14.21,14.91,15.09,14.41,14.18,13.39,15.41,15.01,13.42,11.02
"2013-07-31 19:30:00",83923,0.118,0.19,0.211,14.05,14.79,15.06,14.39,14.19,13.38,15.29,14.89,13.42,10.56
"2013-07-31 19:45:00",83924,0.118,0.19,0.211,13.91,14.66,15,14.37,14.2,13.37,15.17,14.76,13.42,10.16
"2013-07-31 20:00:00",83925,0.118,0.19,0.211,13.78,14.54,14.96,14.35,14.22,13.37,15.05,14.64,13.42,9.93
"2013-07-31 20:15:00",83926,0.118,0.19,0.211,13.65,14.41,14.89,14.33,14.23,13.38,14.94,14.53,13.42,9.68
"2013-07-31 20:30:00",83927,0.118,0.19,0.211,13.5,14.29,14.82,14.3,14.24,13.38,14.83,14.42,13.42,9.41
"2013-07-31 20:45:00",83928,0.118,0.19,0.21,13.33,14.18,14.78,14.28,14.24,13.38,14.72,14.31,13.43,9.26
"2013-07-31 21:00:00",83929,0.118,0.19,0.21,13.23,14.08,14.7,14.26,14.24,13.39,14.61,14.19,13.42,9.24
"2013-07-31 21:15:00",83930,0.118,0.19,0.21,13.17,13.98,14.66,14.24,14.24,13.38,14.52,14.1,13.42,9.12
"2013-07-31 21:30:00",83931,0.118,0.19,0.21,13.07,13.91,14.6,14.23,14.24,13.4,14.43,14.01,13.42,9.08
"2013-07-31 21:45:00",83932,0.118,0.19,0.21,12.99,13.83,14.54,14.2,14.24,13.4,14.34,13.92,13.42,9.24
"2013-07-31 22:00:00",83933,0.118,0.19,0.21,12.95,13.75,14.48,14.16,14.24,13.4,14.27,13.85,13.42,9.46
"2013-07-31 22:15:00",83934,0.118,0.19,0.21,12.91,13.69,14.43,14.14,14.24,13.41,14.2,13.78,13.43,9.71
"2013-07-31 22:30:00",83935,0.118,0.19,0.21,12.89,13.65,14.37,14.13,14.25,13.4,14.14,13.73,13.43,9.95
"2013-07-31 22:45:00",83936,0.118,0.19,0.21,12.87,13.62,14.33,14.08,14.24,13.41,14.1,13.69,13.43,10.13
"2013-07-31 23:00:00",83937,0.118,0.19,0.21,12.87,13.58,14.27,14.05,14.24,13.42,14.06,13.66,13.43,10.31
"2013-07-31 23:15:00",83938,0.118,0.19,0.21,12.89,13.56,14.21,14.04,14.24,13.42,14.03,13.63,13.43,10.49
"2013-07-31 23:30:00",83939,0.118,0.19,0.21,12.89,13.53,14.16,14,14.24,13.42,14,13.62,13.42,10.65
"2013-07-31 23:45:00",83940,0.118,0.19,0.21,12.87,13.54,14.12,13.96,14.23,13.42,13.98,13.6,13.42,10.79
"2013-08-01 00:00:00",83941,0.118,0.19,0.21,12.84,13.51,14.09,13.94,14.23,13.42,13.96,13.58,13.42,10.86
"2013-08-01 00:15:00",83942,0.118,0.19,0.21,12.82,13.49,14.07,13.92,14.22,13.42,13.93,13.56,13.42,10.86
"2013-08-01 00:30:00",83943,0.118,0.19,0.21,12.79,13.47,14.04,13.9,14.21,13.42,13.9,13.54,13.42,10.83
"2013-08-01 00:45:00",83944,0.118,0.19,0.21,12.78,13.43,14,13.88,14.18,13.42,13.87,13.52,13.42,10.72
"2013-08-01 01:00:00",83945,0.118,0.19,0.21,12.73,13.41,13.99,13.85,14.19,13.42,13.84,13.49,13.42,10.49
"2013-08-01 01:15:00",83946,0.118,0.19,0.21,12.66,13.38,13.96,13.82,14.18,13.42,13.81,13.45,13.42,10.06
"2013-08-01 01:30:00",83947,0.118,0.19,0.21,12.53,13.3,13.93,13.81,14.17,13.43,13.76,13.41,13.42,9.59
"2013-08-01 01:45:00",83948,0.118,0.19,0.21,12.4,13.25,13.9,13.79,14.16,13.43,13.7,13.34,13.42,9.1
"2013-08-01 02:00:00",83949,0.118,0.19,0.21,12.26,13.15,13.86,13.77,14.15,13.45,13.62,13.26,13.42,8.68
"2013-08-01 02:15:00",83950,0.118,0.19,0.21,12.16,13.04,13.85,13.76,14.15,13.45,13.54,13.18,13.42,8.3
"2013-08-01 02:30:00",83951,0.118,0.19,0.21,12.04,12.96,13.79,13.72,14.15,13.46,13.46,13.09,13.42,7.927
"2013-08-01 02:45:00",83952,0.118,0.19,0.21,11.92,12.88,13.75,13.69,14.14,13.46,13.38,13,13.42,7.598
"2013-08-01 03:00:00",83953,0.118,0.19,0.21,11.81,12.78,13.71,13.67,14.13,13.45,13.3,12.92,13.42,7.311
"2013-08-01 03:15:00",83954,0.118,0.19,0.21,11.71,12.68,13.65,13.65,14.11,13.47,13.21,12.83,13.42,7.094
"2013-08-01 03:30:00",83955,0.118,0.19,0.21,11.58,12.61,13.61,13.63,14.11,13.47,13.13,12.74,13.42,6.787
"2013-08-01 03:45:00",83956,0.118,0.19,0.21,11.44,12.51,13.55,13.59,14.11,13.46,13.04,12.64,13.42,6.504
"2013-08-01 04:00:00",83957,0.118,0.19,0.21,11.33,12.42,13.49,13.56,14.1,13.47,12.94,12.54,13.41,6.287
"2013-08-01 04:15:00",83958,0.118,0.19,0.21,11.2,12.32,13.46,13.52,14.1,13.47,12.85,12.44,13.42,6.005
"2013-08-01 04:30:00",83959,0.118,0.19,0.21,11.08,12.24,13.38,13.5,14.09,13.48,12.75,12.34,13.41,5.765
"2013-08-01 04:45:00",83960,0.118,0.19,0.21,10.96,12.13,13.33,13.47,14.08,13.46,12.65,12.23,13.41,5.571
"2013-08-01 05:00:00",83961,0.118,0.19,0.21,10.86,12.04,13.26,13.41,14.08,13.46,12.56,12.14,13.41,5.354
"2013-08-01 05:15:00",83962,0.118,0.19,0.21,10.75,11.95,13.2,13.38,14.06,13.45,12.47,12.03,13.41,5.268
"2013-08-01 05:30:00",83963,0.118,0.19,0.21,10.64,11.84,13.12,13.34,14.06,13.45,12.38,11.94,13.41,5.203
"2013-08-01 05:45:00",83964,0.118,0.19,0.21,10.5,11.73,13.08,13.3,14.05,13.45,12.29,11.85,13.41,5.074
"2013-08-01 06:00:00",83965,0.118,0.19,0.21,10.41,11.64,13,13.26,14.02,13.46,12.2,11.76,13.41,4.923
"2013-08-01 06:15:00",83966,0.118,0.19,0.21,10.3,11.56,12.95,13.24,14.01,13.45,12.12,11.67,13.42,4.771
"2013-08-01 06:30:00",83967,0.118,0.19,0.21,10.19,11.46,12.89,13.2,13.98,13.45,12.03,11.58,13.41,4.665
"2013-08-01 06:45:00",83968,0.118,0.19,0.21,10.09,11.37,12.83,13.15,13.97,13.44,11.94,11.49,13.42,4.536
"2013-08-01 07:00:00",83969,0.118,0.19,0.21,10,11.28,12.75,13.12,13.97,13.44,11.86,11.4,13.42,4.471
"2013-08-01 07:15:00",83970,0.118,0.19,0.21,9.91,11.2,12.65,13.08,13.97,13.45,11.77,11.31,13.42,4.493
"2013-08-01 07:30:00",83971,0.118,0.19,0.21,9.85,11.13,12.58,13.03,13.95,13.45,11.69,11.22,13.41,4.557
"2013-08-01 07:45:00",83972,0.118,0.19,0.21,9.84,11.06,12.52,13.01,13.92,13.46,11.62,11.15,13.41,4.622
"2013-08-01 08:00:00",83973,0.118,0.19,0.21,9.83,11.02,12.46,12.95,13.91,13.46,11.57,11.1,13.41,4.708
"2013-08-01 08:15:00",83974,0.118,0.19,0.21,9.84,10.98,12.41,12.91,13.88,13.45,11.53,11.05,13.41,4.923
"2013-08-01 08:30:00",83975,0.118,0.19,0.21,9.87,10.95,12.36,12.88,13.87,13.47,11.5,11.02,13.41,5.225
"2013-08-01 08:45:00",83976,0.118,0.19,0.21,9.96,10.95,12.32,12.82,13.87,13.47,11.49,11.01,13.42,5.571
"2013-08-01 09:00:00",83977,0.118,0.19,0.21,10.08,11,12.26,12.77,13.87,13.47,11.49,11.02,13.42,6.068
"2013-08-01 09:15:00",83978,0.118,0.19,0.21,10.22,11.04,12.24,12.74,13.83,13.48,11.52,11.06,13.42,6.656
"2013-08-01 09:30:00",83979,0.118,0.19,0.21,10.43,11.12,12.23,12.71,13.82,13.48,11.57,11.12,13.41,7.399
"2013-08-01 09:45:00",83980,0.118,0.19,0.21,10.74,11.22,12.2,12.66,13.78,13.48,11.66,11.22,13.41,8.13
"2013-08-01 10:00:00",83981,0.118,0.19,0.21,11.06,11.36,12.19,12.64,13.77,13.48,11.77,11.35,13.41,8.94
"2013-08-01 10:15:00",83982,0.118,0.19,0.21,11.53,11.57,12.21,12.62,13.77,13.48,11.91,11.52,13.41,9.88
"2013-08-01 10:30:00",83983,0.118,0.19,0.21,12.09,11.85,12.24,12.6,13.75,13.5,12.08,11.74,13.41,10.9
"2013-08-01 10:45:00",83984,0.118,0.19,0.21,13.04,12.22,12.3,12.57,13.71,13.51,12.31,12.01,13.4,11.91
"2013-08-01 11:00:00",83985,0.118,0.19,0.21,13.9,12.7,12.36,12.57,13.71,13.51,12.63,12.36,13.41,13.42
"2013-08-01 11:15:00",83986,0.118,0.19,0.21,14.52,13.21,12.46,12.55,13.7,13.5,13.13,12.79,13.42,14.23
"2013-08-01 11:30:00",83987,0.118,0.19,0.21,15.11,13.67,12.61,12.55,13.66,13.5,13.71,13.33,13.42,15.09
"2013-08-01 11:45:00",83988,0.118,0.19,0.21,16.23,14.18,12.8,12.58,13.65,13.49,14.27,13.94,13.42,16
"2013-08-01 12:00:00",83989,0.118,0.19,0.21,17.48,14.89,12.99,12.6,13.63,13.48,14.82,14.57,13.43,16.91
"2013-08-01 12:15:00",83990,0.118,0.19,0.21,18.43,15.6,13.22,12.63,13.64,13.48,15.31,15.17,13.43,17.72
"2013-08-01 12:30:00",83991,0.118,0.19,0.21,19.3,16.3,13.47,12.68,13.62,13.48,15.74,15.74,13.44,18.38
"2013-08-01 12:45:00",83992,0.118,0.19,0.21,20.07,16.94,13.76,12.75,13.6,13.48,16.18,16.26,13.44,18.92
"2013-08-01 13:00:00",83993,0.118,0.19,0.21,20.56,17.55,14.06,12.84,13.58,13.49,16.64,16.67,13.44,19.39
"2013-08-01 13:15:00",83994,0.118,0.19,0.21,20.64,17.96,14.4,12.95,13.58,13.48,17.07,16.9,13.44,20.05
"2013-08-01 13:30:00",83995,0.118,0.19,0.21,20.49,18.22,14.7,13.06,13.58,13.49,17.37,16.99,13.44,21.02
"2013-08-01 13:45:00",83996,0.117,0.19,0.21,20.08,18.32,14.97,13.17,13.57,13.49,17.61,17.02,13.44,22.08
"2013-08-01 14:00:00",83997,0.117,0.19,0.209,19.89,18.31,15.21,13.3,13.57,13.5,17.89,17.01,13.44,23.15
"2013-08-01 14:15:00",83998,0.117,0.19,0.209,19.79,18.31,15.41,13.42,13.58,13.49,18.2,17,13.44,24.04
"2013-08-01 14:30:00",83999,0.117,0.19,0.209,19.94,18.35,15.56,13.56,13.58,13.48,18.46,16.97,13.44,24.75
"2013-08-01 14:45:00",84000,0.117,0.19,0.209,19.87,18.44,15.73,13.68,13.6,13.48,18.61,16.93,13.45,25.52
"2013-08-01 15:00:00",84001,0.117,0.189,0.209,19.57,18.43,15.87,13.79,13.61,13.49,18.63,16.89,13.44,26.25
"2013-08-01 15:15:00",84002,0.117,0.189,0.209,19.28,18.34,15.98,13.89,13.61,13.48,18.57,16.85,13.45,26.87
"2013-08-01 15:30:00",84003,0.117,0.189,0.209,19.01,18.24,16.07,13.99,13.65,13.48,18.47,16.81,13.45,26.96
"2013-08-01 15:45:00",84004,0.117,0.189,0.209,18.77,18.14,16.15,14.07,13.69,13.48,18.36,16.78,13.45,26.28
"2013-08-01 16:00:00",84005,0.117,0.189,0.209,18.53,18.02,16.19,14.16,13.7,13.47,18.23,16.75,13.45,25.46
"2013-08-01 16:15:00",84006,0.117,0.189,0.209,18.29,17.89,16.23,14.23,13.71,13.48,18.1,16.71,13.45,24.42
"2013-08-01 16:30:00",84007,0.116,0.189,0.209,18.05,17.76,16.26,14.3,13.75,13.48,17.98,16.66,13.45,22.98
"2013-08-01 16:45:00",84008,0.116,0.189,0.209,17.82,17.62,16.26,14.38,13.77,13.47,17.85,16.61,13.45,21.51
"2013-08-01 17:00:00",84009,0.116,0.189,0.209,17.59,17.47,16.25,14.47,13.8,13.47,17.72,16.55,13.44,19.94
"2013-08-01 17:15:00",84010,0.116,0.189,0.209,17.32,17.33,16.23,14.49,13.82,13.45,17.58,16.47,13.43,18.51
"2013-08-01 17:30:00",84011,0.116,0.189,0.209,17.03,17.16,16.21,14.57,13.86,13.44,17.43,16.37,13.43,17.14
"2013-08-01 17:45:00",84012,0.116,0.189,0.209,16.77,16.97,16.21,14.59,13.87,13.44,17.27,16.26,13.43,15.85
"2013-08-01 18:00:00",84013,0.116,0.189,0.209,16.49,16.77,16.16,14.63,13.92,13.44,17.11,16.14,13.44,14.73
"2013-08-01 18:15:00",84014,0.116,0.189,0.209,16.21,16.61,16.11,14.65,13.93,13.45,16.93,16.01,13.43,13.73
"2013-08-01 18:30:00",84015,0.116,0.189,0.209,15.98,16.42,16.05,14.67,13.94,13.45,16.76,15.86,13.44,12.93
"2013-08-01 18:45:00",84016,0.116,0.189,0.209,15.76,16.26,16.01,14.66,13.98,13.45,16.58,15.72,13.43,12.21
"2013-08-01 19:00:00",84017,0.116,0.189,0.209,15.55,16.09,15.94,14.68,14.03,13.46,16.42,15.58,13.43,11.7
"2013-08-01 19:15:00",84018,0.116,0.189,0.209,15.34,15.92,15.87,14.7,14.04,13.46,16.26,15.45,13.43,11.24
"2013-08-01 19:30:00",84019,0.116,0.189,0.209,15.13,15.76,15.77,14.69,14.05,13.46,16.11,15.33,13.42,10.77
"2013-08-01 19:45:00",84020,0.116,0.189,0.209,14.9,15.58,15.7,14.69,14.09,13.46,15.96,15.2,13.42,10.29
"2013-08-01 20:00:00",84021,0.116,0.189,0.209,14.66,15.42,15.61,14.67,14.11,13.47,15.81,15.06,13.41,9.84
"2013-08-01 20:15:00",84022,0.116,0.189,0.209,14.45,15.27,15.53,14.65,14.12,13.47,15.65,14.91,13.41,9.48
"2013-08-01 20:30:00",84023,0.116,0.189,0.209,14.27,15.1,15.44,14.62,14.14,13.46,15.49,14.77,13.4,9.17
"2013-08-01 20:45:00",84024,0.116,0.189,0.209,14.12,14.96,15.37,14.62,14.14,13.47,15.35,14.64,13.4,8.97
"2013-08-01 21:00:00",84025,0.116,0.189,0.209,13.99,14.84,15.29,14.62,14.15,13.46,15.22,14.52,13.39,8.86
"2013-08-01 21:15:00",84026,0.116,0.189,0.209,13.86,14.71,15.21,14.59,14.18,13.47,15.09,14.41,13.39,8.72
"2013-08-01 21:30:00",84027,0.116,0.189,0.209,13.74,14.59,15.14,14.55,14.2,13.47,14.97,14.3,13.38,8.57
"2013-08-01 21:45:00",84028,0.116,0.189,0.209,13.61,14.45,15.06,14.5,14.21,13.47,14.86,14.19,13.38,8.39
"2013-08-01 22:00:00",84029,0.116,0.189,0.209,13.44,14.32,14.98,14.48,14.22,13.47,14.75,14.09,13.38,8.15
"2013-08-01 22:15:00",84030,0.116,0.189,0.209,13.31,14.2,14.88,14.46,14.23,13.47,14.63,13.99,13.38,7.927
"2013-08-01 22:30:00",84031,0.116,0.189,0.209,13.2,14.1,14.81,14.42,14.24,13.47,14.52,13.89,13.37,7.774
"2013-08-01 22:45:00",84032,0.116,0.189,0.209,13.08,14,14.74,14.35,14.24,13.46,14.42,13.79,13.37,7.686
"2013-08-01 23:00:00",84033,0.116,0.189,0.209,12.95,13.9,14.65,14.32,14.23,13.46,14.32,13.69,13.37,7.532
"2013-08-01 23:15:00",84034,0.116,0.189,0.209,12.8,13.78,14.61,14.28,14.24,13.47,14.22,13.6,13.37,7.245
"2013-08-01 23:30:00",84035,0.116,0.189,0.209,12.65,13.66,14.53,14.24,14.23,13.46,14.11,13.49,13.36,7.006
"2013-08-01 23:45:00",84036,0.116,0.189,0.209,12.48,13.55,14.46,14.21,14.24,13.46,13.99,13.38,13.35,6.787
"2013-08-02 00:00:00",84037,0.116,0.189,0.209,12.34,13.44,14.4,14.18,14.23,13.46,13.87,13.26,13.33,6.59
"2013-08-02 00:15:00",84038,0.116,0.189,0.209,12.21,13.32,14.31,14.13,14.24,13.45,13.76,13.15,13.26,6.373
"2013-08-02 00:30:00",84039,0.116,0.189,0.209,12.08,13.21,14.21,14.09,14.24,13.46,13.65,13.04,13.19,6.156
"2013-08-02 00:45:00",84040,0.116,0.189,0.209,11.96,13.07,14.14,14.06,14.22,13.45,13.54,12.93,13.17,5.939
"2013-08-02 01:00:00",84041,0.116,0.189,0.209,11.83,12.96,14.06,14,14.23,13.46,13.43,12.83,13.42,5.788
"2013-08-02 01:15:00",84042,0.116,0.189,0.209,11.72,12.86,13.99,13.97,14.22,13.46,13.33,12.73,13.46,5.614
"2013-08-02 01:30:00",84043,0.116,0.189,0.209,11.6,12.74,13.91,13.94,14.21,13.45,13.22,12.62,13.46,5.377
"2013-08-02 01:45:00",84044,0.116,0.189,0.209,11.45,12.62,13.83,13.89,14.21,13.44,13.12,12.52,13.47,5.246
"2013-08-02 02:00:00",84045,0.116,0.189,0.209,11.34,12.53,13.76,13.85,14.19,13.45,13.01,12.41,13.47,5.117
"2013-08-02 02:15:00",84046,0.116,0.189,0.209,11.24,12.43,13.68,13.79,14.19,13.45,12.91,12.31,13.47,5.051
"2013-08-02 02:30:00",84047,0.116,0.189,0.209,11.13,12.33,13.61,13.74,14.19,13.45,12.81,12.22,13.47,4.988
"2013-08-02 02:45:00",84048,0.116,0.189,0.209,11.05,12.24,13.54,13.71,14.18,13.45,12.72,12.13,13.47,4.859
"2013-08-02 03:00:00",84049,0.116,0.189,0.209,10.94,12.15,13.46,13.66,14.17,13.45,12.63,12.04,13.47,4.728
"2013-08-02 03:15:00",84050,0.116,0.189,0.209,10.83,12.05,13.38,13.61,14.16,13.46,12.53,11.94,13.47,4.816
"2013-08-02 03:30:00",84051,0.116,0.189,0.209,10.76,11.97,13.32,13.58,14.15,13.46,12.44,11.85,13.47,5.031
"2013-08-02 03:45:00",84052,0.116,0.189,0.209,10.74,11.91,13.23,13.51,14.14,13.47,12.36,11.78,13.47,5.44
"2013-08-02 04:00:00",84053,0.116,0.189,0.209,10.74,11.83,13.18,13.48,14.12,13.47,12.3,11.72,13.47,5.851
"2013-08-02 04:15:00",84054,0.116,0.189,0.209,10.75,11.78,13.11,13.4,14.11,13.47,12.25,11.68,13.47,6.242
"2013-08-02 04:30:00",84055,0.116,0.189,0.209,10.76,11.73,13.06,13.36,14.09,13.48,12.22,11.65,13.47,6.59
"2013-08-02 04:45:00",84056,0.116,0.189,0.209,10.76,11.71,13.01,13.31,14.08,13.48,12.19,11.63,13.47,6.852
"2013-08-02 05:00:00",84057,0.116,0.189,0.209,10.76,11.71,12.97,13.29,14.08,13.48,12.17,11.62,13.47,6.963
"2013-08-02 05:15:00",84058,0.116,0.189,0.209,10.73,11.69,12.91,13.24,14.05,13.48,12.14,11.6,13.47,6.983
"2013-08-02 05:30:00",84059,0.116,0.189,0.209,10.69,11.65,12.89,13.2,14.03,13.48,12.11,11.58,13.47,6.94
"2013-08-02 05:45:00",84060,0.116,0.189,0.209,10.64,11.61,12.84,13.16,14.01,13.47,12.08,11.55,13.47,6.787
"2013-08-02 06:00:00",84061,0.116,0.189,0.209,10.57,11.59,12.78,13.14,13.98,13.48,12.04,11.52,13.47,6.635
"2013-08-02 06:15:00",84062,0.116,0.189,0.209,10.5,11.54,12.74,13.09,13.96,13.48,12,11.48,13.47,6.461
"2013-08-02 06:30:00",84063,0.116,0.189,0.209,10.46,11.5,12.68,13.04,13.96,13.48,11.96,11.44,13.47,6.242
"2013-08-02 06:45:00",84064,0.116,0.189,0.209,10.39,11.46,12.62,13.03,13.96,13.48,11.91,11.4,13.47,6.091
"2013-08-02 07:00:00",84065,0.116,0.189,0.209,10.34,11.4,12.6,13,13.94,13.49,11.86,11.35,13.47,6.068
"2013-08-02 07:15:00",84066,0.116,0.189,0.209,10.32,11.37,12.56,12.95,13.91,13.49,11.81,11.3,13.47,6.156
"2013-08-02 07:30:00",84067,0.116,0.189,0.209,10.32,11.33,12.51,12.91,13.88,13.49,11.77,11.26,13.47,6.287
"2013-08-02 07:45:00",84068,0.116,0.189,0.209,10.34,11.29,12.48,12.91,13.87,13.49,11.74,11.24,13.47,6.59
"2013-08-02 08:00:00",84069,0.116,0.189,0.209,10.38,11.28,12.44,12.85,13.87,13.49,11.73,11.23,13.47,6.94
"2013-08-02 08:15:00",84070,0.116,0.189,0.209,10.45,11.28,12.41,12.8,13.87,13.48,11.74,11.24,13.47,7.311
"2013-08-02 08:30:00",84071,0.116,0.189,0.208,10.52,11.32,12.38,12.77,13.83,13.48,11.76,11.26,13.47,7.751
"2013-08-02 08:45:00",84072,0.116,0.189,0.209,10.68,11.36,12.37,12.75,13.81,13.48,11.8,11.29,13.47,8.23
"2013-08-02 09:00:00",84073,0.116,0.189,0.208,10.85,11.42,12.36,12.72,13.77,13.48,11.85,11.34,13.47,8.7
"2013-08-02 09:15:00",84074,0.116,0.189,0.209,11.06,11.51,12.35,12.68,13.77,13.48,11.94,11.42,13.47,9.24
"2013-08-02 09:30:00",84075,0.116,0.189,0.209,11.26,11.63,12.36,12.67,13.77,13.48,12.04,11.52,13.47,9.79
"2013-08-02 09:45:00",84076,0.116,0.189,0.208,11.51,11.75,12.37,12.66,13.75,13.48,12.17,11.64,13.48,10.47
"2013-08-02 10:00:00",84077,0.116,0.189,0.208,11.83,11.93,12.38,12.63,13.72,13.49,12.33,11.79,13.48,11.2
"2013-08-02 10:15:00",84078,0.116,0.189,0.208,12.24,12.13,12.41,12.6,13.69,13.5,12.5,11.96,13.47,12.02
"2013-08-02 10:30:00",84079,0.116,0.189,0.208,12.82,12.38,12.43,12.6,13.7,13.51,12.71,12.17,13.47,12.74
"2013-08-02 10:45:00",84080,0.116,0.189,0.208,13.23,12.67,12.5,12.59,13.7,13.51,12.95,12.4,13.47,13.19
"2013-08-02 11:00:00",84081,0.116,0.189,0.208,13.67,12.95,12.57,12.59,13.65,13.51,13.19,12.63,13.47,13.64
"2013-08-02 11:15:00",84082,0.116,0.189,0.208,13.89,13.24,12.68,12.59,13.65,13.5,13.47,12.85,13.47,13.94
"2013-08-02 11:30:00",84083,0.116,0.189,0.208,14.26,13.5,12.81,12.6,13.61,13.5,13.74,13.08,13.47,14.52
"2013-08-02 11:45:00",84084,0.116,0.189,0.208,15.11,13.83,12.93,12.62,13.61,13.5,14.09,13.38,13.47,15.21
"2013-08-02 12:00:00",84085,0.116,0.189,0.208,16.09,14.32,13.05,12.66,13.62,13.5,14.52,13.74,13.47,16.04
"2013-08-02 12:15:00",84086,0.116,0.189,0.208,17.11,14.91,13.21,12.69,13.6,13.49,14.94,14.1,13.47,17.06
"2013-08-02 12:30:00",84087,0.116,0.189,0.208,18.09,15.54,13.39,12.72,13.58,13.49,15.35,14.46,13.47,17.95
"2013-08-02 12:45:00",84088,0.116,0.189,0.208,18.76,16.16,13.62,12.76,13.59,13.49,15.81,14.84,13.47,18.74
"2013-08-02 13:00:00",84089,0.116,0.189,0.208,19.39,16.71,13.87,12.84,13.56,13.49,16.28,15.17,13.47,19.52
"2013-08-02 13:15:00",84090,0.116,0.189,0.208,19.59,17.16,14.12,12.93,13.55,13.49,16.71,15.42,13.47,20.37
"2013-08-02 13:30:00",84091,0.116,0.189,0.208,19.55,17.46,14.42,13.01,13.54,13.49,17.01,15.62,13.47,21.34
"2013-08-02 13:45:00",84092,0.116,0.189,0.208,19.43,17.62,14.66,13.11,13.54,13.49,17.27,15.77,13.47,22.22
"2013-08-02 14:00:00",84093,0.116,0.189,0.208,19.53,17.75,14.88,13.22,13.55,13.5,17.59,15.89,13.48,23.1
"2013-08-02 14:15:00",84094,0.116,0.189,0.208,19.63,17.89,15.08,13.32,13.55,13.49,17.93,16,13.47,23.96
"2013-08-02 14:30:00",84095,0.116,0.189,0.208,19.92,18.06,15.25,13.42,13.56,13.5,18.22,16.07,13.48,24.57
"2013-08-02 14:45:00",84096,0.116,0.189,0.208,19.87,18.21,15.41,13.56,13.58,13.51,18.4,16.13,13.48,24.22
"2013-08-02 15:00:00",84097,0.116,0.188,0.208,19.46,18.22,15.57,13.65,13.59,13.51,18.43,16.17,13.48,23.55
"2013-08-02 15:15:00",84098,0.116,0.188,0.208,19.16,18.14,15.72,13.75,13.59,13.51,18.36,16.2,13.48,23.61
"2013-08-02 15:30:00",84099,0.116,0.188,0.208,18.96,18.07,15.84,13.84,13.61,13.5,18.3,16.22,13.48,23.84
"2013-08-02 15:45:00",84100,0.116,0.188,0.208,18.81,18.01,15.92,13.92,13.63,13.5,18.23,16.27,13.48,23.81
"2013-08-02 16:00:00",84101,0.115,0.188,0.208,18.67,17.94,15.99,14.01,13.66,13.5,18.18,16.31,13.48,23.72
"2013-08-02 16:15:00",84102,0.115,0.188,0.208,18.51,17.88,16.03,14.09,13.69,13.51,18.12,16.36,13.47,23.21
"2013-08-02 16:30:00",84103,0.115,0.188,0.208,18.3,17.79,16.08,14.17,13.7,13.49,18.05,16.38,13.47,22.45
"2013-08-02 16:45:00",84104,0.115,0.188,0.208,18.06,17.68,16.11,14.24,13.71,13.49,17.96,16.38,13.47,21.56
"2013-08-02 17:00:00",84105,0.115,0.188,0.208,17.83,17.56,16.11,14.29,13.75,13.49,17.84,16.35,13.47,20.56
"2013-08-02 17:15:00",84106,0.115,0.188,0.208,17.61,17.43,16.14,14.36,13.77,13.48,17.72,16.31,13.47,19.55
"2013-08-02 17:30:00",84107,0.115,0.188,0.208,17.38,17.3,16.14,14.43,13.8,13.47,17.59,16.25,13.47,18.61
"2013-08-02 17:45:00",84108,0.115,0.188,0.208,17.11,17.14,16.13,14.48,13.82,13.46,17.45,16.19,13.47,17.69
"2013-08-02 18:00:00",84109,0.115,0.188,0.208,16.89,16.98,16.11,14.51,13.87,13.46,17.31,16.1,13.48,16.91
"2013-08-02 18:15:00",84110,0.115,0.188,0.208,16.66,16.82,16.09,14.56,13.87,13.46,17.16,16.01,13.47,16.22
"2013-08-02 18:30:00",84111,0.115,0.188,0.208,16.47,16.67,16.06,14.58,13.91,13.46,17.02,15.92,13.47,15.82
"2013-08-02 18:45:00",84112,0.115,0.188,0.208,16.28,16.54,16.01,14.59,13.93,13.46,16.88,15.83,13.47,15.7
"2013-08-02 19:00:00",84113,0.115,0.188,0.207,16.16,16.42,15.95,14.61,13.93,13.45,16.75,15.75,13.47,15.46
"2013-08-02 19:15:00",84114,0.115,0.188,0.207,16.02,16.31,15.93,14.64,13.97,13.45,16.64,15.67,13.47,14.95
"2013-08-02 19:30:00",84115,0.115,0.188,0.207,15.86,16.19,15.87,14.65,14,13.45,16.52,15.59,13.47,14.25
"2013-08-02 19:45:00",84116,0.115,0.188,0.207,15.69,16.07,15.83,14.65,14.03,13.46,16.4,15.5,13.47,13.71
"2013-08-02 20:00:00",84117,0.115,0.188,0.207,15.54,15.95,15.78,14.65,14.04,13.46,16.28,15.41,13.48,13.33
"2013-08-02 20:15:00",84118,0.115,0.188,0.207,15.33,15.83,15.7,14.65,14.05,13.46,16.16,15.32,13.48,12.91
"2013-08-02 20:30:00",84119,0.115,0.188,0.208,15.15,15.66,15.62,14.64,14.08,13.46,16.04,15.22,13.48,12.37
"2013-08-02 20:45:00",84120,0.115,0.188,0.207,14.97,15.54,15.57,14.63,14.1,13.46,15.91,15.11,13.47,11.86
"2013-08-02 21:00:00",84121,0.115,0.188,0.208,14.81,15.4,15.51,14.62,14.13,13.46,15.78,15,13.47,11.43
"2013-08-02 21:15:00",84122,0.115,0.188,0.208,14.69,15.29,15.46,14.62,14.14,13.47,15.66,14.9,13.47,11.08
"2013-08-02 21:30:00",84123,0.115,0.188,0.208,14.59,15.19,15.39,14.61,14.14,13.47,15.56,14.81,13.47,10.74
"2013-08-02 21:45:00",84124,0.115,0.188,0.207,14.42,15.08,15.31,14.59,14.14,13.46,15.46,14.72,13.47,10.31
"2013-08-02 22:00:00",84125,0.115,0.188,0.207,14.26,14.96,15.27,14.57,14.14,13.46,15.35,14.63,13.47,9.93
"2013-08-02 22:15:00",84126,0.115,0.188,0.207,14.15,14.88,15.19,14.52,14.17,13.47,15.24,14.53,13.47,9.93
"2013-08-02 22:30:00",84127,0.114,0.188,0.207,14.07,14.77,15.15,14.5,14.19,13.47,15.14,14.45,13.47,9.91
"2013-08-02 22:45:00",84128,0.114,0.188,0.207,13.96,14.68,15.08,14.49,14.19,13.47,15.05,14.37,13.47,9.88
"2013-08-02 23:00:00",84129,0.114,0.188,0.207,13.87,14.58,15.02,14.48,14.21,13.47,14.96,14.29,13.47,9.93
"2013-08-02 23:15:00",84130,0.114,0.188,0.207,13.8,14.5,14.95,14.44,14.23,13.47,14.87,14.22,13.47,10.13
"2013-08-02 23:30:00",84131,0.114,0.188,0.207,13.74,14.41,14.9,14.4,14.22,13.47,14.79,14.15,13.47,10.36
"2013-08-02 23:45:00",84132,0.114,0.188,0.207,13.66,14.33,14.82,14.37,14.23,13.47,14.72,14.1,13.47,10.4
"2013-08-03 00:00:00",84133,0.114,0.188,0.207,13.58,14.26,14.78,14.33,14.23,13.47,14.65,14.04,13.47,10.47
"2013-08-03 00:15:00",84134,0.114,0.188,0.207,13.51,14.19,14.72,14.29,14.23,13.46,14.58,13.98,13.47,10.47
"2013-08-03 00:30:00",84135,0.114,0.188,0.207,13.41,14.12,14.68,14.26,14.23,13.46,14.52,13.92,13.47,10.43
"2013-08-03 00:45:00",84136,0.114,0.188,0.207,13.34,14.06,14.65,14.25,14.24,13.47,14.45,13.86,13.47,10.4
"2013-08-03 01:00:00",84137,0.114,0.188,0.207,13.27,14,14.58,14.22,14.23,13.47,14.39,13.81,13.47,10.2
"2013-08-03 01:15:00",84138,0.114,0.188,0.207,13.18,13.94,14.54,14.18,14.23,13.47,14.33,13.75,13.47,10
"2013-08-03 01:30:00",84139,0.114,0.188,0.207,13.09,13.86,14.49,14.15,14.23,13.47,14.26,13.69,13.47,9.68
"2013-08-03 01:45:00",84140,0.114,0.188,0.207,12.98,13.79,14.43,14.14,14.24,13.47,14.18,13.61,13.47,9.28
"2013-08-03 02:00:00",84141,0.114,0.188,0.207,12.85,13.7,14.4,14.12,14.24,13.47,14.1,13.54,13.47,8.94
"2013-08-03 02:15:00",84142,0.114,0.188,0.207,12.77,13.62,14.34,14.09,14.24,13.48,14.02,13.46,13.47,8.61
"2013-08-03 02:30:00",84143,0.114,0.188,0.207,12.62,13.52,14.29,14.05,14.24,13.48,13.93,13.38,13.47,8.21
"2013-08-03 02:45:00",84144,0.114,0.188,0.207,12.48,13.44,14.21,14.01,14.24,13.48,13.84,13.29,13.47,7.927
"2013-08-03 03:00:00",84145,0.114,0.188,0.207,12.39,13.35,14.16,13.99,14.23,13.47,13.76,13.21,13.47,7.794
"2013-08-03 03:15:00",84146,0.114,0.188,0.207,12.34,13.27,14.08,13.97,14.23,13.47,13.67,13.13,13.47,7.817
"2013-08-03 03:30:00",84147,0.114,0.188,0.207,12.29,13.2,14.04,13.93,14.22,13.48,13.61,13.06,13.47,7.882
"2013-08-03 03:45:00",84148,0.114,0.188,0.207,12.22,13.11,13.98,13.89,14.21,13.48,13.55,13.01,13.47,7.97
"2013-08-03 04:00:00",84149,0.114,0.188,0.207,12.17,13.04,13.95,13.87,14.21,13.48,13.49,12.95,13.47,7.97
"2013-08-03 04:15:00",84150,0.114,0.188,0.207,12.1,12.99,13.88,13.84,14.2,13.48,13.43,12.9,13.47,7.927
"2013-08-03 04:30:00",84151,0.114,0.188,0.207,12.02,12.93,13.83,13.8,14.19,13.48,13.37,12.84,13.47,7.774
"2013-08-03 04:45:00",84152,0.114,0.188,0.207,11.94,12.88,13.78,13.76,14.18,13.48,13.31,12.78,13.47,7.618
"2013-08-03 05:00:00",84153,0.114,0.188,0.207,11.88,12.79,13.74,13.76,14.16,13.48,13.24,12.72,13.47,7.444
"2013-08-03 05:15:00",84154,0.114,0.188,0.207,11.81,12.74,13.7,13.72,14.15,13.48,13.18,12.66,13.47,7.202
"2013-08-03 05:30:00",84155,0.114,0.188,0.207,11.73,12.66,13.64,13.67,14.15,13.47,13.12,12.6,13.47,6.918
"2013-08-03 05:45:00",84156,0.114,0.188,0.207,11.66,12.6,13.59,13.65,14.14,13.48,13.05,12.53,13.47,6.701
"2013-08-03 06:00:00",84157,0.114,0.188,0.207,11.56,12.54,13.54,13.62,14.13,13.48,12.98,12.47,13.47,6.482
"2013-08-03 06:15:00",84158,0.114,0.188,0.207,11.47,12.46,13.49,13.59,14.11,13.48,12.91,12.4,13.47,6.242
"2013-08-03 06:30:00",84159,0.114,0.188,0.207,11.38,12.4,13.46,13.55,14.11,13.48,12.84,12.33,13.47,5.939
"2013-08-03 06:45:00",84160,0.114,0.188,0.207,11.25,12.32,13.4,13.51,14.1,13.49,12.76,12.25,13.47,5.657
"2013-08-03 07:00:00",84161,0.114,0.188,0.207,11.14,12.23,13.35,13.49,14.08,13.49,12.68,12.16,13.47,5.377
"2013-08-03 07:15:00",84162,0.114,0.188,0.207,11.03,12.14,13.28,13.45,14.07,13.49,12.59,12.07,13.47,5.031
"2013-08-03 07:30:00",84163,0.114,0.188,0.207,10.93,12.04,13.22,13.37,14.07,13.49,12.5,11.98,13.47,4.816
"2013-08-03 07:45:00",84164,0.114,0.188,0.207,10.85,11.96,13.17,13.35,14.06,13.49,12.42,11.89,13.47,4.859
"2013-08-03 08:00:00",84165,0.114,0.188,0.207,10.85,11.92,13.11,13.32,14.06,13.49,12.35,11.82,13.47,5.14
"2013-08-03 08:15:00",84166,0.114,0.188,0.207,10.92,11.86,13.07,13.29,14.04,13.49,12.31,11.77,13.47,5.874
"2013-08-03 08:30:00",84167,0.114,0.188,0.207,11.12,11.9,13.01,13.26,14.02,13.49,12.3,11.77,13.47,6.983
"2013-08-03 08:45:00",84168,0.114,0.188,0.207,11.37,11.97,12.98,13.21,14,13.48,12.36,11.84,13.47,8.1
"2013-08-03 09:00:00",84169,0.114,0.188,0.207,11.63,12.08,12.93,13.19,14,13.48,12.46,11.95,13.47,9.08
"2013-08-03 09:15:00",84170,0.114,0.188,0.207,11.85,12.2,12.91,13.17,14,13.48,12.58,12.07,13.47,10.09
"2013-08-03 09:30:00",84171,0.114,0.188,0.207,12.15,12.35,12.92,13.13,13.97,13.49,12.71,12.22,13.47,11.2
"2013-08-03 09:45:00",84172,0.114,0.188,0.207,12.44,12.51,12.94,13.09,13.95,13.5,12.87,12.39,13.47,12
"2013-08-03 10:00:00",84173,0.114,0.188,0.207,12.73,12.68,12.96,13.08,13.94,13.51,13.03,12.57,13.47,12.81
"2013-08-03 10:15:00",84174,0.114,0.188,0.207,13.04,12.86,13.01,13.07,13.91,13.49,13.19,12.75,13.47,13.64
"2013-08-03 10:30:00",84175,0.114,0.188,0.207,13.62,13.1,13.05,13.05,13.9,13.49,13.35,12.94,13.47,14.44
"2013-08-03 10:45:00",84176,0.114,0.188,0.207,14.51,13.49,13.1,13.04,13.89,13.5,13.55,13.18,13.47,15.17
"2013-08-03 11:00:00",84177,0.114,0.188,0.207,15.12,13.92,13.21,13.04,13.88,13.5,13.85,13.46,13.47,15.82
"2013-08-03 11:15:00",84178,0.114,0.188,0.207,15.55,14.3,13.32,13.05,13.85,13.5,14.3,13.75,13.47,16.36
"2013-08-03 11:30:00",84179,0.114,0.188,0.207,15.97,14.68,13.45,13.06,13.84,13.49,14.81,14.11,13.47,16.96
"2013-08-03 11:45:00",84180,0.114,0.188,0.207,16.8,15.07,13.6,13.08,13.84,13.5,15.3,14.53,13.47,17.56
"2013-08-03 12:00:00",84181,0.114,0.188,0.207,17.81,15.62,13.78,13.13,13.83,13.5,15.78,14.94,13.47,18.17
"2013-08-03 12:15:00",84182,0.114,0.187,0.206,18.62,16.22,13.97,13.16,13.82,13.51,16.2,15.31,13.47,18.69
"2013-08-03 12:30:00",84183,0.114,0.187,0.206,19.33,16.77,14.21,13.23,13.82,13.5,16.54,15.64,13.47,19.02
"2013-08-03 12:45:00",84184,0.114,0.187,0.206,19.8,17.29,14.47,13.28,13.8,13.5,16.9,15.95,13.47,19.23
"2013-08-03 13:00:00",84185,0.114,0.187,0.206,20.3,17.73,14.7,13.36,13.8,13.49,17.25,16.21,13.47,19.57
"2013-08-03 13:15:00",84186,0.114,0.187,0.206,20.51,18.11,14.97,13.47,13.8,13.5,17.61,16.4,13.47,20.13
"2013-08-03 13:30:00",84187,0.114,0.187,0.206,20.41,18.37,15.22,13.56,13.8,13.5,17.86,16.52,13.47,20.77
"2013-08-03 13:45:00",84188,0.114,0.187,0.206,20.17,18.49,15.45,13.67,13.81,13.51,18.06,16.61,13.47,21.42
"2013-08-03 14:00:00",84189,0.114,0.187,0.206,20.2,18.56,15.65,13.78,13.81,13.52,18.35,16.67,13.47,22.08
"2013-08-03 14:15:00",84190,0.114,0.187,0.206,20.24,18.64,15.86,13.88,13.81,13.52,18.64,16.71,13.47,22.39
"2013-08-03 14:30:00",84191,0.114,0.187,0.206,20.45,18.76,16.01,13.98,13.81,13.52,18.9,16.73,13.47,22.7
"2013-08-03 14:45:00",84192,0.114,0.187,0.206,20.41,18.87,16.14,14.08,13.82,13.51,19.03,16.75,13.47,22.84
"2013-08-03 15:00:00",84193,0.114,0.187,0.206,20.1,18.88,16.28,14.18,13.84,13.52,19.03,16.74,13.47,23.04
"2013-08-03 15:15:00",84194,0.114,0.187,0.206,19.79,18.81,16.38,14.28,13.86,13.51,18.96,16.74,13.47,23.18
"2013-08-03 15:30:00",84195,0.114,0.187,0.206,19.49,18.72,16.47,14.37,13.89,13.51,18.86,16.74,13.47,23.18
"2013-08-03 15:45:00",84196,0.114,0.187,0.206,19.23,18.61,16.54,14.48,13.9,13.51,18.75,16.74,13.47,22.67
"2013-08-03 16:00:00",84197,0.114,0.187,0.206,18.96,18.49,16.59,14.57,13.91,13.5,18.62,16.73,13.47,22.19
"2013-08-03 16:15:00",84198,0.113,0.187,0.206,18.73,18.32,16.63,14.64,13.95,13.51,18.48,16.71,13.47,21.48
"2013-08-03 16:30:00",84199,0.113,0.187,0.206,18.48,18.19,16.66,14.71,13.99,13.5,18.34,16.68,13.47,20.48
"2013-08-03 16:45:00",84200,0.113,0.187,0.206,18.19,18.04,16.68,14.76,14.01,13.49,18.21,16.64,13.47,19.42
"2013-08-03 17:00:00",84201,0.113,0.187,0.206,17.9,17.87,16.67,14.82,14.02,13.49,18.05,16.57,13.47,18.3
"2013-08-03 17:15:00",84202,0.113,0.187,0.206,17.61,17.68,16.65,14.85,14.06,13.49,17.88,16.48,13.46,17.39
"2013-08-03 17:30:00",84203,0.113,0.187,0.206,17.31,17.5,16.61,14.91,14.08,13.49,17.7,16.37,13.46,16.61
"2013-08-03 17:45:00",84204,0.113,0.187,0.206,17.02,17.31,16.56,14.95,14.1,13.49,17.52,16.26,13.47,15.95
"2013-08-03 18:00:00",84205,0.113,0.187,0.206,16.75,17.11,16.52,14.95,14.14,13.49,17.33,16.14,13.47,15.43
"2013-08-03 18:15:00",84206,0.113,0.187,0.206,16.53,16.91,16.46,14.98,14.16,13.49,17.16,16.02,13.46,14.97
"2013-08-03 18:30:00",84207,0.113,0.187,0.206,16.29,16.74,16.4,15.01,14.19,13.5,16.98,15.9,13.46,14.56
"2013-08-03 18:45:00",84208,0.113,0.187,0.206,16.09,16.58,16.34,15.02,14.19,13.5,16.82,15.78,13.46,14.25
"2013-08-03 19:00:00",84209,0.113,0.187,0.206,15.91,16.42,16.28,15.03,14.23,13.5,16.66,15.67,13.46,14.09
"2013-08-03 19:15:00",84210,0.113,0.186,0.206,15.75,16.27,16.19,15.02,14.26,13.5,16.52,15.56,13.46,13.87
"2013-08-03 19:30:00",84211,0.113,0.186,0.206,15.61,16.14,16.13,15.01,14.31,13.5,16.39,15.47,13.46,13.61
"2013-08-03 19:45:00",84212,0.113,0.186,0.206,15.49,16.02,16.05,15,14.32,13.5,16.27,15.38,13.46,13.47
"2013-08-03 20:00:00",84213,0.113,0.186,0.206,15.35,15.91,15.98,14.99,14.35,13.5,16.16,15.3,13.46,13.4
"2013-08-03 20:15:00",84214,0.113,0.186,0.206,15.24,15.79,15.92,14.96,14.37,13.5,16.07,15.23,13.46,13.14
"2013-08-03 20:30:00",84215,0.113,0.186,0.206,15.1,15.67,15.85,14.94,14.4,13.5,15.97,15.16,13.46,12.88
"2013-08-03 20:45:00",84216,0.113,0.186,0.205,14.96,15.57,15.79,14.91,14.4,13.5,15.87,15.08,13.47,12.56
"2013-08-03 21:00:00",84217,0.113,0.186,0.205,14.84,15.46,15.7,14.9,14.41,13.5,15.77,15,13.47,12.26
"2013-08-03 21:15:00",84218,0.113,0.186,0.205,14.71,15.36,15.63,14.9,14.42,13.51,15.67,14.91,13.47,11.98
"2013-08-03 21:30:00",84219,0.113,0.186,0.205,14.59,15.25,15.57,14.88,14.42,13.51,15.57,14.83,13.47,11.66
"2013-08-03 21:45:00",84220,0.113,0.186,0.205,14.45,15.15,15.5,14.84,14.44,13.5,15.47,14.75,13.47,11.18
"2013-08-03 22:00:00",84221,0.113,0.186,0.205,14.3,15.06,15.45,14.8,14.46,13.49,15.37,14.67,13.47,10.72
"2013-08-03 22:15:00",84222,0.113,0.186,0.205,14.15,14.94,15.37,14.76,14.47,13.49,15.27,14.58,13.46,10.22
"2013-08-03 22:30:00",84223,0.113,0.186,0.205,14.03,14.84,15.3,14.74,14.47,13.48,15.17,14.49,13.46,9.88
"2013-08-03 22:45:00",84224,0.113,0.186,0.206,13.94,14.72,15.24,14.72,14.48,13.48,15.07,14.4,13.46,9.64
"2013-08-03 23:00:00",84225,0.113,0.186,0.205,13.85,14.63,15.19,14.71,14.47,13.48,14.97,14.31,13.46,9.46
"2013-08-03 23:15:00",84226,0.113,0.186,0.205,13.75,14.54,15.11,14.66,14.47,13.47,14.88,14.24,13.47,9.5
"2013-08-03 23:30:00",84227,0.113,0.186,0.205,13.67,14.44,15.06,14.62,14.48,13.48,14.8,14.16,13.46,9.59
"2013-08-03 23:45:00",84228,0.113,0.186,0.205,13.59,14.35,14.98,14.62,14.48,13.47,14.72,14.09,13.46,9.79
"2013-08-04 00:00:00",84229,0.113,0.186,0.205,13.55,14.28,14.94,14.58,14.48,13.49,14.65,14.03,13.47,10.02
"2013-08-04 00:15:00",84230,0.113,0.186,0.205,13.49,14.21,14.87,14.54,14.48,13.48,14.58,13.98,13.47,10.25
"2013-08-04 00:30:00",84231,0.113,0.186,0.205,13.44,14.16,14.8,14.51,14.48,13.49,14.53,13.93,13.47,10.36
"2013-08-04 00:45:00",84232,0.113,0.186,0.205,13.39,14.1,14.75,14.48,14.48,13.49,14.48,13.9,13.46,10.45
"2013-08-04 01:00:00",84233,0.113,0.186,0.205,13.36,14.06,14.7,14.44,14.47,13.49,14.44,13.85,13.46,10.54
"2013-08-04 01:15:00",84234,0.113,0.186,0.205,13.32,14.03,14.66,14.4,14.48,13.5,14.39,13.82,13.46,10.61
"2013-08-04 01:30:00",84235,0.113,0.186,0.205,13.3,13.97,14.62,14.36,14.47,13.49,14.35,13.79,13.47,10.58
"2013-08-04 01:45:00",84236,0.112,0.186,0.205,13.23,13.95,14.57,14.31,14.47,13.5,14.31,13.76,13.47,10.47
"2013-08-04 02:00:00",84237,0.112,0.186,0.205,13.17,13.88,14.54,14.27,14.47,13.5,14.26,13.72,13.47,10.31
"2013-08-04 02:15:00",84238,0.112,0.186,0.205,13.1,13.84,14.5,14.24,14.47,13.51,14.21,13.67,13.47,10.2
"2013-08-04 02:30:00",84239,0.112,0.186,0.205,13.08,13.79,14.45,14.23,14.46,13.5,14.16,13.63,13.46,10.22
"2013-08-04 02:45:00",84240,0.113,0.186,0.205,13.08,13.75,14.42,14.19,14.44,13.51,14.11,13.59,13.46,10.58
"2013-08-04 03:00:00",84241,0.112,0.186,0.205,13.08,13.75,14.37,14.16,14.43,13.52,14.08,13.57,13.46,11.13
"2013-08-04 03:15:00",84242,0.113,0.186,0.205,13.13,13.74,14.33,14.15,14.43,13.52,14.07,13.57,13.47,11.75
"2013-08-04 03:30:00",84243,0.112,0.186,0.205,13.17,13.75,14.33,14.13,14.42,13.53,14.06,13.58,13.47,12.19
"2013-08-04 03:45:00",84244,0.113,0.186,0.205,13.2,13.75,14.28,14.09,14.42,13.52,14.07,13.59,13.47,12.37
"2013-08-04 04:00:00",84245,0.113,0.186,0.205,13.2,13.75,14.25,14.06,14.41,13.53,14.07,13.6,13.47,12.46
"2013-08-04 04:15:00",84246,0.113,0.186,0.205,13.21,13.75,14.22,14.04,14.41,13.54,14.07,13.61,13.47,12.44
"2013-08-04 04:30:00",84247,0.112,0.186,0.205,13.18,13.73,14.2,14.04,14.4,13.54,14.06,13.61,13.47,12.16
"2013-08-04 04:45:00",84248,0.113,0.186,0.205,13.11,13.71,14.17,14,14.41,13.54,14.04,13.61,13.47,11.77
"2013-08-04 05:00:00",84249,0.113,0.186,0.205,13.07,13.66,14.15,13.99,14.39,13.54,14.01,13.58,13.47,11.36
"2013-08-04 05:15:00",84250,0.113,0.186,0.205,13,13.64,14.12,13.95,14.38,13.53,13.98,13.55,13.47,10.9
"2013-08-04 05:30:00",84251,0.112,0.186,0.205,12.95,13.6,14.1,13.93,14.38,13.54,13.94,13.51,13.47,10.56
"2013-08-04 05:45:00",84252,0.112,0.186,0.205,12.84,13.54,14.08,13.92,14.36,13.55,13.9,13.48,13.46,10.09
"2013-08-04 06:00:00",84253,0.112,0.186,0.205,12.75,13.49,14.06,13.91,14.35,13.55,13.84,13.43,13.46,9.57
"2013-08-04 06:15:00",84254,0.112,0.186,0.205,12.65,13.41,14.04,13.89,14.34,13.56,13.78,13.37,13.46,9.12
"2013-08-04 06:30:00",84255,0.112,0.186,0.205,12.54,13.36,14,13.87,14.34,13.57,13.71,13.3,13.47,8.83
"2013-08-04 06:45:00",84256,0.112,0.186,0.205,12.46,13.28,13.96,13.86,14.33,13.57,13.65,13.24,13.47,8.66
"2013-08-04 07:00:00",84257,0.112,0.186,0.205,12.42,13.25,13.95,13.83,14.3,13.57,13.59,13.18,13.47,8.66
"2013-08-04 07:15:00",84258,0.112,0.186,0.205,12.42,13.2,13.9,13.81,14.26,13.57,13.54,13.13,13.47,8.83
"2013-08-04 07:30:00",84259,0.112,0.186,0.205,12.43,13.17,13.87,13.78,14.25,13.57,13.52,13.11,13.47,9.03
"2013-08-04 07:45:00",84260,0.112,0.186,0.205,12.46,13.16,13.84,13.77,14.25,13.57,13.5,13.1,13.47,9.12
"2013-08-04 08:00:00",84261,0.112,0.186,0.205,12.49,13.14,13.81,13.76,14.24,13.58,13.5,13.09,13.47,9.28
"2013-08-04 08:15:00",84262,0.112,0.186,0.205,12.57,13.15,13.77,13.71,14.24,13.57,13.5,13.1,13.47,9.68
"2013-08-04 08:30:00",84263,0.112,0.186,0.205,12.73,13.19,13.76,13.69,14.23,13.58,13.52,13.13,13.47,10.49
"2013-08-04 08:45:00",84264,0.112,0.186,0.205,12.94,13.26,13.75,13.68,14.2,13.58,13.59,13.19,13.46,11.43
"2013-08-04 09:00:00",84265,0.112,0.186,0.205,13.14,13.37,13.75,13.67,14.19,13.58,13.68,13.27,13.47,12.3
"2013-08-04 09:15:00",84266,0.112,0.186,0.205,13.33,13.48,13.75,13.66,14.18,13.59,13.8,13.38,13.47,13.02
"2013-08-04 09:30:00",84267,0.112,0.186,0.205,13.57,13.59,13.75,13.62,14.17,13.59,13.92,13.49,13.47,13.9
"2013-08-04 09:45:00",84268,0.112,0.186,0.205,13.86,13.73,13.76,13.6,14.15,13.59,14.06,13.63,13.47,14.95
"2013-08-04 10:00:00",84269,0.112,0.186,0.205,14.17,13.92,13.81,13.61,14.15,13.58,14.24,13.8,13.47,15.77
"2013-08-04 10:15:00",84270,0.112,0.186,0.205,14.53,14.11,13.84,13.61,14.16,13.59,14.43,13.99,13.47,16.49
"2013-08-04 10:30:00",84271,0.113,0.186,0.205,15.08,14.34,13.91,13.61,14.16,13.57,14.61,14.18,13.47,17.14
"2013-08-04 10:45:00",84272,0.113,0.186,0.205,15.81,14.71,13.97,13.62,14.15,13.57,14.84,14.42,13.47,17.69
"2013-08-04 11:00:00",84273,0.113,0.186,0.205,16.41,15.09,14.06,13.63,14.13,13.58,15.18,14.68,13.47,18.2
"2013-08-04 11:15:00",84274,0.113,0.186,0.205,16.84,15.47,14.2,13.63,14.11,13.57,15.65,14.96,13.47,18.61
"2013-08-04 11:30:00",84275,0.113,0.186,0.205,17.27,15.85,14.35,13.63,14.11,13.59,16.17,15.33,13.47,18.95
"2013-08-04 11:45:00",84276,0.113,0.186,0.205,18.06,16.24,14.51,13.68,14.11,13.58,16.66,15.74,13.47,19.26
"2013-08-04 12:00:00",84277,0.113,0.186,0.205,19.01,16.75,14.67,13.73,14.1,13.59,17.12,16.15,13.47,19.65
"2013-08-04 12:15:00",84278,0.113,0.186,0.205,19.93,17.36,14.86,13.77,14.1,13.59,17.52,16.53,13.47,20
"2013-08-04 12:30:00",84279,0.113,0.186,0.205,20.73,17.95,15.09,13.85,14.1,13.59,17.85,16.86,13.47,20.26
"2013-08-04 12:45:00",84280,0.112,0.186,0.204,21.32,18.51,15.34,13.91,14.11,13.6,18.22,17.17,13.47,20.45
"2013-08-04 13:00:00",84281,0.112,0.186,0.204,21.81,19.02,15.6,13.99,14.11,13.59,18.61,17.44,13.47,20.69
"2013-08-04 13:15:00",84282,0.112,0.186,0.204,21.75,19.36,15.89,14.08,14.1,13.59,18.97,17.61,13.47,21.04
"2013-08-04 13:30:00",84283,0.112,0.186,0.204,21.48,19.53,16.14,14.17,14.11,13.59,19.19,17.71,13.47,21.45
"2013-08-04 13:45:00",84284,0.112,0.186,0.204,21.3,19.58,16.37,14.28,14.11,13.6,19.33,17.75,13.47,22.11
"2013-08-04 14:00:00",84285,0.112,0.186,0.204,21.4,19.65,16.57,14.43,14.12,13.6,19.56,17.79,13.47,22.81
"2013-08-04 14:15:00",84286,0.112,0.185,0.204,21.62,19.8,16.75,14.54,14.14,13.62,19.83,17.82,13.46,23.32
"2013-08-04 14:30:00",84287,0.112,0.185,0.204,21.83,19.97,16.89,14.66,14.15,13.61,20.06,17.84,13.46,23.61
"2013-08-04 14:45:00",84288,0.112,0.185,0.204,21.67,20.07,17.03,14.76,14.16,13.61,20.16,17.83,13.46,23.27
"2013-08-04 15:00:00",84289,0.112,0.185,0.204,21.21,20.04,17.18,14.86,14.16,13.61,20.11,17.81,13.46,22.45
"2013-08-04 15:15:00",84290,0.112,0.185,0.204,20.8,19.9,17.31,14.96,14.19,13.61,20,17.78,13.46,22
"2013-08-04 15:30:00",84291,0.112,0.185,0.204,20.42,19.71,17.38,15.07,14.22,13.61,19.86,17.75,13.46,21.02
"2013-08-04 15:45:00",84292,0.112,0.185,0.204,20.02,19.52,17.45,15.15,14.24,13.6,19.69,17.7,13.46,20.08
"2013-08-04 16:00:00",84293,0.112,0.185,0.204,19.65,19.31,17.46,15.23,14.29,13.6,19.51,17.62,13.46,19.26
"2013-08-04 16:15:00",84294,0.112,0.185,0.204,19.3,19.1,17.47,15.3,14.33,13.59,19.32,17.54,13.46,18.69
"2013-08-04 16:30:00",84295,0.111,0.185,0.204,19,18.91,17.46,15.38,14.35,13.58,19.13,17.45,13.46,18.28
"2013-08-04 16:45:00",84296,0.111,0.185,0.204,18.74,18.72,17.46,15.45,14.39,13.58,18.96,17.36,13.46,18.02
"2013-08-04 17:00:00",84297,0.111,0.185,0.204,18.5,18.55,17.44,15.48,14.43,13.59,18.8,17.28,13.46,17.59
"2013-08-04 17:15:00",84298,0.111,0.185,0.204,18.21,18.33,17.39,15.53,14.44,13.59,18.63,17.19,13.46,16.98
"2013-08-04 17:30:00",84299,0.111,0.185,0.204,17.92,18.13,17.31,15.56,14.47,13.58,18.45,17.08,13.45,16.36
"2013-08-04 17:45:00",84300,0.111,0.185,0.204,17.63,17.94,17.27,15.56,14.52,13.59,18.26,16.96,13.46,15.7
"2013-08-04 18:00:00",84301,0.111,0.185,0.204,17.36,17.73,17.18,15.6,14.53,13.58,18.07,16.83,13.45,15.21
"2013-08-04 18:15:00",84302,0.111,0.185,0.204,17.09,17.55,17.1,15.61,14.56,13.59,17.87,16.7,13.46,14.8
"2013-08-04 18:30:00",84303,0.111,0.185,0.204,16.87,17.37,17.01,15.61,14.59,13.59,17.69,16.57,13.46,14.47
"2013-08-04 18:45:00",84304,0.111,0.185,0.204,16.68,17.19,16.95,15.62,14.62,13.6,17.51,16.44,13.46,14.28
"2013-08-04 19:00:00",84305,0.111,0.185,0.204,16.5,17.01,16.89,15.61,14.65,13.59,17.35,16.32,13.46,14.06
"2013-08-04 19:15:00",84306,0.111,0.185,0.204,16.3,16.85,16.8,15.61,14.66,13.6,17.2,16.21,13.46,13.71
"2013-08-04 19:30:00",84307,0.111,0.185,0.203,16.11,16.7,16.73,15.58,14.67,13.6,17.06,16.11,13.46,13.05
"2013-08-04 19:45:00",84308,0.111,0.185,0.203,15.92,16.54,16.63,15.56,14.7,13.6,16.91,15.99,13.46,12.35
"2013-08-04 20:00:00",84309,0.111,0.185,0.203,15.75,16.4,16.57,15.54,14.73,13.6,16.77,15.87,13.46,11.79
"2013-08-04 20:15:00",84310,0.111,0.185,0.203,15.58,16.27,16.49,15.53,14.75,13.61,16.62,15.76,13.46,11.29
"2013-08-04 20:30:00",84311,0.111,0.185,0.203,15.36,16.12,16.39,15.52,14.75,13.61,16.48,15.64,13.46,10.74
"2013-08-04 20:45:00",84312,0.111,0.184,0.203,15.16,15.96,16.31,15.48,14.76,13.61,16.34,15.52,13.46,10.29
"2013-08-04 21:00:00",84313,0.111,0.184,0.203,14.97,15.81,16.24,15.45,14.77,13.61,16.2,15.39,13.46,9.95
"2013-08-04 21:15:00",84314,0.111,0.184,0.203,14.78,15.64,16.15,15.41,14.8,13.6,16.05,15.26,13.46,9.57
"2013-08-04 21:30:00",84315,0.111,0.184,0.203,14.6,15.49,16.06,15.39,14.81,13.6,15.91,15.14,13.46,9.19
"2013-08-04 21:45:00",84316,0.111,0.184,0.203,14.4,15.35,15.99,15.33,14.82,13.6,15.77,15,13.47,8.88
"2013-08-04 22:00:00",84317,0.111,0.184,0.203,14.25,15.21,15.9,15.28,14.82,13.6,15.63,14.87,13.46,8.63
"2013-08-04 22:15:00",84318,0.111,0.184,0.203,14.08,15.08,15.81,15.25,14.83,13.59,15.49,14.75,13.46,8.39
"2013-08-04 22:30:00",84319,0.111,0.184,0.203,13.95,14.94,15.71,15.21,14.82,13.59,15.36,14.63,13.46,8.19
"2013-08-04 22:45:00",84320,0.111,0.184,0.203,13.83,14.82,15.59,15.17,14.82,13.59,15.24,14.51,13.46,8.08
"2013-08-04 23:00:00",84321,0.11,0.184,0.203,13.73,14.7,15.51,15.12,14.82,13.6,15.12,14.41,13.46,8.08
"2013-08-04 23:15:00",84322,0.11,0.184,0.203,13.63,14.6,15.41,15.09,14.82,13.6,15.02,14.31,13.46,8.1
"2013-08-04 23:30:00",84323,0.11,0.184,0.203,13.51,14.49,15.34,15.04,14.82,13.6,14.92,14.22,13.46,8.1
"2013-08-04 23:45:00",84324,0.11,0.184,0.203,13.39,14.36,15.27,15,14.82,13.6,14.82,14.13,13.46,8.15
"2013-08-05 00:00:00",84325,0.11,0.184,0.203,13.31,14.27,15.19,14.96,14.82,13.61,14.73,14.05,13.46,8.26
"2013-08-05 00:15:00",84326,0.11,0.184,0.203,13.24,14.18,15.11,14.9,14.82,13.62,14.65,13.97,13.46,8.48
"2013-08-05 00:30:00",84327,0.11,0.184,0.203,13.19,14.12,15.04,14.86,14.82,13.62,14.56,13.9,13.46,8.7
"2013-08-05 00:45:00",84328,0.11,0.184,0.203,13.18,14.06,14.97,14.82,14.82,13.62,14.5,13.84,13.46,8.99
"2013-08-05 01:00:00",84329,0.11,0.184,0.203,13.15,14,14.9,14.77,14.82,13.63,14.44,13.8,13.46,9.24
"2013-08-05 01:15:00",84330,0.11,0.184,0.203,13.12,13.96,14.83,14.73,14.82,13.62,14.4,13.76,13.47,9.44
"2013-08-05 01:30:00",84331,0.11,0.184,0.203,13.1,13.93,14.78,14.69,14.82,13.62,14.36,13.73,13.47,9.66
"2013-08-05 01:45:00",84332,0.11,0.184,0.203,13.09,13.88,14.71,14.64,14.81,13.63,14.32,13.7,13.47,9.95
"2013-08-05 02:00:00",84333,0.11,0.184,0.203,13.09,13.85,14.67,14.62,14.79,13.62,14.29,13.69,13.47,10.2
"2013-08-05 02:15:00",84334,0.11,0.184,0.203,13.08,13.84,14.64,14.57,14.77,13.63,14.26,13.67,13.46,10.31
"2013-08-05 02:30:00",84335,0.11,0.184,0.203,13.08,13.81,14.58,14.51,14.76,13.62,14.24,13.66,13.46,10.18
"2013-08-05 02:45:00",84336,0.11,0.184,0.203,13.04,13.77,14.54,14.49,14.74,13.64,14.21,13.64,13.46,9.82
"2013-08-05 03:00:00",84337,0.11,0.184,0.203,12.96,13.74,14.52,14.46,14.72,13.64,14.17,13.61,13.46,9.35
"2013-08-05 03:15:00",84338,0.11,0.184,0.203,12.88,13.69,14.47,14.42,14.72,13.63,14.12,13.57,13.46,8.88
"2013-08-05 03:30:00",84339,0.11,0.184,0.203,12.78,13.62,14.44,14.36,14.72,13.65,14.06,13.51,13.46,8.41
"2013-08-05 03:45:00",84340,0.11,0.184,0.203,12.68,13.56,14.42,14.34,14.72,13.66,13.99,13.46,13.46,8.06
"2013-08-05 04:00:00",84341,0.11,0.184,0.203,12.59,13.49,14.37,14.29,14.72,13.66,13.92,13.39,13.46,7.729
"2013-08-05 04:15:00",84342,0.11,0.184,0.203,12.49,13.42,14.31,14.24,14.7,13.67,13.85,13.33,13.46,7.618
"2013-08-05 04:30:00",84343,0.11,0.184,0.203,12.43,13.37,14.27,14.23,14.68,13.67,13.79,13.27,13.46,7.598
"2013-08-05 04:45:00",84344,0.11,0.184,0.203,12.4,13.31,14.19,14.2,14.67,13.67,13.74,13.22,13.46,7.641
"2013-08-05 05:00:00",84345,0.11,0.184,0.203,12.37,13.27,14.15,14.15,14.65,13.67,13.69,13.18,13.46,7.686
"2013-08-05 05:15:00",84346,0.11,0.184,0.203,12.33,13.24,14.1,14.11,14.63,13.68,13.64,13.14,13.46,7.575
"2013-08-05 05:30:00",84347,0.11,0.184,0.202,12.28,13.18,14.05,14.09,14.62,13.67,13.6,13.1,13.46,7.399
"2013-08-05 05:45:00",84348,0.11,0.184,0.202,12.2,13.1,14.03,14.07,14.59,13.67,13.56,13.06,13.46,7.114
"2013-08-05 06:00:00",84349,0.11,0.184,0.202,12.11,13.03,13.97,14.03,14.58,13.67,13.5,13,13.46,6.809
"2013-08-05 06:15:00",84350,0.11,0.184,0.202,12,12.97,13.95,13.99,14.57,13.68,13.43,12.94,13.46,6.547
"2013-08-05 06:30:00",84351,0.11,0.184,0.202,11.9,12.89,13.91,13.97,14.57,13.68,13.35,12.86,13.46,6.33
"2013-08-05 06:45:00",84352,0.11,0.184,0.202,11.79,12.81,13.86,13.95,14.55,13.68,13.27,12.78,13.46,6.113
"2013-08-05 07:00:00",84353,0.11,0.184,0.202,11.7,12.74,13.82,13.91,14.54,13.68,13.2,12.71,13.46,5.96
"2013-08-05 07:15:00",84354,0.11,0.184,0.202,11.65,12.65,13.77,13.87,14.52,13.68,13.12,12.63,13.46,5.831
"2013-08-05 07:30:00",84355,0.11,0.184,0.202,11.55,12.59,13.72,13.87,14.51,13.68,13.05,12.56,13.46,5.765
"2013-08-05 07:45:00",84356,0.11,0.184,0.202,11.49,12.52,13.67,13.83,14.49,13.68,12.99,12.49,13.46,5.788
"2013-08-05 08:00:00",84357,0.11,0.184,0.202,11.48,12.48,13.61,13.79,14.46,13.68,12.94,12.44,13.46,6.025
"2013-08-05 08:15:00",84358,0.11,0.184,0.202,11.55,12.46,13.57,13.75,14.45,13.68,12.9,12.4,13.46,6.701
"2013-08-05 08:30:00",84359,0.11,0.184,0.202,11.72,12.47,13.52,13.73,14.45,13.69,12.9,12.4,13.46,8.35
"2013-08-05 08:45:00",84360,0.11,0.184,0.202,11.92,12.52,13.48,13.68,14.45,13.72,12.94,12.45,13.46,9.91
"2013-08-05 09:00:00",84361,0.11,0.184,0.202,12.15,12.6,13.44,13.66,14.42,13.71,13.01,12.54,13.47,11.13
"2013-08-05 09:15:00",84362,0.11,0.184,0.202,12.36,12.71,13.43,13.63,14.41,13.7,13.12,12.66,13.46,12.39
"2013-08-05 09:30:00",84363,0.11,0.184,0.202,12.62,12.85,13.44,13.6,14.42,13.7,13.23,12.79,13.46,13.33
"2013-08-05 09:45:00",84364,0.11,0.184,0.202,12.86,12.99,13.45,13.58,14.39,13.7,13.35,12.93,13.46,13.99
"2013-08-05 10:00:00",84365,0.11,0.184,0.202,13.12,13.15,13.45,13.55,14.36,13.69,13.47,13.08,13.46,14.56
"2013-08-05 10:15:00",84366,0.11,0.184,0.202,13.48,13.34,13.49,13.53,14.33,13.7,13.61,13.24,13.46,15.09
"2013-08-05 10:30:00",84367,0.111,0.184,0.202,13.99,13.56,13.53,13.51,14.31,13.69,13.77,13.43,13.46,15.65
"2013-08-05 10:45:00",84368,0.111,0.184,0.202,14.82,13.89,13.58,13.51,14.31,13.69,13.99,13.67,13.46,16.27
"2013-08-05 11:00:00",84369,0.111,0.184,0.202,15.47,14.3,13.67,13.52,14.29,13.69,14.33,13.96,13.46,16.84
"2013-08-05 11:15:00",84370,0.111,0.184,0.202,15.94,14.73,13.78,13.5,14.25,13.69,14.8,14.27,13.47,17.44
"2013-08-05 11:30:00",84371,0.111,0.184,0.202,16.42,15.1,13.9,13.52,14.22,13.69,15.34,14.65,13.47,18.07
"2013-08-05 11:45:00",84372,0.111,0.184,0.202,17.25,15.51,14.05,13.54,14.21,13.7,15.85,15.09,13.47,18.69
"2013-08-05 12:00:00",84373,0.111,0.184,0.202,18.2,16.07,14.24,13.58,14.2,13.71,16.33,15.54,13.46,19.26
"2013-08-05 12:15:00",84374,0.111,0.184,0.202,19.12,16.65,14.45,13.63,14.2,13.7,16.71,15.96,13.46,19.76
"2013-08-05 12:30:00",84375,0.111,0.184,0.202,19.99,17.29,14.67,13.67,14.19,13.7,17.08,16.33,13.46,20.21
"2013-08-05 12:45:00",84376,0.111,0.184,0.202,20.65,17.86,14.91,13.75,14.17,13.7,17.5,16.67,13.46,20.53
"2013-08-05 13:00:00",84377,0.111,0.184,0.202,21.19,18.4,15.18,13.81,14.15,13.71,17.95,16.98,13.46,20.74
"2013-08-05 13:15:00",84378,0.111,0.184,0.202,21.24,18.8,15.45,13.9,14.16,13.71,18.35,17.19,13.47,21.07
"2013-08-05 13:30:00",84379,0.111,0.184,0.202,21.06,19.02,15.73,14,14.15,13.71,18.61,17.32,13.47,21.56
"2013-08-05 13:45:00",84380,0.11,0.184,0.202,20.9,19.13,16,14.1,14.15,13.72,18.83,17.4,13.47,22.25
"2013-08-05 14:00:00",84381,0.11,0.184,0.202,20.96,19.24,16.21,14.22,14.16,13.72,19.12,17.46,13.46,22.9
"2013-08-05 14:15:00",84382,0.11,0.184,0.202,21.18,19.36,16.39,14.33,14.16,13.72,19.43,17.5,13.46,23.5
"2013-08-05 14:30:00",84383,0.11,0.184,0.202,21.49,19.54,16.56,14.47,14.18,13.72,19.68,17.54,13.46,24.22
"2013-08-05 14:45:00",84384,0.11,0.183,0.202,21.45,19.69,16.72,14.58,14.19,13.72,19.81,17.56,13.46,24.48
"2013-08-05 15:00:00",84385,0.11,0.183,0.201,21.13,19.73,16.86,14.69,14.21,13.72,19.82,17.57,13.46,24.45
"2013-08-05 15:15:00",84386,0.11,0.183,0.201,20.79,19.67,16.98,14.78,14.24,13.72,19.76,17.58,13.46,24.45
"2013-08-05 15:30:00",84387,0.11,0.183,0.201,20.5,19.56,17.1,14.89,14.28,13.71,19.66,17.59,13.46,24.19
"2013-08-05 15:45:00",84388,0.11,0.183,0.201,20.2,19.45,17.18,14.98,14.3,13.72,19.55,17.59,13.46,23.67
"2013-08-05 16:00:00",84389,0.11,0.183,0.201,19.95,19.32,17.26,15.07,14.33,13.72,19.42,17.58,13.46,23.41
"2013-08-05 16:15:00",84390,0.11,0.183,0.201,19.7,19.19,17.32,15.15,14.37,13.71,19.3,17.57,13.46,22.87
"2013-08-05 16:30:00",84391,0.11,0.183,0.201,19.45,19.05,17.35,15.23,14.38,13.71,19.17,17.54,13.46,22.06
"2013-08-05 16:45:00",84392,0.11,0.183,0.201,19.15,18.9,17.35,15.28,14.41,13.71,19.04,17.51,13.46,21.1
"2013-08-05 17:00:00",84393,0.11,0.183,0.201,18.85,18.73,17.35,15.36,14.45,13.72,18.91,17.45,13.46,20.02
"2013-08-05 17:15:00",84394,0.109,0.183,0.201,18.59,18.57,17.35,15.43,14.47,13.71,18.75,17.37,13.46,19.08
"2013-08-05 17:30:00",84395,0.109,0.183,0.201,18.35,18.37,17.33,15.47,14.49,13.7,18.59,17.29,13.46,18.23
"2013-08-05 17:45:00",84396,0.109,0.183,0.201,18.08,18.19,17.29,15.51,14.53,13.7,18.43,17.2,13.46,17.46
"2013-08-05 18:00:00",84397,0.11,0.183,0.201,17.84,18.03,17.23,15.55,14.56,13.69,18.26,17.1,13.45,16.76
"2013-08-05 18:15:00",84398,0.109,0.183,0.201,17.61,17.86,17.17,15.56,14.58,13.69,18.1,17,13.46,16.07
"2013-08-05 18:30:00",84399,0.109,0.183,0.201,17.37,17.68,17.11,15.56,14.6,13.68,17.94,16.89,13.46,15.53
"2013-08-05 18:45:00",84400,0.109,0.183,0.201,17.14,17.52,17.02,15.58,14.64,13.69,17.78,16.77,13.46,15.09
"2013-08-05 19:00:00",84401,0.109,0.183,0.201,16.94,17.36,16.98,15.6,14.66,13.69,17.62,16.66,13.46,14.56
"2013-08-05 19:15:00",84402,0.109,0.183,0.201,16.71,17.2,16.91,15.61,14.68,13.7,17.47,16.55,13.46,13.85
"2013-08-05 19:30:00",84403,0.109,0.183,0.201,16.49,17.01,16.87,15.61,14.72,13.7,17.32,16.43,13.46,13.12
"2013-08-05 19:45:00",84404,0.109,0.183,0.201,16.24,16.84,16.77,15.6,14.74,13.7,17.16,16.3,13.46,12.35
"2013-08-05 20:00:00",84405,0.109,0.183,0.201,16.02,16.67,16.71,15.58,14.75,13.7,16.99,16.16,13.46,11.63
"2013-08-05 20:15:00",84406,0.109,0.183,0.201,15.8,16.5,16.63,15.58,14.76,13.7,16.83,16.01,13.46,10.99
"2013-08-05 20:30:00",84407,0.109,0.183,0.201,15.57,16.34,16.54,15.56,14.79,13.7,16.67,15.87,13.46,10.45
"2013-08-05 20:45:00",84408,0.109,0.183,0.201,15.35,16.16,16.45,15.53,14.81,13.71,16.5,15.72,13.46,9.95
"2013-08-05 21:00:00",84409,0.109,0.183,0.201,15.15,15.99,16.36,15.5,14.82,13.71,16.35,15.58,13.46,9.48
"2013-08-05 21:15:00",84410,0.109,0.183,0.201,14.92,15.84,16.28,15.49,14.83,13.71,16.19,15.44,13.46,8.94
"2013-08-05 21:30:00",84411,0.109,0.183,0.201,14.71,15.65,16.2,15.48,14.84,13.71,16.03,15.29,13.46,8.57
"2013-08-05 21:45:00",84412,0.109,0.183,0.201,14.53,15.48,16.11,15.44,14.86,13.71,15.87,15.14,13.46,8.37
"2013-08-05 22:00:00",84413,0.109,0.183,0.2,14.38,15.34,16.02,15.39,14.87,13.7,15.73,15.01,13.46,8.23
"2013-08-05 22:15:00",84414,0.109,0.183,0.2,14.25,15.2,15.92,15.34,14.88,13.7,15.61,14.89,13.46,8.17
"2013-08-05 22:30:00",84415,0.109,0.183,0.2,14.13,15.08,15.83,15.29,14.89,13.7,15.49,14.78,13.46,8.33
"2013-08-05 22:45:00",84416,0.109,0.183,0.2,14.09,14.99,15.75,15.25,14.9,13.71,15.38,14.69,13.46,8.59
"2013-08-05 23:00:00",84417,0.109,0.183,0.2,14.06,14.91,15.64,15.22,14.91,13.71,15.3,14.62,13.46,9.1
"2013-08-05 23:15:00",84418,0.109,0.182,0.2,14.05,14.87,15.56,15.18,14.91,13.72,15.23,14.56,13.46,9.46
"2013-08-05 23:30:00",84419,0.109,0.182,0.2,14.01,14.8,15.48,15.15,14.91,13.71,15.18,14.53,13.46,9.64
"2013-08-05 23:45:00",84420,0.109,0.182,0.2,13.99,14.74,15.41,15.09,14.91,13.71,15.13,14.49,13.46,9.77
"2013-08-06 00:00:00",84421,0.109,0.182,0.2,13.95,14.7,15.35,15.05,14.9,13.71,15.08,14.46,13.46,9.84
"2013-08-06 00:15:00",84422,0.109,0.182,0.2,13.9,14.63,15.29,15.02,14.91,13.71,15.04,14.42,13.46,9.97
"2013-08-06 00:30:00",84423,0.109,0.182,0.2,13.89,14.6,15.24,14.98,14.9,13.71,14.98,14.38,13.46,10.22
"2013-08-06 00:45:00",84424,0.109,0.182,0.2,13.84,14.55,15.19,14.92,14.88,13.72,14.94,14.35,13.46,10.29
"2013-08-06 01:00:00",84425,0.109,0.182,0.2,13.79,14.52,15.15,14.88,14.88,13.72,14.9,14.32,13.46,10.25
"2013-08-06 01:15:00",84426,0.109,0.182,0.2,13.74,14.44,15.09,14.86,14.87,13.71,14.85,14.28,13.46,10.2
"2013-08-06 01:30:00",84427,0.109,0.182,0.2,13.68,14.4,15.07,14.82,14.86,13.72,14.8,14.24,13.46,10.16
"2013-08-06 01:45:00",84428,0.109,0.182,0.2,13.61,14.33,15.01,14.77,14.85,13.72,14.75,14.2,13.46,9.93
"2013-08-06 02:00:00",84429,0.109,0.182,0.2,13.5,14.27,14.96,14.75,14.85,13.72,14.69,14.15,13.46,9.59
"2013-08-06 02:15:00",84430,0.109,0.182,0.2,13.37,14.18,14.93,14.72,14.84,13.72,14.62,14.08,13.46,9.24
"2013-08-06 02:30:00",84431,0.109,0.183,0.2,13.28,14.12,14.87,14.7,14.83,13.71,14.55,14.01,13.46,8.97
"2013-08-06 02:45:00",84432,0.109,0.183,0.2,13.2,14.05,14.8,14.66,14.83,13.72,14.47,13.94,13.46,8.63
"2013-08-06 03:00:00",84433,0.109,0.183,0.2,13.09,13.97,14.77,14.62,14.83,13.72,14.39,13.86,13.46,8.33
"2013-08-06 03:15:00",84434,0.109,0.183,0.2,12.97,13.89,14.71,14.62,14.82,13.72,14.32,13.79,13.46,7.993
"2013-08-06 03:30:00",84435,0.109,0.183,0.2,12.85,13.8,14.66,14.57,14.82,13.72,14.23,13.71,13.46,7.794
"2013-08-06 03:45:00",84436,0.109,0.183,0.2,12.76,13.7,14.63,14.52,14.82,13.72,14.15,13.63,13.46,7.575
"2013-08-06 04:00:00",84437,0.109,0.183,0.2,12.65,13.62,14.56,14.48,14.82,13.73,14.07,13.55,13.46,7.356
"2013-08-06 04:15:00",84438,0.109,0.183,0.2,12.55,13.55,14.52,14.46,14.79,13.73,13.99,13.47,13.46,7.202
"2013-08-06 04:30:00",84439,0.109,0.182,0.2,12.44,13.47,14.45,14.44,14.78,13.75,13.92,13.4,13.46,7.094
"2013-08-06 04:45:00",84440,0.109,0.183,0.2,12.36,13.38,14.4,14.37,14.77,13.73,13.84,13.32,13.46,6.94
"2013-08-06 05:00:00",84441,0.109,0.183,0.2,12.26,13.32,14.34,14.34,14.74,13.74,13.76,13.24,13.46,6.766
"2013-08-06 05:15:00",84442,0.109,0.183,0.2,12.15,13.23,14.29,14.3,14.73,13.74,13.68,13.16,13.46,6.524
"2013-08-06 05:30:00",84443,0.109,0.183,0.2,12.03,13.12,14.21,14.25,14.73,13.74,13.59,13.08,13.46,6.265
"2013-08-06 05:45:00",84444,0.109,0.183,0.2,11.93,13.01,14.15,14.21,14.71,13.75,13.5,12.98,13.46,6.005
"2013-08-06 06:00:00",84445,0.109,0.182,0.2,11.81,12.93,14.08,14.19,14.69,13.76,13.41,12.89,13.46,5.788
